0,1,594.00,338.00,52.00,50.00,1,-1,-1,-1
0,2,658.00,1311.00,46.00,47.00,1,-1,-1,-1
0,3,673.00,1420.00,46.00,45.00,1,-1,-1,-1
1,1,603.56,338.87,51.10,49.13,1,-1,-1,-1
1,2,658.42,1311.00,47.76,48.74,1,-1,-1,-1
1,3,673.39,1418.26,49.57,48.47,1,-1,-1,-1
2,1,613.82,337.45,51.76,49.77,1,-1,-1,-1
2,2,656.91,1310.23,47.38,48.27,1,-1,-1,-1
2,3,673.45,1414.94,49.44,48.32,1,-1,-1,-1
3,1,625.20,337.75,51.19,49.22,1,-1,-1,-1
3,2,655.62,1309.22,48.05,48.84,1,-1,-1,-1
3,3,672.69,1411.58,50.10,48.94,1,-1,-1,-1
4,1,637.40,338.63,51.77,49.77,1,-1,-1,-1
4,2,652.98,1308.18,47.64,48.29,1,-1,-1,-1
4,3,672.43,1408.39,49.58,48.39,1,-1,-1,-1
5,1,648.24,338.92,51.22,49.25,1,-1,-1,-1
5,2,650.65,1307.86,48.28,48.80,1,-1,-1,-1
5,3,673.04,1403.85,50.13,48.89,1,-1,-1,-1
6,1,662.10,341.13,51.75,49.76,1,-1,-1,-1
6,2,648.46,1307.08,47.92,48.28,1,-1,-1,-1
6,3,670.48,1400.29,49.64,48.36,1,-1,-1,-1
7,1,673.49,342.59,51.23,49.26,1,-1,-1,-1
7,2,647.70,1306.83,48.56,48.78,1,-1,-1,-1
7,3,668.84,1396.39,50.18,48.84,1,-1,-1,-1
8,1,684.66,343.78,51.75,49.75,1,-1,-1,-1
8,2,646.75,1304.05,48.22,48.28,1,-1,-1,-1
8,3,666.90,1393.07,49.70,48.33,1,-1,-1,-1
9,1,696.43,345.53,51.24,49.26,1,-1,-1,-1
9,2,645.75,1302.37,48.86,48.77,1,-1,-1,-1
9,3,663.49,1389.96,50.24,48.81,1,-1,-1,-1
10,1,708.10,347.50,51.67,49.75,1,-1,-1,-1
10,2,646.73,1301.78,48.51,48.28,1,-1,-1,-1
10,3,660.92,1385.59,49.77,48.31,1,-1,-1,-1
11,1,719.39,348.86,51.09,49.26,1,-1,-1,-1
11,2,646.81,1299.60,49.06,48.76,1,-1,-1,-1
11,3,657.68,1380.07,50.23,48.79,1,-1,-1,-1
12,1,731.18,349.99,51.52,49.75,1,-1,-1,-1
12,2,646.86,1296.16,48.63,48.27,1,-1,-1,-1
12,3,653.23,1376.15,49.69,48.30,1,-1,-1,-1
13,1,742.51,351.70,50.96,49.26,1,-1,-1,-1
13,2,648.90,1294.92,49.17,48.76,1,-1,-1,-1
13,3,650.29,1372.83,50.15,48.78,1,-1,-1,-1
14,1,752.98,353.63,51.40,49.75,1,-1,-1,-1
14,2,651.00,1292.52,48.73,48.27,1,-1,-1,-1
14,3,644.65,1367.08,49.62,48.29,1,-1,-1,-1
15,1,763.14,355.63,50.84,49.26,1,-1,-1,-1
15,2,653.12,1290.34,49.26,48.75,1,-1,-1,-1
15,3,641.27,1361.07,50.08,48.77,1,-1,-1,-1
16,1,772.21,357.66,51.20,49.74,1,-1,-1,-1
16,2,655.89,1287.59,48.82,48.27,1,-1,-1,-1
16,3,638.80,1355.00,49.55,48.29,1,-1,-1,-1
17,1,781.89,359.69,50.57,49.26,1,-1,-1,-1
17,2,658.62,1284.63,49.26,48.75,1,-1,-1,-1
17,3,635.03,1350.88,49.93,48.76,1,-1,-1,-1
18,1,790.81,361.73,50.85,49.74,1,-1,-1,-1
18,2,662.94,1282.26,48.72,48.27,1,-1,-1,-1
18,3,634.41,1345.53,49.33,48.28,1,-1,-1,-1
19,1,798.76,363.10,50.26,49.26,1,-1,-1,-1
19,2,667.59,1278.79,49.07,48.75,1,-1,-1,-1
19,3,632.03,1341.70,49.63,48.76,1,-1,-1,-1
20,1,806.00,364.88,49.98,49.08,1,-1,-1,-1
20,2,671.59,1275.58,48.56,48.27,1,-1,-1,-1
20,3,630.91,1337.11,49.06,48.28,1,-1,-1,-1
21,1,812.63,368.14,49.25,48.35,1,-1,-1,-1
21,2,677.03,1273.12,48.35,48.08,1,-1,-1,-1
21,3,629.29,1333.57,48.80,48.09,1,-1,-1,-1
22,1,817.09,370.63,48.89,48.08,1,-1,-1,-1
22,2,681.28,1269.63,47.68,47.35,1,-1,-1,-1
22,3,629.08,1328.43,48.08,47.36,1,-1,-1,-1
23,1,820.42,372.82,48.71,47.98,1,-1,-1,-1
23,2,685.81,1267.08,47.38,47.08,1,-1,-1,-1
23,3,628.14,1324.01,47.74,47.09,1,-1,-1,-1
24,1,822.68,375.57,48.61,47.95,1,-1,-1,-1
24,2,688.74,1264.23,47.25,46.98,1,-1,-1,-1
24,3,627.88,1319.21,47.58,46.99,1,-1,-1,-1
25,1,826.56,378.51,48.54,47.94,1,-1,-1,-1
25,2,691.74,1261.26,47.19,46.95,1,-1,-1,-1
25,3,627.87,1316.25,47.49,46.96,1,-1,-1,-1
26,1,828.70,381.53,47.91,47.28,1,-1,-1,-1
26,2,696.08,1257.59,47.16,46.94,1,-1,-1,-1
26,3,625.96,1311.33,47.43,46.95,1,-1,-1,-1
27,1,831.56,384.57,47.61,47.04,1,-1,-1,-1
27,2,698.56,1255.64,46.57,46.28,1,-1,-1,-1
27,3,625.60,1306.33,46.81,46.29,1,-1,-1,-1
28,1,833.07,386.29,47.47,46.95,1,-1,-1,-1
28,2,699.73,1253.03,46.30,46.04,1,-1,-1,-1
28,3,626.57,1301.30,46.52,46.04,1,-1,-1,-1
29,1,834.09,390.17,47.39,46.93,1,-1,-1,-1
29,2,701.40,1250.82,46.19,45.95,1,-1,-1,-1
29,3,624.71,1296.94,46.96,46.62,1,-1,-1,-1
30,1,833.61,393.52,47.35,46.92,1,-1,-1,-1
30,2,701.92,1249.42,46.14,45.93,1,-1,-1,-1
30,3,624.38,1294.14,46.49,46.18,1,-1,-1,-1
31,1,833.25,398.00,47.31,46.93,1,-1,-1,-1
31,2,701.37,1247.67,46.12,45.93,1,-1,-1,-1
31,3,623.65,1291.28,46.29,46.02,1,-1,-1,-1
32,1,832.30,400.91,47.28,46.94,1,-1,-1,-1
32,2,701.74,1245.12,46.11,45.93,1,-1,-1,-1
32,3,624.76,1289.71,46.21,45.96,1,-1,-1,-1
33,1,833.13,404.55,47.26,46.94,1,-1,-1,-1
33,2,700.49,1242.92,46.10,45.94,1,-1,-1,-1
33,3,624.18,1287.94,46.27,45.95,1,-1,-1,-1
34,1,832.00,407.80,47.23,46.95,1,-1,-1,-1
34,2,699.95,1242.18,46.09,45.94,1,-1,-1,-1
34,3,624.35,1286.77,46.23,45.94,1,-1,-1,-1
35,1,828.45,410.90,46.64,46.29,1,-1,-1,-1
35,2,699.04,1241.33,46.08,45.95,1,-1,-1,-1
35,3,626.44,1284.47,46.21,45.95,1,-1,-1,-1
36,1,826.03,414.61,47.03,46.71,1,-1,-1,-1
36,2,698.27,1239.77,45.51,45.29,1,-1,-1,-1
36,3,626.98,1282.41,46.76,46.62,1,-1,-1,-1
37,1,824.70,416.55,46.60,46.21,1,-1,-1,-1
37,2,696.97,1239.27,45.91,45.72,1,-1,-1,-1
37,3,627.79,1281.74,46.44,46.21,1,-1,-1,-1
38,1,823.17,418.48,47.04,46.69,1,-1,-1,-1
38,2,694.11,1238.48,45.48,45.22,1,-1,-1,-1
38,3,628.46,1280.96,46.93,46.72,1,-1,-1,-1
39,1,819.56,418.45,46.62,46.22,1,-1,-1,-1
39,2,691.37,1236.93,45.94,45.69,1,-1,-1,-1
39,3,629.67,1280.76,46.53,46.25,1,-1,-1,-1
40,1,816.53,418.32,47.07,46.70,1,-1,-1,-1
40,2,689.97,1235.75,45.53,45.22,1,-1,-1,-1
40,3,630.11,1280.13,46.42,46.07,1,-1,-1,-1
41,1,815.68,418.19,46.65,46.22,1,-1,-1,-1
41,2,688.48,1234.71,45.99,45.70,1,-1,-1,-1
41,3,630.26,1279.98,46.42,46.01,1,-1,-1,-1
42,1,813.07,418.05,47.10,46.71,1,-1,-1,-1
42,2,688.22,1233.71,45.58,45.23,1,-1,-1,-1
42,3,630.67,1280.67,46.35,45.98,1,-1,-1,-1
43,1,809.10,416.62,46.68,46.23,1,-1,-1,-1
43,2,686.51,1232.74,46.03,45.71,1,-1,-1,-1
43,3,631.49,1281.66,46.31,45.98,1,-1,-1,-1
44,1,806.64,416.00,47.13,46.72,1,-1,-1,-1
44,2,685.52,1231.10,45.62,45.23,1,-1,-1,-1
44,3,632.09,1282.09,46.38,45.98,1,-1,-1,-1
45,1,804.73,415.07,46.70,46.24,1,-1,-1,-1
45,2,685.53,1228.56,46.07,45.72,1,-1,-1,-1
45,3,632.95,1282.96,46.43,45.98,1,-1,-1,-1
46,1,802.42,414.00,47.14,46.72,1,-1,-1,-1
46,2,685.85,1226.33,45.65,45.24,1,-1,-1,-1
46,3,635.23,1285.98,46.49,45.98,1,-1,-1,-1
47,1,801.89,412.26,46.72,46.25,1,-1,-1,-1
47,2,686.35,1223.57,46.10,45.72,1,-1,-1,-1
47,3,636.07,1287.81,46.54,45.98,1,-1,-1,-1
48,1,800.78,410.24,47.16,46.73,1,-1,-1,-1
48,2,686.02,1221.80,46.10,45.72,1,-1,-1,-1
48,3,636.35,1290.50,46.58,45.98,1,-1,-1,-1
49,1,801.35,408.16,47.40,46.91,1,-1,-1,-1
49,3,638.12,1292.85,47.20,46.65,1,-1,-1,-1
50,1,800.65,406.70,48.08,47.64,1,-1,-1,-1
50,3,638.78,1295.69,47.40,46.90,1,-1,-1,-1
51,1,801.09,404.19,48.32,47.91,1,-1,-1,-1
51,2,688.40,1206.32,47.19,46.85,1,-1,-1,-1
51,3,639.01,1296.76,48.11,47.65,1,-1,-1,-1
52,1,800.65,399.96,48.38,48.01,1,-1,-1,-1
52,2,688.39,1203.59,47.30,46.96,1,-1,-1,-1
52,3,641.06,1298.46,48.35,47.93,1,-1,-1,-1
53,1,800.24,397.71,48.95,48.70,1,-1,-1,-1
53,2,689.54,1197.82,47.31,47.01,1,-1,-1,-1
53,3,641.82,1299.73,49.07,48.69,1,-1,-1,-1
54,1,800.42,396.89,48.52,48.30,1,-1,-1,-1
54,2,689.80,1196.28,47.98,47.71,1,-1,-1,-1
54,3,642.10,1300.19,48.66,48.31,1,-1,-1,-1
55,1,801.19,391.34,49.00,48.80,1,-1,-1,-1
55,2,689.24,1188.54,47.54,47.30,1,-1,-1,-1
55,3,642.84,1303.63,49.14,48.82,1,-1,-1,-1
56,1,802.16,386.66,48.51,48.33,1,-1,-1,-1
56,2,689.03,1183.73,48.01,47.80,1,-1,-1,-1
56,3,643.76,1306.21,48.63,48.35,1,-1,-1,-1
57,1,804.16,383.62,48.40,48.14,1,-1,-1,-1
57,2,688.96,1179.41,47.51,47.32,1,-1,-1,-1
57,3,643.43,1307.15,49.08,48.82,1,-1,-1,-1
58,1,804.62,379.90,48.30,48.07,1,-1,-1,-1
58,2,688.27,1175.93,47.97,47.80,1,-1,-1,-1
58,3,643.29,1310.74,48.57,48.34,1,-1,-1,-1
59,1,805.37,376.59,47.78,47.38,1,-1,-1,-1
59,2,686.71,1174.08,47.47,47.31,1,-1,-1,-1
59,3,641.89,1313.39,49.02,48.81,1,-1,-1,-1
60,1,806.36,372.78,48.14,47.78,1,-1,-1,-1
60,2,684.13,1173.53,47.92,47.79,1,-1,-1,-1
60,3,641.36,1315.65,48.51,48.32,1,-1,-1,-1
61,1,809.38,369.45,48.26,47.93,1,-1,-1,-1
61,2,681.87,1172.78,47.43,47.30,1,-1,-1,-1
61,3,640.39,1320.41,47.83,47.47,1,-1,-1,-1
62,1,810.52,364.99,48.29,47.99,1,-1,-1,-1
62,2,680.65,1172.63,47.32,47.12,1,-1,-1,-1
62,3,638.73,1323.47,48.14,47.81,1,-1,-1,-1
63,1,812.55,361.42,48.37,48.01,1,-1,-1,-1
63,2,677.92,1173.33,47.23,47.04,1,-1,-1,-1
63,3,637.09,1325.20,48.33,47.94,1,-1,-1,-1
64,1,814.31,356.87,48.34,48.01,1,-1,-1,-1
64,2,674.57,1173.69,47.28,47.02,1,-1,-1,-1
64,3,635.51,1328.41,48.34,47.99,1,-1,-1,-1
65,1,815.90,352.62,48.41,48.01,1,-1,-1,-1
65,2,671.06,1174.57,47.25,47.01,1,-1,-1,-1
65,3,633.90,1330.87,48.42,48.00,1,-1,-1,-1
66,1,818.81,347.83,48.37,48.01,1,-1,-1,-1
66,2,669.41,1176.96,47.32,47.00,1,-1,-1,-1
66,3,631.02,1333.03,48.39,48.01,1,-1,-1,-1
67,1,821.49,343.50,48.43,48.01,1,-1,-1,-1
67,2,666.56,1179.90,47.28,47.00,1,-1,-1,-1
67,3,628.27,1335.75,48.45,48.01,1,-1,-1,-1
68,1,825.46,339.36,48.39,48.01,1,-1,-1,-1
68,2,665.17,1181.71,47.35,47.00,1,-1,-1,-1
68,3,627.63,1338.01,48.41,48.01,1,-1,-1,-1
69,1,829.84,335.94,48.45,48.01,1,-1,-1,-1
69,2,663.75,1185.06,47.32,47.00,1,-1,-1,-1
69,3,626.39,1339.43,48.46,48.01,1,-1,-1,-1
70,1,835.10,331.48,48.40,48.01,1,-1,-1,-1
70,2,662.91,1187.00,47.38,47.00,1,-1,-1,-1
70,3,622.36,1341.87,48.42,48.01,1,-1,-1,-1
71,1,839.94,328.61,48.46,48.01,1,-1,-1,-1
71,2,661.69,1189.05,47.35,47.00,1,-1,-1,-1
71,3,620.52,1345.35,48.47,48.01,1,-1,-1,-1
72,1,844.69,325.69,48.42,48.01,1,-1,-1,-1
72,2,659.60,1191.14,47.41,47.00,1,-1,-1,-1
72,3,619.57,1348.56,48.43,48.01,1,-1,-1,-1
73,1,850.35,321.41,48.38,48.01,1,-1,-1,-1
73,2,658.56,1193.89,47.37,47.00,1,-1,-1,-1
73,3,618.90,1352.98,48.48,48.01,1,-1,-1,-1
74,1,855.70,317.95,48.34,48.01,1,-1,-1,-1
74,2,657.86,1196.23,47.43,47.00,1,-1,-1,-1
74,3,618.40,1356.54,48.44,48.01,1,-1,-1,-1
75,1,860.91,315.46,48.31,48.00,1,-1,-1,-1
75,2,654.72,1199.06,47.39,47.00,1,-1,-1,-1
75,3,619.22,1359.76,47.82,47.34,1,-1,-1,-1
76,1,866.43,313.99,48.18,48.00,1,-1,-1,-1
76,2,652.93,1202.73,47.35,47.00,1,-1,-1,-1
76,3,620.32,1362.86,48.10,47.76,1,-1,-1,-1
77,1,872.00,310.92,48.17,48.00,1,-1,-1,-1
77,2,652.05,1204.73,47.22,47.00,1,-1,-1,-1
77,3,621.18,1365.90,48.04,47.91,1,-1,-1,-1
78,1,876.98,309.89,48.06,48.00,1,-1,-1,-1
78,2,652.09,1206.09,47.20,47.00,1,-1,-1,-1
78,3,622.15,1370.90,47.42,47.31,1,-1,-1,-1
79,1,883.36,309.62,47.95,48.00,1,-1,-1,-1
79,2,651.89,1207.20,47.09,47.00,1,-1,-1,-1
79,3,624.54,1374.00,47.18,47.08,1,-1,-1,-1
80,1,888.95,310.29,47.20,47.34,1,-1,-1,-1
80,2,651.23,1208.89,46.98,47.00,1,-1,-1,-1
80,3,627.82,1377.03,47.00,47.00,1,-1,-1,-1
81,1,893.17,311.98,46.30,46.43,1,-1,-1,-1
81,2,649.36,1212.11,46.32,46.34,1,-1,-1,-1
81,3,629.08,1380.04,47.54,47.64,1,-1,-1,-1
82,1,897.60,310.13,46.14,46.26,1,-1,-1,-1
82,2,648.42,1216.59,46.65,46.75,1,-1,-1,-1
82,3,629.84,1382.38,47.13,47.22,1,-1,-1,-1
83,1,902.05,311.20,46.70,46.81,1,-1,-1,-1
83,2,646.43,1220.18,46.15,46.25,1,-1,-1,-1
83,3,633.43,1384.47,46.98,47.06,1,-1,-1,-1
84,1,906.48,309.67,46.61,46.72,1,-1,-1,-1
84,2,645.73,1224.11,45.97,46.06,1,-1,-1,-1
84,3,636.08,1384.47,46.93,47.00,1,-1,-1,-1
85,1,896.84,310.39,46.82,46.92,1,-1,-1,-1
85,2,645.51,1226.82,45.91,45.99,1,-1,-1,-1
85,3,638.37,1385.03,46.91,46.98,1,-1,-1,-1
86,1,892.23,310.39,46.76,46.96,1,-1,-1,-1
86,2,646.14,1230.40,45.90,45.97,1,-1,-1,-1
86,3,641.17,1387.79,46.91,46.98,1,-1,-1,-1
87,1,884.89,309.74,46.79,46.97,1,-1,-1,-1
87,2,645.75,1233.64,45.90,45.96,1,-1,-1,-1
87,3,644.17,1389.40,46.92,46.98,1,-1,-1,-1
88,1,876.12,308.88,46.82,46.98,1,-1,-1,-1
88,2,644.98,1236.75,45.91,45.96,1,-1,-1,-1
88,3,647.89,1387.27,46.93,46.98,1,-1,-1,-1
89,1,867.49,306.61,46.84,46.98,1,-1,-1,-1
89,2,645.38,1240.47,45.91,45.97,1,-1,-1,-1
89,3,649.89,1389.03,46.93,46.98,1,-1,-1,-1
90,1,858.95,303.82,46.86,46.98,1,-1,-1,-1
90,2,645.56,1243.09,45.92,45.97,1,-1,-1,-1
90,3,654.55,1386.98,46.94,46.98,1,-1,-1,-1
90,4,941.79,308.41,46.97,46.00,1,-1,-1,-1
91,1,851.14,300.83,46.87,46.99,1,-1,-1,-1
91,2,647.64,1245.95,45.93,45.97,1,-1,-1,-1
91,3,658.21,1385.48,46.95,46.98,1,-1,-1,-1
91,4,947.58,304.80,46.97,46.00,1,-1,-1,-1
92,1,843.64,298.43,46.88,46.99,1,-1,-1,-1
92,2,649.11,1249.57,45.94,45.98,1,-1,-1,-1
92,3,660.84,1384.20,46.95,46.99,1,-1,-1,-1
92,4,952.45,302.89,46.97,46.00,1,-1,-1,-1
93,1,836.28,296.93,46.90,46.99,1,-1,-1,-1
93,2,651.65,1252.81,45.94,45.98,1,-1,-1,-1
93,3,664.38,1383.02,46.96,46.99,1,-1,-1,-1
94,1,829.37,296.42,46.81,46.99,1,-1,-1,-1
94,2,653.93,1255.25,45.95,45.98,1,-1,-1,-1
94,3,667.61,1382.54,46.96,46.99,1,-1,-1,-1
95,1,823.24,296.95,46.83,46.99,1,-1,-1,-1
95,2,656.49,1258.04,46.52,46.65,1,-1,-1,-1
95,3,670.06,1381.02,46.97,46.99,1,-1,-1,-1
96,1,816.82,297.21,47.41,47.65,1,-1,-1,-1
96,2,660.74,1260.96,46.69,46.89,1,-1,-1,-1
96,3,671.92,1380.43,47.54,47.65,1,-1,-1,-1
97,1,811.94,298.66,47.58,47.90,1,-1,-1,-1
97,2,663.95,1265.26,46.80,46.99,1,-1,-1,-1
97,3,673.22,1381.52,47.70,47.90,1,-1,-1,-1
98,1,806.61,299.91,47.70,47.99,1,-1,-1,-1
98,2,668.14,1268.75,46.75,47.02,1,-1,-1,-1
98,3,675.90,1381.92,47.81,47.99,1,-1,-1,-1
99,1,803.14,301.08,47.67,48.03,1,-1,-1,-1
99,2,670.64,1271.94,46.79,47.03,1,-1,-1,-1
99,3,677.20,1383.38,47.76,48.03,1,-1,-1,-1
100,1,802.96,303.52,47.71,48.03,1,-1,-1,-1
100,2,673.49,1275.67,46.81,47.03,1,-1,-1,-1
100,3,679.22,1385.25,47.80,48.03,1,-1,-1,-1
101,1,802.39,306.44,47.74,48.04,1,-1,-1,-1
101,2,675.16,1280.26,46.83,47.03,1,-1,-1,-1
101,3,680.56,1385.93,47.82,48.04,1,-1,-1,-1
102,1,804.95,309.52,47.77,48.03,1,-1,-1,-1
102,2,677.42,1283.19,47.41,47.69,1,-1,-1,-1
102,3,682.29,1389.47,47.18,47.37,1,-1,-1,-1
103,1,806.70,312.66,47.79,48.03,1,-1,-1,-1
103,2,679.16,1288.78,47.03,47.28,1,-1,-1,-1
103,3,682.85,1392.11,46.95,47.12,1,-1,-1,-1
104,1,808.79,315.14,47.81,48.03,1,-1,-1,-1
104,2,679.08,1292.76,46.89,47.11,1,-1,-1,-1
104,3,684.31,1393.73,46.87,47.03,1,-1,-1,-1
105,1,810.98,316.71,47.83,48.02,1,-1,-1,-1
105,2,677.00,1298.10,46.85,47.05,1,-1,-1,-1
105,3,685.72,1394.96,46.95,46.99,1,-1,-1,-1
106,1,813.19,317.92,47.84,48.02,1,-1,-1,-1
106,2,674.45,1301.95,46.94,47.03,1,-1,-1,-1
106,3,687.86,1397.36,46.94,46.98,1,-1,-1,-1
107,1,818.04,319.66,47.86,48.02,1,-1,-1,-1
107,2,672.47,1305.91,46.94,47.01,1,-1,-1,-1
107,3,688.59,1399.55,46.94,46.98,1,-1,-1,-1
108,1,819.24,319.61,47.87,48.02,1,-1,-1,-1
108,2,671.69,1307.25,46.94,47.01,1,-1,-1,-1
108,3,688.13,1399.66,46.95,46.98,1,-1,-1,-1
109,1,823.67,319.55,47.88,48.01,1,-1,-1,-1
109,2,665.81,1310.26,47.51,47.67,1,-1,-1,-1
109,3,690.54,1400.31,46.95,46.98,1,-1,-1,-1
110,1,828.64,318.83,47.89,48.01,1,-1,-1,-1
110,2,659.95,1315.22,47.11,47.26,1,-1,-1,-1
110,3,690.73,1402.49,46.96,46.98,1,-1,-1,-1
111,1,831.82,317.87,47.90,48.01,1,-1,-1,-1
111,2,653.75,1318.29,46.97,47.10,1,-1,-1,-1
111,3,692.73,1403.93,46.96,46.99,1,-1,-1,-1
112,1,835.63,315.49,47.91,48.01,1,-1,-1,-1
112,2,648.15,1319.97,46.92,47.04,1,-1,-1,-1
112,3,692.76,1403.76,46.96,46.99,1,-1,-1,-1
113,1,839.01,314.58,47.92,48.01,1,-1,-1,-1
113,2,640.15,1323.11,46.91,47.01,1,-1,-1,-1
113,3,692.72,1404.31,46.97,46.99,1,-1,-1,-1
114,1,840.89,313.57,47.93,48.01,1,-1,-1,-1
114,2,632.58,1325.49,46.91,47.00,1,-1,-1,-1
114,3,691.33,1404.47,46.97,46.99,1,-1,-1,-1
115,1,844.55,311.86,47.84,48.01,1,-1,-1,-1
115,2,625.86,1326.92,46.91,47.00,1,-1,-1,-1
115,3,690.76,1404.49,46.97,46.99,1,-1,-1,-1
116,1,846.84,309.90,47.85,48.01,1,-1,-1,-1
116,2,618.54,1327.34,46.83,47.00,1,-1,-1,-1
116,3,689.19,1403.80,46.98,46.99,1,-1,-1,-1
117,1,848.67,307.18,47.77,48.01,1,-1,-1,-1
117,2,612.91,1328.71,46.84,47.00,1,-1,-1,-1
117,3,687.25,1403.51,46.98,46.99,1,-1,-1,-1
118,1,851.29,304.86,47.70,48.00,1,-1,-1,-1
118,2,606.03,1331.10,46.76,47.00,1,-1,-1,-1
118,3,686.12,1402.71,47.08,46.99,1,-1,-1,-1
119,1,854.87,302.02,47.63,48.00,1,-1,-1,-1
119,2,599.28,1331.90,46.78,47.00,1,-1,-1,-1
119,3,684.06,1402.39,47.07,46.99,1,-1,-1,-1
119,4,942.88,306.90,47.75,47.00,1,-1,-1,-1
120,1,858.05,300.32,47.11,47.34,1,-1,-1,-1
120,2,593.59,1332.77,46.80,47.00,1,-1,-1,-1
120,3,680.92,1401.59,47.16,47.00,1,-1,-1,-1
120,4,942.52,307.05,47.79,47.04,1,-1,-1,-1
121,1,858.84,297.73,47.54,47.76,1,-1,-1,-1
121,2,589.26,1334.99,46.26,46.34,1,-1,-1,-1
121,3,679.72,1401.94,47.24,47.00,1,-1,-1,-1
122,1,860.66,295.49,47.16,47.25,1,-1,-1,-1
122,2,586.18,1337.73,46.68,46.75,1,-1,-1,-1
122,3,678.33,1401.40,47.22,47.00,1,-1,-1,-1
122,4,932.33,300.22,47.61,47.02,1,-1,-1,-1
123,1,863.98,292.04,47.54,47.73,1,-1,-1,-1
123,2,582.83,1341.32,46.28,46.25,1,-1,-1,-1
123,3,677.45,1401.19,47.29,47.00,1,-1,-1,-1
123,4,930.40,297.12,46.99,46.32,1,-1,-1,-1
124,1,865.45,289.48,47.08,47.24,1,-1,-1,-1
124,2,580.11,1344.57,46.75,46.72,1,-1,-1,-1
124,3,674.86,1402.42,47.26,47.00,1,-1,-1,-1
124,4,929.49,294.72,47.32,46.76,1,-1,-1,-1
125,1,865.91,287.25,47.58,47.73,1,-1,-1,-1
125,2,577.93,1349.01,46.27,46.24,1,-1,-1,-1
125,3,672.22,1403.55,47.33,47.00,1,-1,-1,-1
125,4,929.22,293.21,46.73,46.26,1,-1,-1,-1
126,1,866.01,285.16,47.11,47.25,1,-1,-1,-1
126,2,576.62,1352.57,46.75,46.72,1,-1,-1,-1
126,3,670.29,1403.30,47.30,47.00,1,-1,-1,-1
126,4,927.86,290.69,47.15,46.73,1,-1,-1,-1
127,1,865.97,283.78,47.61,47.73,1,-1,-1,-1
127,2,574.94,1357.11,46.27,46.25,1,-1,-1,-1
127,3,668.58,1405.84,47.37,47.00,1,-1,-1,-1
127,4,927.68,288.46,46.73,46.25,1,-1,-1,-1
128,1,865.89,283.32,47.14,47.25,1,-1,-1,-1
128,2,574.46,1361.37,46.75,46.73,1,-1,-1,-1
128,3,666.35,1406.78,47.33,47.00,1,-1,-1,-1
128,4,926.72,287.68,47.16,46.73,1,-1,-1,-1
129,1,865.13,282.56,47.63,47.73,1,-1,-1,-1
129,2,575.71,1366.15,46.27,46.25,1,-1,-1,-1
129,3,664.25,1408.44,47.30,47.00,1,-1,-1,-1
129,4,926.95,286.11,46.86,46.25,1,-1,-1,-1
130,1,864.14,281.67,47.16,47.25,1,-1,-1,-1
130,2,576.99,1370.49,46.75,46.73,1,-1,-1,-1
130,3,663.52,1411.03,47.27,47.00,1,-1,-1,-1
130,4,926.49,285.58,47.28,46.73,1,-1,-1,-1
131,1,863.05,280.73,47.65,47.73,1,-1,-1,-1
131,2,578.21,1374.63,46.27,46.25,1,-1,-1,-1
131,3,661.98,1411.31,47.25,47.00,1,-1,-1,-1
131,4,925.60,284.30,47.30,46.75,1,-1,-1,-1
132,1,862.61,279.11,47.18,47.26,1,-1,-1,-1
132,2,580.76,1380.04,46.75,46.73,1,-1,-1,-1
132,3,662.12,1414.03,47.22,47.00,1,-1,-1,-1
133,1,861.75,277.89,47.67,47.74,1,-1,-1,-1
133,2,585.06,1383.26,46.27,46.26,1,-1,-1,-1
133,3,660.25,1417.01,46.54,46.34,1,-1,-1,-1
134,1,860.75,276.83,47.20,47.26,1,-1,-1,-1
134,2,589.41,1386.98,46.75,46.74,1,-1,-1,-1
134,3,658.93,1418.09,46.94,46.75,1,-1,-1,-1
135,1,859.69,275.82,47.68,47.74,1,-1,-1,-1
135,2,593.03,1390.22,46.27,46.26,1,-1,-1,-1
135,3,658.11,1418.45,46.51,46.25,1,-1,-1,-1
136,1,857.97,274.17,47.21,47.26,1,-1,-1,-1
136,2,596.40,1392.62,46.75,46.74,1,-1,-1,-1
136,3,656.88,1420.52,46.96,46.72,1,-1,-1,-1
137,1,858.92,272.93,46.46,46.41,1,-1,-1,-1
137,2,600.95,1394.06,46.27,46.26,1,-1,-1,-1
137,3,655.82,1421.26,46.45,46.24,1,-1,-1,-1
138,1,858.94,271.59,46.34,46.29,1,-1,-1,-1
138,2,605.58,1394.46,45.52,45.41,1,-1,-1,-1
138,3,653.76,1422.81,45.68,45.40,1,-1,-1,-1
139,2,609.26,1394.47,44.62,44.43,1,-1,-1,-1
139,3,651.69,1424.68,44.76,44.41,1,-1,-1,-1
140,2,611.98,1393.68,44.81,44.74,1,-1,-1,-1
140,3,648.95,1425.32,44.46,44.06,1,-1,-1,-1
141,2,614.28,1391.33,44.83,44.86,1,-1,-1,-1
141,3,647.02,1426.18,44.30,43.93,1,-1,-1,-1
142,2,616.43,1389.69,44.79,44.91,1,-1,-1,-1
142,3,645.04,1427.12,44.23,43.90,1,-1,-1,-1
143,2,619.46,1388.35,44.83,44.93,1,-1,-1,-1
143,3,643.70,1426.76,44.19,43.89,1,-1,-1,-1
144,2,622.13,1387.14,44.28,44.28,1,-1,-1,-1
144,3,642.61,1427.25,44.17,43.90,1,-1,-1,-1
145,2,624.08,1385.97,44.04,44.04,1,-1,-1,-1
145,3,640.57,1428.72,43.58,43.24,1,-1,-1,-1
146,2,624.72,1384.84,43.96,43.96,1,-1,-1,-1
146,3,639.85,1431.24,43.41,43.01,1,-1,-1,-1
147,2,625.83,1383.74,44.03,43.93,1,-1,-1,-1
147,3,638.95,1432.80,43.38,42.93,1,-1,-1,-1
148,2,626.53,1383.31,44.02,43.93,1,-1,-1,-1
148,3,638.66,1433.34,43.41,42.90,1,-1,-1,-1
149,2,629.38,1382.48,44.01,43.93,1,-1,-1,-1
149,3,638.31,1433.49,44.03,43.57,1,-1,-1,-1
150,2,630.10,1381.51,44.58,44.60,1,-1,-1,-1
150,3,639.92,1434.83,44.15,43.82,1,-1,-1,-1
151,2,630.34,1381.80,44.74,44.86,1,-1,-1,-1
151,3,640.62,1436.62,44.12,43.92,1,-1,-1,-1
152,2,630.39,1382.57,44.75,44.95,1,-1,-1,-1
152,3,639.62,1435.94,44.71,44.62,1,-1,-1,-1
153,2,630.37,1382.87,45.37,45.65,1,-1,-1,-1
153,3,639.59,1435.64,44.97,44.88,1,-1,-1,-1
154,2,630.34,1382.98,45.56,45.91,1,-1,-1,-1
154,3,642.89,1435.50,45.72,45.64,1,-1,-1,-1
155,2,629.37,1383.01,46.15,46.66,1,-1,-1,-1
155,3,645.75,1436.72,45.44,45.27,1,-1,-1,-1
156,2,629.28,1381.72,45.74,46.29,1,-1,-1,-1
156,3,647.87,1437.82,45.93,45.78,1,-1,-1,-1
157,2,628.18,1381.88,44.99,45.48,1,-1,-1,-1
157,3,650.64,1436.90,46.11,45.97,1,-1,-1,-1
158,2,628.11,1377.96,45.29,45.83,1,-1,-1,-1
158,3,653.66,1437.18,45.50,45.38,1,-1,-1,-1
159,2,625.72,1375.85,44.82,45.30,1,-1,-1,-1
159,3,655.73,1439.24,45.36,45.15,1,-1,-1,-1
160,2,622.79,1370.42,45.32,45.76,1,-1,-1,-1
160,3,660.43,1440.65,44.68,44.40,1,-1,-1,-1
161,2,622.34,1367.11,44.88,45.28,1,-1,-1,-1
161,3,662.52,1440.49,45.04,44.78,1,-1,-1,-1
162,2,619.51,1361.26,45.39,45.75,1,-1,-1,-1
162,3,663.96,1441.19,45.03,44.77,1,-1,-1,-1
163,2,619.39,1358.46,45.69,45.93,1,-1,-1,-1
164,2,617.07,1353.52,45.78,45.99,1,-1,-1,-1
165,2,615.55,1349.09,46.48,46.68,1,-1,-1,-1
166,2,613.68,1343.56,46.75,46.93,1,-1,-1,-1
167,2,612.99,1338.92,46.86,47.02,1,-1,-1,-1
168,2,611.72,1334.64,46.35,46.40,1,-1,-1,-1
169,2,610.58,1329.16,46.20,46.15,1,-1,-1,-1
170,2,609.88,1324.58,46.11,46.06,1,-1,-1,-1
171,2,608.99,1319.02,46.73,46.68,1,-1,-1,-1
172,2,609.06,1315.08,46.86,46.92,1,-1,-1,-1
173,2,608.86,1310.44,47.42,47.66,1,-1,-1,-1
174,2,609.80,1306.19,47.63,47.94,1,-1,-1,-1
175,2,610.48,1302.74,47.10,47.38,1,-1,-1,-1
176,2,612.08,1300.28,46.91,47.16,1,-1,-1,-1
177,2,614.01,1296.85,46.85,47.08,1,-1,-1,-1
178,2,616.72,1293.71,46.84,47.04,1,-1,-1,-1
179,2,619.34,1291.35,46.28,46.37,1,-1,-1,-1
180,2,621.99,1289.28,46.03,46.11,1,-1,-1,-1
181,2,626.28,1287.31,46.61,46.68,1,-1,-1,-1
182,2,628.50,1285.36,46.17,46.23,1,-1,-1,-1
183,2,630.62,1284.76,46.01,46.06,1,-1,-1,-1
184,2,634.30,1285.97,46.04,46.00,1,-1,-1,-1
185,2,636.92,1287.19,46.11,45.98,1,-1,-1,-1
186,2,638.20,1288.40,46.76,46.64,1,-1,-1,-1
187,2,639.94,1290.23,47.00,46.88,1,-1,-1,-1
188,2,642.51,1291.64,47.08,46.98,1,-1,-1,-1
189,2,644.37,1292.89,47.20,47.01,1,-1,-1,-1
190,2,645.73,1295.37,47.76,47.68,1,-1,-1,-1
191,2,647.15,1297.63,47.34,47.28,1,-1,-1,-1
192,2,647.62,1299.84,47.18,47.11,1,-1,-1,-1
193,2,647.07,1301.33,47.11,47.05,1,-1,-1,-1
194,2,646.53,1303.21,46.98,47.03,1,-1,-1,-1
195,2,646.86,1305.88,46.41,46.36,1,-1,-1,-1
196,2,647.58,1307.54,46.25,46.10,1,-1,-1,-1
197,2,647.78,1308.79,46.24,46.01,1,-1,-1,-1
198,2,647.14,1309.89,46.28,45.98,1,-1,-1,-1
199,2,646.56,1310.93,46.91,46.63,1,-1,-1,-1
200,2,646.32,1311.29,47.13,46.88,1,-1,-1,-1
201,2,645.56,1313.37,47.20,46.97,1,-1,-1,-1
202,2,645.25,1314.12,47.21,47.00,1,-1,-1,-1
203,2,645.13,1314.37,47.20,47.02,1,-1,-1,-1
204,2,645.74,1314.43,47.19,47.02,1,-1,-1,-1
205,2,645.96,1313.76,47.17,47.02,1,-1,-1,-1
206,2,647.36,1312.15,47.15,47.02,1,-1,-1,-1
207,2,649.20,1310.20,47.14,47.01,1,-1,-1,-1
208,2,651.87,1308.80,47.13,47.01,1,-1,-1,-1
209,2,653.51,1307.60,47.11,47.01,1,-1,-1,-1
210,2,654.77,1305.17,47.10,47.01,1,-1,-1,-1
211,2,656.53,1302.28,47.75,47.67,1,-1,-1,-1
212,2,659.51,1299.89,47.90,47.92,1,-1,-1,-1
213,2,661.57,1297.69,47.99,48.01,1,-1,-1,-1
214,2,663.34,1294.26,47.93,48.04,1,-1,-1,-1
215,2,664.27,1291.68,47.29,47.39,1,-1,-1,-1
216,2,665.89,1287.44,47.71,47.80,1,-1,-1,-1
217,2,669.36,1283.93,47.31,47.29,1,-1,-1,-1
218,2,671.92,1281.34,47.21,47.10,1,-1,-1,-1
219,2,673.18,1279.12,47.12,47.02,1,-1,-1,-1
220,2,673.87,1275.05,47.18,47.00,1,-1,-1,-1
221,2,675.75,1271.61,47.16,46.99,1,-1,-1,-1
222,2,675.36,1268.42,46.57,46.33,1,-1,-1,-1
223,2,675.51,1264.65,46.30,46.08,1,-1,-1,-1
224,2,675.52,1261.35,46.19,45.99,1,-1,-1,-1
225,2,675.11,1257.56,45.57,45.29,1,-1,-1,-1
226,2,673.93,1253.58,45.28,45.04,1,-1,-1,-1
227,2,673.09,1250.21,45.27,44.95,1,-1,-1,-1
228,2,671.78,1246.41,45.88,45.59,1,-1,-1,-1
229,2,668.65,1241.79,46.10,45.83,1,-1,-1,-1
230,2,666.14,1239.50,45.50,45.27,1,-1,-1,-1
231,2,663.87,1235.45,45.27,45.06,1,-1,-1,-1
232,2,662.37,1230.74,45.17,44.98,1,-1,-1,-1
233,2,658.81,1227.77,44.56,44.29,1,-1,-1,-1
234,2,656.15,1225.47,44.38,44.04,1,-1,-1,-1
235,2,654.97,1222.22,44.19,43.85,1,-1,-1,-1
236,2,646.68,1213.50,43.65,43.14,1,-1,-1,-1
237,2,641.93,1207.84,44.31,43.65,1,-1,-1,-1
238,2,639.22,1204.59,44.73,43.83,1,-1,-1,-1
239,2,637.28,1200.21,44.91,43.90,1,-1,-1,-1
240,2,633.02,1194.09,44.94,43.93,1,-1,-1,-1
241,2,628.86,1188.62,44.96,43.95,1,-1,-1,-1
242,2,624.74,1183.42,45.64,44.62,1,-1,-1,-1
243,2,621.96,1178.98,45.90,44.87,1,-1,-1,-1
244,2,619.04,1172.86,45.99,44.97,1,-1,-1,-1
245,2,615.13,1166.76,45.93,45.00,1,-1,-1,-1
246,2,612.75,1161.32,45.28,44.36,1,-1,-1,-1
247,2,610.93,1155.49,44.46,43.45,1,-1,-1,-1
248,2,606.71,1148.84,44.79,43.77,1,-1,-1,-1
249,2,603.25,1141.24,45.59,44.56,1,-1,-1,-1
250,2,601.02,1135.28,45.31,44.20,1,-1,-1,-1
251,2,597.06,1127.94,45.74,44.72,1,-1,-1,-1
252,2,594.67,1121.42,45.27,44.26,1,-1,-1,-1
252,5,560.74,1153.63,44.81,43.77,1,-1,-1,-1
253,2,594.55,1115.88,45.09,44.08,1,-1,-1,-1
253,5,559.99,1150.02,44.29,43.22,1,-1,-1,-1
254,2,592.35,1109.38,44.93,44.02,1,-1,-1,-1
254,5,555.04,1143.89,44.18,43.03,1,-1,-1,-1
255,2,588.91,1104.50,44.33,43.33,1,-1,-1,-1
255,5,550.96,1138.45,44.17,42.97,1,-1,-1,-1
256,2,586.07,1099.59,44.07,43.07,1,-1,-1,-1
256,5,551.08,1133.27,43.48,42.26,1,-1,-1,-1
257,2,582.18,1093.98,43.88,42.98,1,-1,-1,-1
257,5,548.75,1128.59,43.24,42.03,1,-1,-1,-1
258,2,578.86,1088.78,43.77,42.95,1,-1,-1,-1
258,5,545.63,1122.35,43.09,41.96,1,-1,-1,-1
259,2,576.42,1083.06,43.68,42.95,1,-1,-1,-1
259,5,544.09,1117.83,42.97,41.93,1,-1,-1,-1
260,2,570.99,1079.81,43.61,42.95,1,-1,-1,-1
260,5,541.76,1112.96,42.78,41.75,1,-1,-1,-1
261,2,568.04,1078.13,43.65,42.95,1,-1,-1,-1
262,2,567.04,1077.70,43.68,42.96,1,-1,-1,-1
263,2,558.55,1074.42,43.62,42.96,1,-1,-1,-1
264,2,552.18,1071.36,43.56,42.97,1,-1,-1,-1
265,2,545.59,1070.38,43.60,42.97,1,-1,-1,-1
266,2,538.61,1069.50,43.64,42.97,1,-1,-1,-1
267,2,530.84,1069.31,43.68,42.98,1,-1,-1,-1
268,2,522.78,1068.71,44.38,43.64,1,-1,-1,-1
269,2,514.00,1067.93,43.99,43.23,1,-1,-1,-1
270,2,506.23,1067.75,43.86,43.08,1,-1,-1,-1
271,2,497.93,1067.78,44.39,43.68,1,-1,-1,-1
272,2,492.40,1068.53,44.56,43.91,1,-1,-1,-1
273,2,485.57,1068.89,44.67,43.99,1,-1,-1,-1
274,2,478.96,1068.43,45.31,44.68,1,-1,-1,-1
275,2,475.00,1068.31,44.94,44.28,1,-1,-1,-1
276,2,468.83,1066.35,45.39,44.78,1,-1,-1,-1
277,2,463.16,1065.65,46.09,45.62,1,-1,-1,-1
278,2,458.35,1064.12,46.17,45.94,1,-1,-1,-1
279,2,454.18,1063.59,45.41,45.40,1,-1,-1,-1
280,2,451.19,1063.44,44.44,44.52,1,-1,-1,-1
281,2,445.80,1062.32,44.46,44.54,1,-1,-1,-1
287,5,449.06,1035.85,44.03,42.98,1,-1,-1,-1
288,5,450.24,1031.05,44.51,43.67,1,-1,-1,-1
289,5,452.10,1027.37,45.28,44.58,1,-1,-1,-1
290,5,455.57,1022.15,46.18,45.58,1,-1,-1,-1
291,5,459.38,1017.65,46.99,46.61,1,-1,-1,-1
292,5,464.87,1013.43,47.19,46.99,1,-1,-1,-1
293,5,469.04,1009.97,47.17,47.13,1,-1,-1,-1
294,5,474.23,1007.47,46.54,46.51,1,-1,-1,-1
295,5,479.53,1005.35,46.29,46.26,1,-1,-1,-1
296,5,485.07,1003.35,45.63,45.49,1,-1,-1,-1
297,5,488.82,1002.73,45.32,45.20,1,-1,-1,-1
298,5,493.76,1002.62,44.63,44.42,1,-1,-1,-1
299,5,496.57,1004.03,44.98,44.79,1,-1,-1,-1
300,5,498.87,1005.29,45.10,44.93,1,-1,-1,-1
301,5,502.58,1007.83,44.58,44.32,1,-1,-1,-1
302,5,504.54,1009.53,44.42,44.09,1,-1,-1,-1
303,5,508.19,1010.87,44.30,44.01,1,-1,-1,-1
304,5,510.43,1012.07,43.68,43.31,1,-1,-1,-1
305,5,509.14,1013.88,44.15,43.72,1,-1,-1,-1
306,5,507.92,1014.56,44.36,43.88,1,-1,-1,-1
307,5,506.70,1014.17,44.47,43.94,1,-1,-1,-1
308,5,504.84,1013.36,44.55,43.97,1,-1,-1,-1
309,5,504.08,1013.06,44.60,43.98,1,-1,-1,-1
310,5,500.15,1010.31,45.21,44.64,1,-1,-1,-1
311,5,497.07,1007.31,45.98,45.55,1,-1,-1,-1
312,5,495.56,1003.58,45.63,45.24,1,-1,-1,-1
313,5,493.68,1000.19,45.46,45.11,1,-1,-1,-1
314,5,492.61,995.66,45.47,45.06,1,-1,-1,-1
315,5,489.57,991.36,45.51,45.04,1,-1,-1,-1
316,5,487.48,986.50,46.12,45.69,1,-1,-1,-1
317,5,485.70,982.11,46.42,45.93,1,-1,-1,-1
318,5,485.04,980.53,46.56,46.02,1,-1,-1,-1
319,5,482.84,973.44,46.63,46.05,1,-1,-1,-1
320,5,481.38,968.21,46.01,45.40,1,-1,-1,-1
321,5,478.58,963.69,46.37,45.81,1,-1,-1,-1
322,5,478.25,958.82,45.80,45.30,1,-1,-1,-1
323,5,477.54,953.79,45.56,45.10,1,-1,-1,-1
324,5,476.00,948.72,46.11,45.69,1,-1,-1,-1
325,5,472.84,943.66,46.29,45.91,1,-1,-1,-1
326,5,471.32,938.59,45.77,45.34,1,-1,-1,-1
327,5,469.84,933.51,45.50,45.11,1,-1,-1,-1
328,5,469.07,929.11,45.29,45.03,1,-1,-1,-1
329,5,468.49,924.97,44.57,44.34,1,-1,-1,-1
330,5,467.38,918.93,44.86,44.74,1,-1,-1,-1
331,5,466.76,913.52,45.47,45.56,1,-1,-1,-1
332,5,466.25,909.00,45.69,45.87,1,-1,-1,-1
333,5,467.44,905.48,45.73,45.98,1,-1,-1,-1
334,5,468.89,901.02,45.14,45.36,1,-1,-1,-1
335,5,470.14,898.19,44.92,45.12,1,-1,-1,-1
336,5,474.22,895.97,44.29,44.37,1,-1,-1,-1
337,5,477.07,894.65,44.11,44.09,1,-1,-1,-1
338,5,479.15,893.64,44.01,43.99,1,-1,-1,-1
339,5,483.51,892.73,44.07,43.96,1,-1,-1,-1
340,5,486.14,891.86,44.05,43.95,1,-1,-1,-1
341,5,488.41,892.31,44.04,43.95,1,-1,-1,-1
342,5,491.87,893.25,44.04,43.95,1,-1,-1,-1
343,5,493.79,893.70,44.03,43.96,1,-1,-1,-1
344,5,495.11,894.61,44.03,43.96,1,-1,-1,-1
345,5,496.21,897.00,44.03,43.97,1,-1,-1,-1
345,6,685.98,1434.42,45.00,45.00,1,-1,-1,-1
346,5,496.57,898.62,44.03,43.97,1,-1,-1,-1
346,6,684.43,1431.61,45.00,45.00,1,-1,-1,-1
347,5,497.31,899.93,44.02,43.97,1,-1,-1,-1
347,6,682.46,1427.81,45.00,45.00,1,-1,-1,-1
348,5,497.91,903.10,44.59,44.64,1,-1,-1,-1
348,6,678.98,1424.47,45.00,45.00,1,-1,-1,-1
349,5,499.06,906.93,44.19,44.23,1,-1,-1,-1
349,6,676.80,1419.21,45.64,45.70,1,-1,-1,-1
350,5,499.83,909.72,44.60,44.74,1,-1,-1,-1
350,6,673.68,1415.39,45.21,45.26,1,-1,-1,-1
351,5,499.72,913.39,44.80,44.93,1,-1,-1,-1
351,6,669.57,1410.04,45.66,45.78,1,-1,-1,-1
352,5,498.97,916.73,44.88,45.00,1,-1,-1,-1
352,6,667.80,1406.19,45.85,45.96,1,-1,-1,-1
353,5,497.99,921.26,44.92,45.02,1,-1,-1,-1
353,6,665.23,1401.55,45.93,46.03,1,-1,-1,-1
354,5,497.59,925.57,44.94,45.03,1,-1,-1,-1
354,6,662.35,1395.29,45.95,46.05,1,-1,-1,-1
355,5,496.09,929.11,44.94,45.03,1,-1,-1,-1
355,6,660.70,1390.43,45.96,46.05,1,-1,-1,-1
356,5,494.84,933.02,44.95,45.03,1,-1,-1,-1
356,6,657.51,1385.44,45.97,46.05,1,-1,-1,-1
357,5,491.43,936.40,45.52,45.68,1,-1,-1,-1
357,6,655.36,1381.08,45.39,45.38,1,-1,-1,-1
358,5,488.86,940.23,45.68,45.93,1,-1,-1,-1
358,6,649.96,1374.95,45.23,45.12,1,-1,-1,-1
359,5,487.25,944.22,45.70,46.02,1,-1,-1,-1
359,6,647.06,1368.83,45.12,45.03,1,-1,-1,-1
360,5,483.67,949.60,45.11,45.39,1,-1,-1,-1
360,6,642.76,1362.07,45.08,44.99,1,-1,-1,-1
361,5,480.34,955.50,44.89,45.14,1,-1,-1,-1
361,6,639.17,1357.06,44.58,44.32,1,-1,-1,-1
362,5,477.41,960.25,44.92,45.05,1,-1,-1,-1
362,6,636.66,1351.38,44.97,44.74,1,-1,-1,-1
363,5,473.68,965.88,44.99,45.02,1,-1,-1,-1
363,6,632.81,1347.45,45.20,44.89,1,-1,-1,-1
364,5,470.70,971.84,44.98,45.00,1,-1,-1,-1
364,6,629.18,1341.53,45.90,45.61,1,-1,-1,-1
365,5,467.65,977.91,44.98,45.00,1,-1,-1,-1
365,6,627.55,1336.19,45.58,45.23,1,-1,-1,-1
366,5,463.27,984.01,44.98,45.00,1,-1,-1,-1
366,6,622.78,1331.71,46.06,45.74,1,-1,-1,-1
367,5,461.03,990.12,44.98,45.00,1,-1,-1,-1
367,6,620.07,1327.57,45.66,45.27,1,-1,-1,-1
368,5,458.28,994.90,44.98,45.00,1,-1,-1,-1
368,6,618.50,1322.90,45.53,45.09,1,-1,-1,-1
369,5,455.63,1001.81,44.42,44.34,1,-1,-1,-1
369,6,617.72,1317.35,46.09,45.69,1,-1,-1,-1
370,5,452.42,1008.22,44.83,44.75,1,-1,-1,-1
370,6,614.53,1312.80,45.71,45.25,1,-1,-1,-1
371,5,450.02,1013.25,44.80,44.73,1,-1,-1,-1
371,6,611.80,1305.32,46.17,45.75,1,-1,-1,-1
372,5,446.33,1021.18,45.00,44.94,1,-1,-1,-1
372,6,609.28,1300.05,46.88,46.59,1,-1,-1,-1
373,5,444.30,1028.19,45.61,45.65,1,-1,-1,-1
373,6,606.11,1295.61,46.51,46.25,1,-1,-1,-1
374,5,441.81,1033.71,45.69,45.73,1,-1,-1,-1
374,6,603.70,1290.83,46.35,46.12,1,-1,-1,-1
375,6,602.53,1286.58,46.37,46.06,1,-1,-1,-1
376,6,598.96,1282.52,46.89,46.70,1,-1,-1,-1
377,5,446.92,1054.45,45.84,46.00,1,-1,-1,-1
377,6,596.70,1277.88,47.11,46.94,1,-1,-1,-1
378,5,450.03,1062.17,45.88,46.02,1,-1,-1,-1
378,6,593.69,1273.01,47.08,47.02,1,-1,-1,-1
379,5,453.45,1068.75,45.80,46.03,1,-1,-1,-1
379,6,590.05,1268.71,47.01,47.05,1,-1,-1,-1
380,5,455.44,1074.96,45.71,46.04,1,-1,-1,-1
380,6,587.10,1265.95,46.36,46.40,1,-1,-1,-1
381,5,458.21,1079.72,45.64,46.03,1,-1,-1,-1
381,6,584.77,1262.45,46.11,46.14,1,-1,-1,-1
382,5,459.55,1085.24,45.02,45.37,1,-1,-1,-1
382,6,580.69,1259.98,46.02,46.05,1,-1,-1,-1
383,5,460.04,1089.74,44.80,45.12,1,-1,-1,-1
383,6,577.28,1257.24,45.99,46.01,1,-1,-1,-1
384,5,460.87,1095.18,44.74,45.02,1,-1,-1,-1
384,6,574.78,1255.04,45.98,46.00,1,-1,-1,-1
385,5,461.16,1099.65,44.74,44.99,1,-1,-1,-1
385,6,571.30,1254.37,45.97,46.00,1,-1,-1,-1
386,5,459.92,1103.76,44.75,44.98,1,-1,-1,-1
386,6,567.46,1252.94,45.97,45.99,1,-1,-1,-1
387,5,457.45,1107.74,44.77,44.98,1,-1,-1,-1
387,6,563.48,1252.53,45.98,45.99,1,-1,-1,-1
388,5,456.51,1113.00,44.79,44.98,1,-1,-1,-1
388,6,560.77,1252.50,45.98,45.99,1,-1,-1,-1
389,5,455.49,1117.43,44.81,44.98,1,-1,-1,-1
389,6,558.93,1252.60,45.89,46.00,1,-1,-1,-1
390,5,453.51,1122.21,44.73,44.98,1,-1,-1,-1
390,6,555.07,1253.40,45.80,46.00,1,-1,-1,-1
391,5,450.81,1125.79,44.66,44.98,1,-1,-1,-1
391,6,552.43,1255.10,45.73,46.00,1,-1,-1,-1
392,5,450.08,1130.75,44.64,44.96,1,-1,-1,-1
392,6,550.91,1257.14,45.66,46.00,1,-1,-1,-1
393,6,549.81,1258.63,46.25,46.66,1,-1,-1,-1
394,5,447.00,1135.88,45.43,45.83,1,-1,-1,-1
394,6,549.79,1260.54,46.54,46.91,1,-1,-1,-1
395,5,446.83,1138.76,45.61,45.97,1,-1,-1,-1
395,6,549.21,1261.96,46.01,46.34,1,-1,-1,-1
396,5,448.08,1141.70,45.04,45.35,1,-1,-1,-1
396,6,549.09,1263.19,46.48,46.78,1,-1,-1,-1
397,5,449.90,1143.97,45.50,45.78,1,-1,-1,-1
397,6,549.10,1264.97,46.02,46.29,1,-1,-1,-1
398,5,451.25,1146.00,45.03,45.28,1,-1,-1,-1
398,6,548.52,1266.32,46.51,46.76,1,-1,-1,-1
399,5,453.09,1147.93,45.52,45.75,1,-1,-1,-1
399,6,549.67,1268.80,46.06,46.28,1,-1,-1,-1
400,5,456.41,1151.16,45.07,45.27,1,-1,-1,-1
400,6,550.83,1269.08,46.55,46.76,1,-1,-1,-1
401,5,458.33,1154.23,45.56,45.75,1,-1,-1,-1
401,6,551.96,1271.14,46.09,46.27,1,-1,-1,-1
402,5,459.68,1155.92,45.10,45.27,1,-1,-1,-1
402,6,554.04,1271.91,45.36,45.43,1,-1,-1,-1
403,5,460.83,1157.74,44.93,45.08,1,-1,-1,-1
403,6,555.49,1271.51,45.15,45.11,1,-1,-1,-1
404,5,461.89,1160.29,44.88,45.02,1,-1,-1,-1
404,6,559.06,1270.67,45.69,45.66,1,-1,-1,-1
405,5,462.26,1163.11,44.87,44.99,1,-1,-1,-1
405,6,560.39,1268.36,45.90,45.87,1,-1,-1,-1
406,5,462.37,1164.72,44.87,44.98,1,-1,-1,-1
406,6,562.21,1267.48,45.98,45.95,1,-1,-1,-1
407,5,463.04,1167.20,44.88,44.98,1,-1,-1,-1
407,6,565.53,1266.48,46.00,45.98,1,-1,-1,-1
408,5,462.60,1170.67,44.89,44.98,1,-1,-1,-1
408,6,568.08,1265.45,46.01,45.99,1,-1,-1,-1
409,5,461.75,1173.19,44.90,44.99,1,-1,-1,-1
409,6,569.96,1264.40,45.45,45.34,1,-1,-1,-1
410,5,460.75,1175.35,44.91,44.99,1,-1,-1,-1
410,6,570.98,1262.03,45.86,45.75,1,-1,-1,-1
411,5,460.35,1178.04,44.92,44.99,1,-1,-1,-1
411,6,571.99,1261.15,46.01,45.91,1,-1,-1,-1
412,5,460.19,1181.60,44.93,44.99,1,-1,-1,-1
412,6,573.65,1260.19,46.06,45.97,1,-1,-1,-1
413,5,458.14,1187.46,44.94,44.99,1,-1,-1,-1
413,6,574.90,1259.18,46.07,45.99,1,-1,-1,-1
414,5,456.70,1193.52,44.94,44.99,1,-1,-1,-1
414,6,577.32,1258.83,46.07,46.00,1,-1,-1,-1
415,5,456.16,1198.99,44.95,44.99,1,-1,-1,-1
415,6,579.51,1258.72,46.07,46.00,1,-1,-1,-1
416,5,455.31,1204.22,44.95,44.99,1,-1,-1,-1
416,6,582.27,1258.71,46.06,46.00,1,-1,-1,-1
417,5,455.00,1208.70,44.96,44.99,1,-1,-1,-1
417,6,583.92,1258.72,46.06,46.00,1,-1,-1,-1
418,5,454.65,1212.65,44.95,44.99,1,-1,-1,-1
418,6,587.12,1259.41,46.05,46.00,1,-1,-1,-1
419,6,590.26,1261.01,46.71,46.66,1,-1,-1,-1
420,5,455.70,1228.54,45.81,45.84,1,-1,-1,-1
420,6,594.66,1263.59,46.95,46.91,1,-1,-1,-1
421,5,455.86,1234.45,45.94,45.97,1,-1,-1,-1
421,6,597.59,1265.23,47.04,47.00,1,-1,-1,-1
422,5,455.91,1240.43,45.99,46.02,1,-1,-1,-1
422,6,601.91,1267.17,47.07,47.03,1,-1,-1,-1
423,5,459.23,1244.48,46.01,46.03,1,-1,-1,-1
423,6,605.72,1269.20,46.51,46.38,1,-1,-1,-1
424,5,461.43,1249.13,45.46,45.38,1,-1,-1,-1
424,6,610.07,1272.61,46.24,46.13,1,-1,-1,-1
425,5,462.99,1253.33,45.76,45.79,1,-1,-1,-1
425,6,613.21,1275.18,46.23,46.04,1,-1,-1,-1
426,5,465.46,1257.38,45.36,45.28,1,-1,-1,-1
426,6,617.29,1279.42,46.18,46.00,1,-1,-1,-1
427,5,468.05,1261.37,45.16,45.09,1,-1,-1,-1
427,6,621.36,1282.29,46.15,45.99,1,-1,-1,-1
428,5,470.32,1266.00,45.08,45.02,1,-1,-1,-1
428,6,626.76,1284.64,46.13,45.99,1,-1,-1,-1
429,5,473.79,1268.89,45.71,45.65,1,-1,-1,-1
429,6,630.66,1288.11,46.12,45.99,1,-1,-1,-1
430,5,476.64,1273.77,46.04,45.89,1,-1,-1,-1
430,6,635.59,1291.33,46.20,45.99,1,-1,-1,-1
431,5,479.34,1278.09,46.78,46.64,1,-1,-1,-1
431,6,640.32,1294.45,46.85,46.65,1,-1,-1,-1
432,5,483.59,1282.85,47.05,46.92,1,-1,-1,-1
432,6,645.93,1298.85,47.08,46.90,1,-1,-1,-1
433,5,486.47,1288.43,47.14,47.02,1,-1,-1,-1
433,6,651.21,1301.75,47.15,46.99,1,-1,-1,-1
434,5,490.78,1293.01,47.16,47.06,1,-1,-1,-1
434,6,655.99,1305.39,46.61,46.37,1,-1,-1,-1
435,5,494.31,1299.85,46.50,46.41,1,-1,-1,-1
435,6,662.63,1308.66,47.01,46.79,1,-1,-1,-1
436,5,498.87,1306.22,46.23,46.15,1,-1,-1,-1
436,6,668.93,1313.09,47.14,46.94,1,-1,-1,-1
437,5,502.76,1310.42,46.23,46.06,1,-1,-1,-1
437,6,673.79,1315.32,47.18,47.00,1,-1,-1,-1
438,5,506.18,1315.78,46.74,46.68,1,-1,-1,-1
438,6,679.42,1318.04,47.18,47.02,1,-1,-1,-1
439,5,510.59,1321.57,46.41,46.26,1,-1,-1,-1
439,6,684.67,1322.26,47.17,47.03,1,-1,-1,-1
440,5,516.48,1326.88,46.89,46.76,1,-1,-1,-1
440,6,690.06,1325.73,46.59,46.37,1,-1,-1,-1
441,5,520.56,1332.65,47.06,46.94,1,-1,-1,-1
441,6,696.62,1330.24,46.89,46.78,1,-1,-1,-1
442,5,524.34,1337.93,47.69,47.67,1,-1,-1,-1
442,6,700.92,1332.48,47.60,47.59,1,-1,-1,-1
443,5,531.86,1344.35,47.96,47.94,1,-1,-1,-1
443,6,705.96,1335.84,47.25,47.24,1,-1,-1,-1
444,5,537.22,1349.88,47.39,47.38,1,-1,-1,-1
444,6,712.30,1340.30,47.11,47.10,1,-1,-1,-1
445,5,543.07,1355.73,47.83,47.82,1,-1,-1,-1
445,6,716.86,1343.19,46.96,47.05,1,-1,-1,-1
446,5,549.08,1360.38,47.34,47.32,1,-1,-1,-1
446,6,721.33,1346.79,46.95,47.03,1,-1,-1,-1
447,5,554.49,1365.90,47.14,47.13,1,-1,-1,-1
447,6,724.15,1349.35,46.94,47.02,1,-1,-1,-1
448,5,559.67,1369.09,47.07,47.05,1,-1,-1,-1
448,6,728.99,1350.86,46.95,47.01,1,-1,-1,-1
449,5,564.75,1371.42,47.03,47.03,1,-1,-1,-1
449,6,731.95,1352.63,46.95,47.01,1,-1,-1,-1
450,5,570.74,1375.41,46.46,46.35,1,-1,-1,-1
450,6,735.53,1353.18,46.95,47.01,1,-1,-1,-1
451,5,576.20,1377.38,46.76,46.76,1,-1,-1,-1
451,6,739.63,1353.94,46.39,46.35,1,-1,-1,-1
452,5,580.09,1378.62,46.82,46.92,1,-1,-1,-1
452,6,741.63,1354.12,46.23,46.10,1,-1,-1,-1
453,5,585.64,1378.92,46.89,46.97,1,-1,-1,-1
453,6,744.56,1353.44,46.80,46.67,1,-1,-1,-1
454,5,589.25,1378.22,47.48,47.66,1,-1,-1,-1
454,6,746.84,1353.77,47.00,46.88,1,-1,-1,-1
455,5,594.03,1377.19,47.75,47.91,1,-1,-1,-1
455,6,748.22,1353.83,47.07,46.97,1,-1,-1,-1
456,5,596.71,1376.01,47.77,48.01,1,-1,-1,-1
456,6,749.25,1354.45,47.09,47.00,1,-1,-1,-1
457,5,600.48,1374.81,47.17,47.38,1,-1,-1,-1
457,6,750.17,1353.97,47.09,47.01,1,-1,-1,-1
458,5,604.36,1372.93,46.95,47.14,1,-1,-1,-1
458,6,750.02,1353.73,46.52,46.35,1,-1,-1,-1
459,5,608.96,1368.18,46.87,47.05,1,-1,-1,-1
459,6,749.53,1353.59,46.92,46.76,1,-1,-1,-1
460,5,612.79,1366.35,46.29,46.35,1,-1,-1,-1
460,6,748.61,1353.51,47.06,46.92,1,-1,-1,-1
461,5,615.73,1362.29,46.03,46.09,1,-1,-1,-1
461,6,746.85,1352.78,47.11,46.98,1,-1,-1,-1
462,5,618.94,1358.78,46.04,45.99,1,-1,-1,-1
462,6,743.76,1352.48,46.55,46.34,1,-1,-1,-1
463,5,620.90,1356.13,46.20,45.96,1,-1,-1,-1
463,6,741.18,1352.34,47.05,46.76,1,-1,-1,-1
464,5,623.14,1353.17,46.26,45.95,1,-1,-1,-1
464,6,738.85,1352.27,46.61,46.26,1,-1,-1,-1
465,5,627.51,1350.10,46.23,45.95,1,-1,-1,-1
465,6,734.31,1351.56,47.06,46.73,1,-1,-1,-1
466,5,629.97,1348.32,46.30,45.96,1,-1,-1,-1
466,6,731.02,1351.94,47.11,46.91,1,-1,-1,-1
467,5,631.77,1347.03,46.28,45.96,1,-1,-1,-1
467,6,728.78,1351.42,46.50,46.32,1,-1,-1,-1
468,5,632.98,1343.28,46.25,45.97,1,-1,-1,-1
468,6,725.31,1350.54,46.25,46.09,1,-1,-1,-1
469,5,636.25,1339.94,46.32,45.97,1,-1,-1,-1
469,6,721.39,1348.88,46.15,46.01,1,-1,-1,-1
470,5,639.33,1338.07,45.72,45.31,1,-1,-1,-1
470,6,716.65,1347.60,46.11,45.98,1,-1,-1,-1
471,5,641.00,1334.78,45.53,45.07,1,-1,-1,-1
471,6,713.89,1344.47,46.19,45.97,1,-1,-1,-1
472,5,642.83,1332.29,45.49,44.98,1,-1,-1,-1
472,6,709.59,1342.64,46.26,45.97,1,-1,-1,-1
473,5,644.05,1329.44,45.51,44.95,1,-1,-1,-1
473,6,705.75,1343.30,46.23,45.97,1,-1,-1,-1
474,5,644.38,1324.47,46.22,45.61,1,-1,-1,-1
474,6,702.41,1343.57,46.21,45.98,1,-1,-1,-1
475,5,644.78,1322.68,47.08,46.52,1,-1,-1,-1
475,6,697.94,1341.05,46.86,46.64,1,-1,-1,-1
476,5,646.46,1321.43,46.80,46.20,1,-1,-1,-1
476,6,694.37,1339.47,47.75,47.55,1,-1,-1,-1
477,5,646.05,1317.09,47.29,46.74,1,-1,-1,-1
477,6,689.85,1339.54,47.41,47.24,1,-1,-1,-1
478,5,646.22,1314.88,48.01,47.60,1,-1,-1,-1
478,6,686.25,1340.93,47.27,47.11,1,-1,-1,-1
479,5,647.19,1313.47,47.64,47.27,1,-1,-1,-1
479,6,683.41,1342.79,47.11,47.06,1,-1,-1,-1
480,5,648.54,1311.05,47.37,47.13,1,-1,-1,-1
480,6,680.50,1342.85,46.99,47.04,1,-1,-1,-1
481,5,649.97,1308.91,47.29,47.08,1,-1,-1,-1
481,6,677.56,1344.87,46.23,46.37,1,-1,-1,-1
481,7,672.46,1437.61,45.02,45.98,1,-1,-1,-1
482,5,650.83,1307.52,47.15,47.05,1,-1,-1,-1
482,6,674.23,1346.96,45.99,46.11,1,-1,-1,-1
482,7,669.82,1434.53,45.03,45.95,1,-1,-1,-1
483,5,652.36,1307.75,46.56,46.38,1,-1,-1,-1
483,6,670.82,1349.07,45.81,46.02,1,-1,-1,-1
483,7,666.48,1432.15,45.03,45.95,1,-1,-1,-1
484,5,654.18,1307.26,45.72,45.46,1,-1,-1,-1
484,6,668.25,1351.84,45.23,45.32,1,-1,-1,-1
484,7,664.69,1429.30,44.43,45.24,1,-1,-1,-1
485,5,655.45,1305.83,45.44,45.11,1,-1,-1,-1
485,6,665.10,1352.86,44.98,45.06,1,-1,-1,-1
485,7,662.03,1424.89,43.61,44.30,1,-1,-1,-1
486,5,655.84,1304.03,45.38,44.99,1,-1,-1,-1
486,6,662.71,1353.88,44.90,44.97,1,-1,-1,-1
486,7,658.37,1419.96,43.40,43.98,1,-1,-1,-1
487,5,656.58,1302.09,45.40,44.95,1,-1,-1,-1
487,6,659.56,1356.88,44.31,44.28,1,-1,-1,-1
487,7,655.07,1415.58,43.41,43.88,1,-1,-1,-1
488,5,656.13,1300.77,45.44,44.94,1,-1,-1,-1
488,6,655.80,1357.98,44.15,44.02,1,-1,-1,-1
488,7,651.23,1411.41,43.50,43.86,1,-1,-1,-1
489,5,655.89,1299.02,45.49,44.94,1,-1,-1,-1
489,6,652.50,1359.01,44.14,43.94,1,-1,-1,-1
489,7,648.55,1406.64,43.61,43.86,1,-1,-1,-1
490,5,655.75,1297.10,45.54,44.95,1,-1,-1,-1
490,6,649.37,1360.02,44.19,43.91,1,-1,-1,-1
490,7,646.30,1402.33,43.72,43.88,1,-1,-1,-1
491,5,655.65,1293.80,45.58,44.95,1,-1,-1,-1
491,6,646.58,1360.36,44.36,43.91,1,-1,-1,-1
491,7,643.61,1398.62,43.52,43.67,1,-1,-1,-1
492,5,654.53,1291.30,45.72,44.96,1,-1,-1,-1
492,6,644.66,1359.78,45.08,44.58,1,-1,-1,-1
493,5,653.76,1288.44,46.42,45.62,1,-1,-1,-1
493,6,643.66,1362.17,44.82,44.18,1,-1,-1,-1
494,5,653.45,1286.12,46.03,45.22,1,-1,-1,-1
494,6,643.74,1364.37,45.37,44.69,1,-1,-1,-1
494,7,626.56,1389.74,44.76,44.80,1,-1,-1,-1
495,5,653.03,1281.36,46.46,45.72,1,-1,-1,-1
495,6,643.85,1365.82,44.93,44.22,1,-1,-1,-1
495,7,620.55,1388.13,44.32,44.25,1,-1,-1,-1
496,5,652.22,1276.35,45.92,45.26,1,-1,-1,-1
496,6,644.36,1366.99,45.36,44.71,1,-1,-1,-1
496,7,614.87,1386.28,44.79,44.72,1,-1,-1,-1
497,5,650.60,1270.58,45.67,45.08,1,-1,-1,-1
497,6,644.92,1366.73,44.91,44.24,1,-1,-1,-1
497,7,608.93,1385.04,44.30,44.24,1,-1,-1,-1
498,5,648.02,1264.54,45.55,45.01,1,-1,-1,-1
498,6,644.54,1365.92,44.76,44.06,1,-1,-1,-1
498,7,602.87,1384.03,44.78,44.72,1,-1,-1,-1
499,5,646.03,1258.41,45.57,44.99,1,-1,-1,-1
499,6,645.11,1364.25,45.39,44.66,1,-1,-1,-1
499,7,597.74,1384.41,45.05,44.90,1,-1,-1,-1
