0,1,680.00,1426.00,32.00,31.00,1,-1,-1,-1
0,2,666.00,1317.00,32.00,31.00,1,-1,-1,-1
0,3,604.00,346.00,35.00,33.00,1,-1,-1,-1
1,1,680.88,1422.53,31.10,30.13,1,-1,-1,-1
1,2,665.15,1316.13,31.10,30.13,1,-1,-1,-1
1,3,613.15,346.87,34.06,32.13,1,-1,-1,-1
2,1,681.03,1419.57,30.95,29.98,1,-1,-1,-1
2,2,663.42,1315.20,30.95,29.98,1,-1,-1,-1
2,3,623.77,345.44,33.91,31.98,1,-1,-1,-1
3,1,679.51,1417.20,31.72,30.72,1,-1,-1,-1
3,2,661.00,1313.39,31.68,30.72,1,-1,-1,-1
3,3,636.83,344.99,33.88,31.95,1,-1,-1,-1
4,1,679.41,1413.60,31.92,30.96,1,-1,-1,-1
4,2,658.45,1312.84,31.18,30.23,1,-1,-1,-1
4,3,647.68,346.36,33.84,31.95,1,-1,-1,-1
5,1,678.70,1408.92,32.68,31.75,1,-1,-1,-1
5,2,656.22,1312.00,31.00,30.06,1,-1,-1,-1
5,3,659.11,346.83,33.85,31.96,1,-1,-1,-1
6,1,677.41,1404.62,32.96,32.02,1,-1,-1,-1
6,2,654.84,1311.04,30.94,30.00,1,-1,-1,-1
6,3,671.76,347.70,33.86,31.97,1,-1,-1,-1
7,1,675.61,1401.82,32.35,31.42,1,-1,-1,-1
7,2,652.72,1310.05,31.57,30.67,1,-1,-1,-1
7,3,683.09,350.07,33.81,31.97,1,-1,-1,-1
8,1,674.29,1397.54,31.41,30.50,1,-1,-1,-1
8,2,652.36,1309.05,31.14,30.24,1,-1,-1,-1
8,3,695.27,352.96,33.11,31.30,1,-1,-1,-1
9,1,673.43,1394.24,31.40,30.49,1,-1,-1,-1
9,2,650.95,1307.37,31.67,30.75,1,-1,-1,-1
9,3,707.41,355.36,32.86,31.05,1,-1,-1,-1
10,1,668.58,1389.39,31.74,30.90,1,-1,-1,-1
10,2,651.83,1306.11,31.18,30.27,1,-1,-1,-1
10,3,718.85,357.54,32.08,30.29,1,-1,-1,-1
11,1,667.17,1385.88,31.79,30.94,1,-1,-1,-1
11,2,652.61,1304.35,31.61,30.76,1,-1,-1,-1
11,3,729.69,358.96,32.44,30.69,1,-1,-1,-1
12,1,660.08,1382.87,31.77,31.00,1,-1,-1,-1
12,2,653.62,1301.74,31.72,30.94,1,-1,-1,-1
12,3,741.33,360.78,32.54,30.85,1,-1,-1,-1
13,1,655.72,1376.41,32.41,31.70,1,-1,-1,-1
13,2,655.39,1300.14,31.05,30.34,1,-1,-1,-1
13,3,753.27,362.07,31.85,30.24,1,-1,-1,-1
14,1,651.89,1372.21,32.01,31.28,1,-1,-1,-1
14,2,657.45,1297.59,31.43,30.78,1,-1,-1,-1
14,3,763.96,363.83,31.56,30.02,1,-1,-1,-1
15,1,647.86,1367.45,32.55,31.78,1,-1,-1,-1
15,2,660.22,1294.71,31.54,30.94,1,-1,-1,-1
15,3,773.52,365.76,31.44,29.95,1,-1,-1,-1
16,1,645.12,1361.85,32.76,31.96,1,-1,-1,-1
16,2,663.27,1291.69,31.55,31.00,1,-1,-1,-1
16,3,782.66,367.09,31.37,29.93,1,-1,-1,-1
17,1,642.20,1357.90,32.84,32.03,1,-1,-1,-1
17,2,666.41,1288.64,31.52,31.02,1,-1,-1,-1
17,3,791.36,368.86,31.24,29.93,1,-1,-1,-1
18,1,639.87,1353.93,32.88,32.05,1,-1,-1,-1
18,2,670.24,1286.23,31.48,31.02,1,-1,-1,-1
18,3,799.85,370.79,31.22,29.93,1,-1,-1,-1
19,1,639.08,1347.96,33.57,32.71,1,-1,-1,-1
19,2,674.96,1283.42,31.44,31.02,1,-1,-1,-1
19,3,807.66,372.12,31.11,29.94,1,-1,-1,-1
20,1,637.84,1343.23,33.27,32.30,1,-1,-1,-1
20,2,679.36,1281.11,31.40,31.02,1,-1,-1,-1
20,3,815.17,375.21,30.41,29.28,1,-1,-1,-1
21,1,636.13,1338.96,33.20,32.14,1,-1,-1,-1
21,2,683.23,1277.68,31.45,31.02,1,-1,-1,-1
21,3,822.23,376.98,30.15,29.04,1,-1,-1,-1
22,1,635.26,1334.21,33.12,32.07,1,-1,-1,-1
22,2,687.62,1274.48,31.41,31.02,1,-1,-1,-1
22,3,827.16,378.90,30.05,28.95,1,-1,-1,-1
23,1,634.37,1329.28,32.41,31.38,1,-1,-1,-1
23,2,691.86,1272.04,31.37,31.02,1,-1,-1,-1
23,3,831.02,381.55,29.92,28.93,1,-1,-1,-1
24,1,632.78,1324.94,32.82,31.79,1,-1,-1,-1
24,2,695.35,1268.56,32.00,31.68,1,-1,-1,-1
24,3,834.45,384.46,29.24,28.26,1,-1,-1,-1
25,1,633.57,1319.51,32.97,31.94,1,-1,-1,-1
25,2,698.84,1265.37,31.65,31.27,1,-1,-1,-1
25,3,837.08,387.48,28.89,28.02,1,-1,-1,-1
26,1,632.63,1315.65,33.03,31.99,1,-1,-1,-1
26,2,702.03,1262.93,31.55,31.10,1,-1,-1,-1
26,3,839.13,390.53,28.73,27.94,1,-1,-1,-1
27,1,631.68,1311.06,33.04,32.01,1,-1,-1,-1
27,2,704.44,1260.13,31.54,31.04,1,-1,-1,-1
27,3,841.65,393.58,28.63,27.91,1,-1,-1,-1
28,1,630.72,1306.20,33.05,32.02,1,-1,-1,-1
28,2,706.92,1257.84,31.47,31.02,1,-1,-1,-1
28,3,843.68,395.96,29.24,28.58,1,-1,-1,-1
29,1,631.06,1301.89,33.72,32.68,1,-1,-1,-1
29,2,708.43,1255.76,31.41,31.01,1,-1,-1,-1
29,3,843.35,399.41,29.34,28.83,1,-1,-1,-1
30,1,630.30,1299.10,33.88,32.92,1,-1,-1,-1
30,2,708.91,1253.75,31.37,31.00,1,-1,-1,-1
30,3,843.99,402.61,28.72,28.27,1,-1,-1,-1
31,1,630.65,1296.24,33.40,32.36,1,-1,-1,-1
31,2,709.28,1251.76,30.76,30.34,1,-1,-1,-1
31,3,844.39,407.04,28.37,28.06,1,-1,-1,-1
32,1,630.53,1294.01,33.17,32.14,1,-1,-1,-1
32,2,708.35,1249.79,30.47,30.09,1,-1,-1,-1
32,3,844.33,411.26,27.69,27.32,1,-1,-1,-1
33,1,631.19,1292.01,33.08,32.05,1,-1,-1,-1
33,2,707.94,1247.81,31.01,30.67,1,-1,-1,-1
33,3,843.82,414.72,28.06,27.71,1,-1,-1,-1
34,1,632.13,1290.08,33.04,32.02,1,-1,-1,-1
34,2,707.08,1245.83,31.20,30.88,1,-1,-1,-1
34,3,842.22,417.90,28.17,27.86,1,-1,-1,-1
35,1,632.51,1288.83,33.03,32.01,1,-1,-1,-1
35,2,706.05,1244.51,30.59,30.30,1,-1,-1,-1
35,3,840.48,420.30,28.30,27.93,1,-1,-1,-1
36,1,632.67,1287.83,33.02,32.00,1,-1,-1,-1
36,2,703.90,1244.11,30.43,30.08,1,-1,-1,-1
36,3,837.72,423.74,28.39,27.95,1,-1,-1,-1
37,1,633.41,1287.58,33.02,32.00,1,-1,-1,-1
37,2,702.38,1243.38,30.41,30.00,1,-1,-1,-1
37,3,835.27,425.58,28.45,27.96,1,-1,-1,-1
38,1,634.37,1286.27,33.01,32.00,1,-1,-1,-1
38,2,700.45,1242.51,29.77,29.31,1,-1,-1,-1
38,3,832.95,426.83,28.51,27.97,1,-1,-1,-1
39,1,635.40,1285.89,33.01,32.00,1,-1,-1,-1
39,2,698.73,1241.60,30.15,29.73,1,-1,-1,-1
39,3,836.28,425.86,28.65,27.98,1,-1,-1,-1
40,1,635.50,1284.51,33.60,32.66,1,-1,-1,-1
40,2,696.78,1240.65,30.26,29.88,1,-1,-1,-1
40,3,837.28,428.14,28.61,27.94,1,-1,-1,-1
41,1,635.85,1284.07,33.18,32.25,1,-1,-1,-1
41,2,694.74,1239.70,30.29,29.94,1,-1,-1,-1
41,5,823.79,426.25,32.02,31.02,1,-1,-1,-1
42,1,637.03,1285.33,32.93,32.09,1,-1,-1,-1
42,2,693.33,1238.07,30.28,29.97,1,-1,-1,-1
42,5,822.19,426.03,32.05,31.05,1,-1,-1,-1
43,1,638.81,1287.19,32.79,32.03,1,-1,-1,-1
43,2,692.16,1236.86,30.26,29.98,1,-1,-1,-1
43,5,820.99,425.23,32.05,31.05,1,-1,-1,-1
44,1,639.78,1287.29,32.79,32.01,1,-1,-1,-1
44,2,692.04,1235.13,29.67,29.32,1,-1,-1,-1
44,5,819.23,424.26,31.31,30.33,1,-1,-1,-1
45,1,640.13,1288.70,32.80,32.00,1,-1,-1,-1
45,2,691.72,1234.55,29.39,29.07,1,-1,-1,-1
45,5,815.86,423.94,31.05,30.07,1,-1,-1,-1
46,1,641.56,1291.26,32.82,32.00,1,-1,-1,-1
46,2,692.96,1232.39,28.60,28.32,1,-1,-1,-1
46,5,814.05,421.07,30.96,29.98,1,-1,-1,-1
47,1,642.74,1293.57,32.83,32.00,1,-1,-1,-1
47,2,693.46,1228.96,28.97,28.72,1,-1,-1,-1
47,5,813.16,419.38,30.87,29.96,1,-1,-1,-1
48,1,643.82,1295.78,32.85,32.00,1,-1,-1,-1
48,2,693.20,1227.25,28.85,28.60,1,-1,-1,-1
48,5,811.19,416.76,31.57,30.63,1,-1,-1,-1
49,1,645.24,1298.61,32.77,32.00,1,-1,-1,-1
49,5,810.90,415.17,31.75,30.88,1,-1,-1,-1
50,1,646.43,1301.65,32.69,32.00,1,-1,-1,-1
50,5,810.88,412.63,31.78,30.98,1,-1,-1,-1
51,1,646.87,1302.78,33.30,32.66,1,-1,-1,-1
51,2,695.89,1210.45,30.16,29.81,1,-1,-1,-1
51,5,810.96,410.39,31.06,30.34,1,-1,-1,-1
52,1,647.97,1305.15,32.92,32.25,1,-1,-1,-1
52,2,695.97,1207.59,30.19,29.84,1,-1,-1,-1
52,5,810.40,407.61,31.44,30.77,1,-1,-1,-1
53,1,649.01,1306.68,32.79,32.09,1,-1,-1,-1
53,5,810.25,405.97,30.87,30.27,1,-1,-1,-1
54,1,649.36,1307.23,32.76,32.03,1,-1,-1,-1
54,5,810.26,405.43,30.62,30.08,1,-1,-1,-1
55,1,650.12,1310.70,32.09,31.35,1,-1,-1,-1
55,2,696.64,1191.04,31.46,30.88,1,-1,-1,-1
55,5,815.26,403.29,31.27,30.67,1,-1,-1,-1
56,1,651.04,1313.97,31.85,31.09,1,-1,-1,-1
56,2,696.64,1187.82,31.08,30.32,1,-1,-1,-1
56,5,813.55,397.93,30.77,30.24,1,-1,-1,-1
57,1,650.68,1315.81,31.78,30.99,1,-1,-1,-1
57,2,695.93,1184.76,31.03,30.13,1,-1,-1,-1
57,5,813.96,393.97,30.46,30.07,1,-1,-1,-1
58,1,650.51,1319.09,31.76,30.96,1,-1,-1,-1
58,2,694.69,1182.41,31.65,30.71,1,-1,-1,-1
58,5,814.45,390.57,30.36,30.01,1,-1,-1,-1
59,1,649.74,1321.59,32.45,31.62,1,-1,-1,-1
59,2,692.91,1180.98,31.88,30.93,1,-1,-1,-1
59,5,816.93,386.73,29.73,29.32,1,-1,-1,-1
60,1,649.44,1323.79,32.72,31.87,1,-1,-1,-1
60,2,690.92,1179.91,31.97,31.01,1,-1,-1,-1
60,5,818.24,382.72,30.11,29.74,1,-1,-1,-1
61,1,648.64,1326.53,32.83,31.96,1,-1,-1,-1
61,2,688.20,1178.96,32.00,31.04,1,-1,-1,-1
61,5,819.76,378.01,30.81,30.55,1,-1,-1,-1
62,1,646.72,1330.14,33.46,32.66,1,-1,-1,-1
62,2,686.52,1178.71,32.68,31.70,1,-1,-1,-1
62,5,821.66,373.71,31.00,30.86,1,-1,-1,-1
63,1,645.64,1332.09,33.75,32.92,1,-1,-1,-1
63,2,684.60,1179.35,32.94,31.95,1,-1,-1,-1
63,5,823.73,370.21,31.01,30.98,1,-1,-1,-1
64,1,643.25,1335.38,33.86,33.01,1,-1,-1,-1
64,2,681.56,1179.69,32.46,31.38,1,-1,-1,-1
64,5,826.11,367.02,30.39,30.36,1,-1,-1,-1
65,1,641.69,1338.52,33.91,33.04,1,-1,-1,-1
65,2,678.14,1181.25,32.22,31.16,1,-1,-1,-1
65,5,828.04,362.63,30.72,30.79,1,-1,-1,-1
66,1,639.13,1340.94,33.93,33.05,1,-1,-1,-1
66,2,676.52,1181.89,32.23,31.07,1,-1,-1,-1
66,5,830.35,359.12,30.23,30.29,1,-1,-1,-1
67,1,636.87,1343.75,33.27,32.39,1,-1,-1,-1
67,2,673.96,1184.84,32.27,31.04,1,-1,-1,-1
67,5,833.84,355.27,29.38,29.43,1,-1,-1,-1
68,1,634.70,1346.05,33.70,32.80,1,-1,-1,-1
68,2,671.42,1185.99,32.24,31.02,1,-1,-1,-1
68,5,837.10,351.30,29.73,29.78,1,-1,-1,-1
69,1,632.60,1349.46,33.86,32.95,1,-1,-1,-1
69,2,670.16,1189.10,31.62,30.36,1,-1,-1,-1
69,5,840.90,346.63,30.52,30.57,1,-1,-1,-1
70,1,631.18,1352.64,33.93,33.01,1,-1,-1,-1
70,2,669.07,1191.64,31.43,30.10,1,-1,-1,-1
70,5,844.90,343.02,30.83,30.87,1,-1,-1,-1
71,1,629.09,1355.07,33.86,33.03,1,-1,-1,-1
71,2,667.07,1193.92,32.00,30.67,1,-1,-1,-1
71,5,849.64,339.81,30.94,30.98,1,-1,-1,-1
72,1,628.64,1357.87,33.88,33.03,1,-1,-1,-1
72,2,665.35,1196.07,32.28,30.89,1,-1,-1,-1
72,5,855.59,336.75,31.08,31.02,1,-1,-1,-1
73,1,627.87,1361.47,33.22,32.37,1,-1,-1,-1
73,2,665.12,1197.54,32.33,30.97,1,-1,-1,-1
73,5,861.68,333.75,30.52,30.37,1,-1,-1,-1
74,1,626.66,1364.05,33.56,32.78,1,-1,-1,-1
74,2,664.46,1200.71,31.64,30.34,1,-1,-1,-1
74,5,865.56,332.10,30.26,30.12,1,-1,-1,-1
75,1,626.93,1367.57,33.64,32.93,1,-1,-1,-1
75,2,661.99,1203.88,31.96,30.77,1,-1,-1,-1
75,5,871.16,329.62,29.58,29.37,1,-1,-1,-1
76,1,627.76,1370.77,32.96,32.33,1,-1,-1,-1
76,2,660.77,1206.34,32.10,30.92,1,-1,-1,-1
76,5,876.16,326.82,29.28,29.08,1,-1,-1,-1
77,1,629.09,1374.53,32.76,32.10,1,-1,-1,-1
77,2,660.37,1206.57,32.15,30.98,1,-1,-1,-1
77,5,881.60,324.57,29.74,29.65,1,-1,-1,-1
78,1,629.32,1377.81,32.61,32.02,1,-1,-1,-1
78,2,660.29,1208.59,31.47,30.34,1,-1,-1,-1
78,5,891.73,323.17,29.28,29.20,1,-1,-1,-1
79,1,632.38,1380.92,31.95,31.32,1,-1,-1,-1
79,2,659.67,1211.96,30.52,29.44,1,-1,-1,-1
79,5,900.74,322.78,28.44,28.37,1,-1,-1,-1
79,8,938.83,323.18,28.90,27.98,1,-1,-1,-1
80,1,634.22,1384.64,31.72,31.06,1,-1,-1,-1
80,2,658.52,1214.50,30.76,29.77,1,-1,-1,-1
80,5,907.55,322.76,27.55,27.39,1,-1,-1,-1
80,8,937.11,322.48,28.72,27.80,1,-1,-1,-1
80,9,924.80,322.98,28.19,27.22,1,-1,-1,-1
81,1,635.26,1386.57,32.24,31.64,1,-1,-1,-1
81,2,657.37,1216.15,30.67,29.68,1,-1,-1,-1
81,5,909.82,322.87,27.27,27.04,1,-1,-1,-1
81,9,919.38,323.73,27.98,26.98,1,-1,-1,-1
82,1,638.31,1389.17,31.74,31.20,1,-1,-1,-1
82,2,656.49,1222.65,30.81,29.91,1,-1,-1,-1
82,5,917.53,322.98,28.48,28.26,1,-1,-1,-1
82,9,915.93,323.88,27.67,26.68,1,-1,-1,-1
83,1,640.80,1392.02,32.19,31.70,1,-1,-1,-1
83,2,655.54,1226.30,30.76,29.96,1,-1,-1,-1
83,5,919.59,322.41,28.92,28.71,1,-1,-1,-1
84,1,644.64,1393.65,31.76,31.23,1,-1,-1,-1
84,2,654.87,1230.20,30.12,29.31,1,-1,-1,-1
84,5,920.44,321.60,29.17,28.89,1,-1,-1,-1
85,1,647.09,1394.14,32.21,31.71,1,-1,-1,-1
85,2,653.99,1233.57,29.89,29.07,1,-1,-1,-1
85,5,919.61,320.69,29.88,29.62,1,-1,-1,-1
85,9,907.83,319.29,29.89,28.82,1,-1,-1,-1
86,1,650.25,1394.90,31.77,31.24,1,-1,-1,-1
86,2,652.74,1236.73,30.40,29.65,1,-1,-1,-1
86,5,922.07,321.05,29.57,29.24,1,-1,-1,-1
86,9,906.27,320.93,30.07,29.01,1,-1,-1,-1
87,1,653.08,1395.07,32.21,31.72,1,-1,-1,-1
87,2,652.61,1239.14,30.65,29.87,1,-1,-1,-1
87,5,926.78,319.94,30.81,30.41,1,-1,-1,-1
87,8,890.98,320.96,31.86,30.94,1,-1,-1,-1
87,9,902.49,320.20,32.05,31.07,1,-1,-1,-1
88,1,655.42,1395.07,32.35,31.90,1,-1,-1,-1
88,2,652.32,1241.27,30.66,29.95,1,-1,-1,-1
88,5,932.70,319.55,31.21,30.84,1,-1,-1,-1
88,8,884.66,319.54,31.81,31.08,1,-1,-1,-1
88,9,906.39,319.28,32.00,31.18,1,-1,-1,-1
89,1,659.84,1394.99,31.81,31.31,1,-1,-1,-1
89,2,652.26,1243.95,30.62,29.98,1,-1,-1,-1
89,5,936.74,318.41,31.39,31.02,1,-1,-1,-1
89,8,875.94,317.06,31.69,31.12,1,-1,-1,-1
89,9,904.19,318.83,32.41,31.58,1,-1,-1,-1
90,1,661.84,1396.62,31.75,31.26,1,-1,-1,-1
90,2,652.29,1246.19,31.25,30.65,1,-1,-1,-1
90,5,949.31,316.29,30.60,30.27,1,-1,-1,-1
90,8,867.25,314.82,30.97,30.47,1,-1,-1,-1
91,1,666.14,1393.36,32.28,31.83,1,-1,-1,-1
91,2,653.93,1249.57,30.88,30.25,1,-1,-1,-1
91,5,954.19,315.05,30.68,30.36,1,-1,-1,-1
91,8,859.57,312.01,30.66,30.21,1,-1,-1,-1
92,1,670.02,1392.81,32.35,31.95,1,-1,-1,-1
92,2,656.57,1252.73,31.43,30.76,1,-1,-1,-1
92,8,850.69,309.00,30.41,30.11,1,-1,-1,-1
93,1,674.68,1391.27,32.36,31.99,1,-1,-1,-1
93,2,658.87,1256.46,31.65,30.94,1,-1,-1,-1
93,8,842.61,307.25,30.34,30.07,1,-1,-1,-1
94,1,677.95,1390.66,31.77,31.35,1,-1,-1,-1
94,2,661.43,1259.75,31.65,31.01,1,-1,-1,-1
94,8,836.24,306.64,30.20,30.05,1,-1,-1,-1
95,1,680.77,1390.40,32.15,31.77,1,-1,-1,-1
95,2,664.01,1262.87,31.71,31.03,1,-1,-1,-1
95,8,829.51,305.79,29.41,29.38,1,-1,-1,-1
96,1,683.06,1389.63,32.27,31.92,1,-1,-1,-1
96,2,667.60,1267.23,31.74,31.04,1,-1,-1,-1
96,8,823.96,305.53,29.73,29.79,1,-1,-1,-1
97,1,684.50,1389.98,32.30,31.98,1,-1,-1,-1
97,2,671.27,1270.75,32.35,31.70,1,-1,-1,-1
97,8,819.11,306.13,30.54,30.60,1,-1,-1,-1
98,1,685.61,1390.10,32.29,32.00,1,-1,-1,-1
98,2,674.89,1274.60,31.97,31.29,1,-1,-1,-1
98,8,815.81,307.04,30.29,30.25,1,-1,-1,-1
99,1,687.26,1390.79,32.27,32.01,1,-1,-1,-1
99,2,677.25,1277.93,32.41,31.78,1,-1,-1,-1
99,8,812.83,309.42,30.24,30.11,1,-1,-1,-1
100,1,688.74,1391.70,32.34,32.01,1,-1,-1,-1
100,2,680.73,1281.70,32.53,31.97,1,-1,-1,-1
100,8,812.57,312.33,30.27,30.05,1,-1,-1,-1
101,1,689.19,1393.35,33.07,32.67,1,-1,-1,-1
101,2,683.33,1286.30,31.88,31.38,1,-1,-1,-1
101,8,813.70,315.41,30.23,30.03,1,-1,-1,-1
102,1,690.59,1394.62,32.72,32.26,1,-1,-1,-1
102,2,685.21,1290.56,31.69,31.14,1,-1,-1,-1
102,8,815.64,319.22,30.86,30.68,1,-1,-1,-1
103,1,691.40,1396.40,32.51,32.10,1,-1,-1,-1
103,2,685.83,1294.68,31.65,31.06,1,-1,-1,-1
103,8,817.16,321.94,31.09,30.92,1,-1,-1,-1
104,1,691.64,1398.37,32.41,32.04,1,-1,-1,-1
104,2,686.36,1299.40,31.56,31.02,1,-1,-1,-1
104,8,819.20,324.93,31.16,31.01,1,-1,-1,-1
105,1,693.00,1399.74,32.35,32.02,1,-1,-1,-1
105,2,685.47,1303.69,31.59,31.01,1,-1,-1,-1
105,8,821.80,328.00,31.08,31.04,1,-1,-1,-1
106,1,694.12,1400.89,32.31,32.01,1,-1,-1,-1
106,2,683.46,1307.81,31.53,31.00,1,-1,-1,-1
106,8,825.17,330.44,30.43,30.39,1,-1,-1,-1
107,1,695.81,1401.95,32.27,32.00,1,-1,-1,-1
107,2,680.97,1311.21,31.57,31.00,1,-1,-1,-1
107,8,828.54,331.97,30.17,30.14,1,-1,-1,-1
108,1,696.39,1402.31,32.25,32.00,1,-1,-1,-1
108,2,679.98,1312.34,31.61,31.00,1,-1,-1,-1
108,8,829.84,332.49,30.07,30.04,1,-1,-1,-1
109,1,698.54,1404.39,32.22,32.00,1,-1,-1,-1
109,2,673.63,1315.93,31.65,31.00,1,-1,-1,-1
109,8,834.34,331.97,30.04,30.01,1,-1,-1,-1
110,1,699.59,1405.14,32.30,32.00,1,-1,-1,-1
110,2,667.91,1319.14,31.68,31.00,1,-1,-1,-1
110,8,838.71,331.06,30.02,30.00,1,-1,-1,-1
111,1,699.90,1406.05,32.36,32.00,1,-1,-1,-1
111,2,661.51,1322.20,31.62,31.00,1,-1,-1,-1
111,8,841.39,330.01,29.92,29.99,1,-1,-1,-1
112,1,700.61,1407.01,32.42,32.00,1,-1,-1,-1
112,2,653.86,1325.20,31.56,31.00,1,-1,-1,-1
112,8,844.40,329.58,29.83,29.99,1,-1,-1,-1
113,1,699.86,1407.34,33.05,32.66,1,-1,-1,-1
113,2,646.71,1326.87,31.60,31.00,1,-1,-1,-1
113,8,846.85,327.41,29.75,29.99,1,-1,-1,-1
114,1,699.84,1407.43,32.70,32.25,1,-1,-1,-1
114,2,638.81,1329.35,31.64,31.00,1,-1,-1,-1
114,8,850.40,325.91,29.02,29.33,1,-1,-1,-1
115,1,698.15,1407.42,33.16,32.75,1,-1,-1,-1
115,2,632.34,1330.83,31.58,31.00,1,-1,-1,-1
115,8,853.34,323.32,29.46,29.75,1,-1,-1,-1
116,1,697.79,1408.05,32.75,32.28,1,-1,-1,-1
116,2,625.41,1332.59,32.19,31.66,1,-1,-1,-1
116,8,856.36,321.05,29.65,29.90,1,-1,-1,-1
117,1,696.28,1407.60,32.61,32.10,1,-1,-1,-1
117,2,619.29,1333.82,31.82,31.25,1,-1,-1,-1
117,8,859.69,318.22,29.17,29.30,1,-1,-1,-1
118,1,695.02,1407.40,32.59,32.03,1,-1,-1,-1
118,2,612.48,1334.83,31.70,31.09,1,-1,-1,-1
118,8,862.56,315.84,29.62,29.74,1,-1,-1,-1
119,1,693.20,1407.31,32.60,32.01,1,-1,-1,-1
119,2,606.77,1336.43,31.68,31.03,1,-1,-1,-1
119,8,864.88,313.00,29.80,29.91,1,-1,-1,-1
120,1,691.18,1406.59,32.63,32.00,1,-1,-1,-1
120,2,600.52,1338.26,32.27,31.67,1,-1,-1,-1
120,8,867.00,309.98,29.87,29.97,1,-1,-1,-1
121,1,688.80,1406.31,33.24,32.66,1,-1,-1,-1
121,2,595.72,1340.85,32.45,31.91,1,-1,-1,-1
121,8,870.74,307.56,30.47,30.65,1,-1,-1,-1
121,10,944.59,309.38,29.75,30.78,1,-1,-1,-1
122,1,685.96,1406.19,33.44,32.90,1,-1,-1,-1
122,2,592.40,1343.72,31.92,31.34,1,-1,-1,-1
122,8,874.07,304.08,31.30,31.56,1,-1,-1,-1
122,10,941.79,306.49,30.03,31.03,1,-1,-1,-1
123,1,684.26,1406.79,33.48,32.99,1,-1,-1,-1
123,2,588.69,1346.70,31.74,31.12,1,-1,-1,-1
123,8,877.52,300.84,31.02,31.26,1,-1,-1,-1
123,10,939.50,303.43,30.13,31.09,1,-1,-1,-1
123,11,918.29,302.64,31.02,31.02,1,-1,-1,-1
124,1,681.68,1407.67,33.47,33.03,1,-1,-1,-1
124,2,585.86,1350.38,31.59,31.04,1,-1,-1,-1
124,8,879.02,298.35,31.01,31.13,1,-1,-1,-1
124,10,935.99,299.64,30.88,31.80,1,-1,-1,-1
124,11,912.95,298.76,31.81,31.81,1,-1,-1,-1
125,1,680.09,1408.00,34.10,33.69,1,-1,-1,-1
125,2,583.94,1354.31,31.60,31.01,1,-1,-1,-1
125,8,879.85,296.15,31.62,31.74,1,-1,-1,-1
125,10,934.14,297.02,31.17,32.04,1,-1,-1,-1
125,11,912.24,296.85,32.10,32.05,1,-1,-1,-1
126,1,678.50,1410.07,33.75,33.29,1,-1,-1,-1
126,2,582.04,1359.00,31.63,31.00,1,-1,-1,-1
126,8,880.74,294.73,31.86,31.96,1,-1,-1,-1
126,10,933.86,296.19,30.70,31.44,1,-1,-1,-1
126,11,912.43,295.61,32.16,32.12,1,-1,-1,-1
127,1,677.27,1411.52,32.97,32.47,1,-1,-1,-1
127,2,580.81,1363.31,31.66,30.99,1,-1,-1,-1
127,8,880.34,294.26,31.95,32.04,1,-1,-1,-1
127,10,932.86,295.33,31.18,31.87,1,-1,-1,-1
127,11,912.55,294.58,32.16,32.12,1,-1,-1,-1
128,1,675.23,1413.37,32.60,32.15,1,-1,-1,-1
128,2,580.49,1368.12,31.69,30.99,1,-1,-1,-1
128,8,880.11,293.50,31.98,32.07,1,-1,-1,-1
128,10,931.88,294.43,31.38,32.03,1,-1,-1,-1
128,11,914.00,294.30,32.15,32.11,1,-1,-1,-1
129,1,674.14,1415.37,32.54,32.03,1,-1,-1,-1
129,2,581.15,1371.80,31.72,30.99,1,-1,-1,-1
129,8,879.29,293.27,31.99,32.07,1,-1,-1,-1
129,10,931.58,293.51,31.48,32.08,1,-1,-1,-1
129,11,915.24,293.60,32.13,32.10,1,-1,-1,-1
130,1,672.16,1416.08,32.45,31.99,1,-1,-1,-1
130,2,582.17,1376.37,31.75,30.99,1,-1,-1,-1
130,8,878.64,291.93,32.56,32.72,1,-1,-1,-1
130,10,932.57,292.58,32.11,32.75,1,-1,-1,-1
130,11,915.42,292.73,32.72,32.76,1,-1,-1,-1
131,1,670.15,1417.65,32.39,31.98,1,-1,-1,-1
131,2,584.35,1381.27,32.35,31.65,1,-1,-1,-1
131,8,878.00,291.47,32.17,32.31,1,-1,-1,-1
131,10,931.35,290.91,32.35,33.00,1,-1,-1,-1
131,11,913.80,291.79,32.30,32.33,1,-1,-1,-1
132,1,668.79,1418.20,33.02,32.64,1,-1,-1,-1
132,2,586.56,1384.97,33.21,32.56,1,-1,-1,-1
132,8,877.04,290.70,32.01,32.15,1,-1,-1,-1
132,11,913.86,290.84,32.13,32.16,1,-1,-1,-1
133,1,667.68,1420.35,33.23,32.89,1,-1,-1,-1
133,2,589.71,1388.21,32.93,32.25,1,-1,-1,-1
133,8,875.70,289.14,31.86,32.08,1,-1,-1,-1
133,11,912.26,289.86,31.98,32.09,1,-1,-1,-1
134,1,666.95,1422.45,32.72,32.32,1,-1,-1,-1
134,2,593.63,1391.28,32.16,31.46,1,-1,-1,-1
134,8,874.81,287.28,31.86,32.05,1,-1,-1,-1
134,11,911.87,288.65,32.06,32.17,1,-1,-1,-1
135,1,666.05,1424.53,32.56,32.10,1,-1,-1,-1
135,2,597.82,1394.94,31.88,31.16,1,-1,-1,-1
135,8,874.45,285.96,31.86,32.04,1,-1,-1,-1
136,1,664.42,1427.25,32.53,32.02,1,-1,-1,-1
136,2,601.07,1397.50,32.37,31.71,1,-1,-1,-1
136,8,870.99,284.86,30.56,30.71,1,-1,-1,-1
137,1,661.86,1428.89,32.55,31.99,1,-1,-1,-1
137,2,605.21,1398.35,32.61,31.91,1,-1,-1,-1
137,8,870.86,283.51,30.46,30.61,1,-1,-1,-1
138,1,660.27,1430.77,32.58,31.98,1,-1,-1,-1
138,2,610.06,1399.20,32.05,31.33,1,-1,-1,-1
139,1,658.39,1432.09,32.62,31.98,1,-1,-1,-1
139,2,613.57,1399.38,31.75,31.11,1,-1,-1,-1
140,1,656.90,1433.56,32.59,31.95,1,-1,-1,-1
140,2,618.17,1399.34,31.61,31.02,1,-1,-1,-1
141,1,653.31,1434.23,33.35,32.76,1,-1,-1,-1
141,2,623.44,1397.24,31.61,30.99,1,-1,-1,-1
142,1,651.59,1435.61,33.40,32.82,1,-1,-1,-1
142,2,626.00,1395.71,31.64,30.99,1,-1,-1,-1
143,2,628.48,1394.40,31.77,30.98,1,-1,-1,-1
144,1,647.33,1436.37,33.63,32.99,1,-1,-1,-1
144,2,630.70,1393.19,32.37,31.65,1,-1,-1,-1
145,1,646.35,1437.18,33.58,33.02,1,-1,-1,-1
145,2,632.43,1391.40,31.98,31.24,1,-1,-1,-1
146,1,645.38,1438.11,33.53,33.03,1,-1,-1,-1
146,2,632.97,1390.00,31.84,31.08,1,-1,-1,-1
147,1,645.76,1439.08,32.81,32.37,1,-1,-1,-1
147,2,634.41,1389.46,31.81,31.02,1,-1,-1,-1
148,1,644.65,1439.40,33.18,32.78,1,-1,-1,-1
148,2,635.54,1389.24,31.80,31.00,1,-1,-1,-1
149,1,644.29,1440.14,33.29,32.93,1,-1,-1,-1
149,2,636.54,1389.15,31.81,30.99,1,-1,-1,-1
150,1,645.82,1441.71,32.09,31.67,1,-1,-1,-1
150,2,636.84,1389.11,31.83,30.99,1,-1,-1,-1
151,1,646.17,1442.92,32.23,31.86,1,-1,-1,-1
151,2,636.88,1389.75,31.85,30.99,1,-1,-1,-1
152,1,647.29,1443.34,31.70,31.27,1,-1,-1,-1
152,2,636.83,1389.98,31.86,30.99,1,-1,-1,-1
153,1,647.73,1443.44,31.53,31.05,1,-1,-1,-1
153,2,636.76,1390.07,31.87,30.99,1,-1,-1,-1
154,1,650.94,1444.11,32.08,31.63,1,-1,-1,-1
154,2,636.68,1390.09,31.89,30.99,1,-1,-1,-1
155,1,653.47,1444.99,32.26,31.86,1,-1,-1,-1
155,2,636.60,1390.09,31.90,30.99,1,-1,-1,-1
156,1,656.05,1445.29,32.41,31.94,1,-1,-1,-1
156,2,635.59,1389.42,31.81,30.99,1,-1,-1,-1
157,1,658.70,1445.37,32.40,31.98,1,-1,-1,-1
157,2,634.82,1387.84,31.83,30.99,1,-1,-1,-1
158,1,661.01,1445.37,32.37,31.99,1,-1,-1,-1
158,2,634.51,1385.92,31.17,30.33,1,-1,-1,-1
159,1,663.19,1446.01,31.67,31.33,1,-1,-1,-1
159,2,633.68,1383.20,31.61,30.75,1,-1,-1,-1
160,1,665.32,1446.88,31.39,31.09,1,-1,-1,-1
160,2,630.72,1378.25,32.46,31.57,1,-1,-1,-1
161,1,668.73,1445.86,31.94,31.66,1,-1,-1,-1
161,2,629.59,1373.79,32.79,31.87,1,-1,-1,-1
162,1,670.15,1446.33,31.92,31.64,1,-1,-1,-1
162,2,626.91,1368.19,33.49,32.65,1,-1,-1,-1
163,2,625.54,1364.80,33.80,32.93,1,-1,-1,-1
164,2,623.73,1360.30,33.25,32.39,1,-1,-1,-1
165,2,623.06,1356.02,33.04,32.17,1,-1,-1,-1
166,2,620.84,1350.53,32.97,32.08,1,-1,-1,-1
167,2,619.37,1345.26,32.94,32.05,1,-1,-1,-1
168,2,617.53,1339.42,32.94,32.03,1,-1,-1,-1
169,2,616.20,1334.69,32.94,32.02,1,-1,-1,-1
170,2,615.08,1329.07,32.94,32.02,1,-1,-1,-1
171,2,614.97,1324.44,33.04,32.02,1,-1,-1,-1
172,2,615.61,1319.54,33.13,32.01,1,-1,-1,-1
173,2,616.23,1315.19,33.12,32.01,1,-1,-1,-1
174,2,617.16,1311.06,33.11,32.01,1,-1,-1,-1
175,2,617.82,1308.33,33.19,32.01,1,-1,-1,-1
176,2,619.75,1304.81,33.86,32.67,1,-1,-1,-1
177,2,622.47,1301.64,33.42,32.26,1,-1,-1,-1
178,2,624.84,1298.62,33.24,32.10,1,-1,-1,-1
179,2,626.77,1296.30,33.06,32.04,1,-1,-1,-1
180,2,629.49,1294.24,32.94,32.01,1,-1,-1,-1
181,2,632.12,1292.94,32.26,31.34,1,-1,-1,-1
182,2,635.08,1291.93,32.01,31.09,1,-1,-1,-1
183,2,638.13,1291.67,31.92,31.00,1,-1,-1,-1
184,2,641.22,1291.68,31.90,30.97,1,-1,-1,-1
185,2,643.64,1292.44,31.90,30.96,1,-1,-1,-1
186,2,645.51,1293.48,32.49,31.62,1,-1,-1,-1
187,2,647.79,1295.24,32.09,31.22,1,-1,-1,-1
188,2,649.90,1296.65,32.62,31.72,1,-1,-1,-1
189,2,651.94,1298.53,32.82,31.91,1,-1,-1,-1
190,2,653.30,1300.59,32.90,31.98,1,-1,-1,-1
191,2,654.40,1302.72,32.94,32.01,1,-1,-1,-1
192,2,655.13,1304.86,32.86,32.02,1,-1,-1,-1
193,2,654.99,1306.98,32.20,31.36,1,-1,-1,-1
194,2,654.86,1308.45,31.96,31.11,1,-1,-1,-1
195,2,654.75,1310.31,31.88,31.02,1,-1,-1,-1
196,2,654.00,1311.65,31.86,30.98,1,-1,-1,-1
197,2,653.68,1312.79,31.86,30.97,1,-1,-1,-1
198,2,653.52,1313.85,31.87,30.97,1,-1,-1,-1
199,2,653.43,1315.55,31.88,30.97,1,-1,-1,-1
200,2,652.70,1316.81,31.89,30.98,1,-1,-1,-1
201,2,652.41,1317.92,31.90,30.98,1,-1,-1,-1
202,2,652.27,1318.30,32.59,31.64,1,-1,-1,-1
203,2,652.21,1318.41,32.85,31.89,1,-1,-1,-1
204,2,653.20,1318.42,32.86,31.99,1,-1,-1,-1
205,2,654.54,1317.73,32.23,31.36,1,-1,-1,-1
206,2,656.36,1316.78,31.99,31.12,1,-1,-1,-1
207,2,657.68,1315.74,31.91,31.03,1,-1,-1,-1
208,2,660.14,1314.01,31.89,31.00,1,-1,-1,-1
209,2,661.40,1312.02,32.48,31.65,1,-1,-1,-1
210,2,663.19,1309.97,32.65,31.89,1,-1,-1,-1
211,2,664.79,1307.88,32.76,31.98,1,-1,-1,-1
212,2,666.67,1305.78,32.82,32.02,1,-1,-1,-1
213,2,668.66,1303.04,32.85,32.03,1,-1,-1,-1
214,2,671.05,1300.71,32.77,32.03,1,-1,-1,-1
215,2,673.54,1297.88,32.79,32.03,1,-1,-1,-1
216,2,675.44,1293.56,33.39,32.68,1,-1,-1,-1
217,2,677.45,1290.01,32.91,32.27,1,-1,-1,-1
218,2,679.12,1286.74,32.78,32.11,1,-1,-1,-1
219,2,680.71,1283.59,32.65,32.05,1,-1,-1,-1
220,2,681.27,1279.84,32.57,32.02,1,-1,-1,-1
221,2,681.44,1275.86,32.50,32.01,1,-1,-1,-1
222,2,682.78,1272.47,32.45,32.01,1,-1,-1,-1
223,2,682.59,1269.30,32.41,32.01,1,-1,-1,-1
224,2,682.48,1265.56,32.37,32.01,1,-1,-1,-1
225,2,682.41,1261.61,31.67,31.34,1,-1,-1,-1
226,2,681.68,1257.57,31.38,31.09,1,-1,-1,-1
227,2,680.72,1254.18,31.26,31.00,1,-1,-1,-1
228,2,679.01,1250.37,31.21,30.97,1,-1,-1,-1
229,2,676.37,1247.08,31.18,30.96,1,-1,-1,-1
230,2,674.05,1243.97,30.49,30.30,1,-1,-1,-1
231,2,671.85,1240.27,30.89,30.72,1,-1,-1,-1
232,2,668.41,1237.02,31.04,30.88,1,-1,-1,-1
233,2,666.48,1234.59,30.42,30.28,1,-1,-1,-1
234,2,664.08,1231.15,29.61,29.39,1,-1,-1,-1
235,2,662.93,1227.98,29.41,29.19,1,-1,-1,-1
238,2,649.52,1210.90,29.27,28.96,1,-1,-1,-1
239,2,647.38,1206.97,29.10,28.80,1,-1,-1,-1
241,2,637.26,1193.87,31.05,30.64,1,-1,-1,-1
242,2,633.94,1188.47,30.84,30.23,1,-1,-1,-1
243,2,629.83,1183.31,32.08,31.41,1,-1,-1,-1
244,2,627.06,1177.59,31.89,31.19,1,-1,-1,-1
245,2,623.86,1170.98,32.39,31.76,1,-1,-1,-1
246,2,620.42,1164.71,31.98,31.31,1,-1,-1,-1
247,2,617.90,1159.22,32.51,31.79,1,-1,-1,-1
248,2,614.79,1152.73,32.62,31.97,1,-1,-1,-1
249,2,611.11,1146.51,32.61,32.04,1,-1,-1,-1
250,2,609.46,1139.74,32.01,31.40,1,-1,-1,-1
251,2,606.97,1132.75,31.80,31.15,1,-1,-1,-1
252,2,603.86,1126.37,32.31,31.72,1,-1,-1,-1
253,2,601.77,1120.87,31.90,31.27,1,-1,-1,-1
254,2,598.82,1115.05,31.66,31.10,1,-1,-1,-1
255,2,596.51,1109.77,31.54,31.03,1,-1,-1,-1
256,2,594.72,1105.36,30.89,30.34,1,-1,-1,-1
257,2,591.48,1098.60,31.35,30.75,1,-1,-1,-1
258,2,588.09,1093.64,31.45,30.91,1,-1,-1,-1
259,2,584.57,1088.67,31.55,30.96,1,-1,-1,-1
260,2,580.70,1085.03,31.61,30.99,1,-1,-1,-1
261,2,575.08,1081.89,32.23,31.66,1,-1,-1,-1
262,2,573.08,1080.86,32.43,31.91,1,-1,-1,-1
263,2,565.52,1076.73,32.57,32.00,1,-1,-1,-1
264,2,558.81,1074.68,31.98,31.37,1,-1,-1,-1
265,2,551.46,1073.44,32.35,31.80,1,-1,-1,-1
266,2,545.59,1073.76,31.79,31.29,1,-1,-1,-1
267,2,537.57,1072.74,32.22,31.76,1,-1,-1,-1
268,2,530.80,1073.11,31.68,31.28,1,-1,-1,-1
269,2,523.43,1072.75,30.21,29.76,1,-1,-1,-1
270,2,516.55,1074.11,29.59,29.19,1,-1,-1,-1
271,2,508.51,1075.36,28.08,27.65,1,-1,-1,-1
272,2,500.72,1075.94,28.16,27.77,1,-1,-1,-1
273,2,494.10,1075.51,28.18,27.82,1,-1,-1,-1
274,2,487.88,1075.41,28.18,27.85,1,-1,-1,-1
275,2,481.82,1075.42,27.49,27.21,1,-1,-1,-1
276,2,476.48,1074.81,27.91,27.65,1,-1,-1,-1
277,2,472.73,1074.61,27.39,27.15,1,-1,-1,-1
278,2,466.95,1073.74,27.15,26.92,1,-1,-1,-1
279,2,461.30,1071.39,27.25,26.93,1,-1,-1,-1
280,2,457.12,1069.43,27.19,26.91,1,-1,-1,-1
281,2,453.77,1067.43,27.16,26.91,1,-1,-1,-1
282,2,448.44,1066.19,27.00,26.75,1,-1,-1,-1
293,13,481.34,1020.61,27.25,27.22,1,-1,-1,-1
294,13,485.87,1015.92,27.04,26.98,1,-1,-1,-1
295,13,490.10,1013.07,27.03,26.92,1,-1,-1,-1
296,13,494.91,1010.83,27.07,26.91,1,-1,-1,-1
297,13,498.87,1010.88,27.07,26.92,1,-1,-1,-1
298,13,503.56,1011.02,27.07,26.93,1,-1,-1,-1
299,13,507.14,1011.16,27.07,26.94,1,-1,-1,-1
300,13,509.63,1013.32,27.75,27.63,1,-1,-1,-1
301,13,512.41,1015.48,28.00,27.88,1,-1,-1,-1
302,13,514.64,1017.67,28.08,27.98,1,-1,-1,-1
303,13,518.06,1017.54,28.14,28.04,1,-1,-1,-1
304,13,518.72,1019.44,28.90,28.80,1,-1,-1,-1
305,13,521.83,1019.54,29.04,28.94,1,-1,-1,-1
306,13,517.91,1021.49,28.32,28.23,1,-1,-1,-1
307,13,516.65,1021.93,28.17,28.09,1,-1,-1,-1
308,13,514.86,1021.42,28.78,28.70,1,-1,-1,-1
309,13,514.15,1021.22,28.99,28.93,1,-1,-1,-1
310,13,509.88,1017.85,29.07,29.01,1,-1,-1,-1
311,13,506.89,1014.58,28.43,28.38,1,-1,-1,-1
312,13,504.67,1011.35,28.28,28.14,1,-1,-1,-1
313,13,502.48,1007.52,28.27,28.04,1,-1,-1,-1
314,13,499.37,1004.12,28.21,28.01,1,-1,-1,-1
315,13,497.18,998.92,28.28,28.00,1,-1,-1,-1
316,13,495.41,993.71,28.25,27.99,1,-1,-1,-1
317,13,493.08,989.84,28.32,27.99,1,-1,-1,-1
318,13,492.21,988.47,28.38,27.99,1,-1,-1,-1
319,13,490.59,981.43,27.77,27.33,1,-1,-1,-1
320,13,489.05,976.19,28.15,27.75,1,-1,-1,-1
321,13,487.20,971.71,28.27,27.91,1,-1,-1,-1
322,13,486.84,966.83,27.73,27.31,1,-1,-1,-1
323,13,485.13,962.47,27.46,27.08,1,-1,-1,-1
324,13,484.54,956.98,27.34,27.00,1,-1,-1,-1
325,13,482.66,951.08,28.04,27.63,1,-1,-1,-1
326,13,480.01,946.37,29.01,28.53,1,-1,-1,-1
327,13,478.37,940.79,29.40,28.87,1,-1,-1,-1
328,13,476.85,936.19,29.48,29.00,1,-1,-1,-1
329,13,475.68,930.66,28.81,28.38,1,-1,-1,-1
330,13,473.60,925.42,28.62,28.14,1,-1,-1,-1
331,13,472.86,919.65,29.25,28.72,1,-1,-1,-1
332,13,472.89,915.00,29.61,28.93,1,-1,-1,-1
333,13,473.00,910.78,30.29,29.66,1,-1,-1,-1
334,13,474.41,907.37,30.51,29.94,1,-1,-1,-1
335,13,476.59,904.93,30.66,30.04,1,-1,-1,-1
336,13,479.42,902.85,30.06,29.41,1,-1,-1,-1
337,13,483.17,901.59,29.84,29.17,1,-1,-1,-1
338,13,486.26,899.93,30.36,29.73,1,-1,-1,-1
339,13,489.02,899.42,29.27,28.63,1,-1,-1,-1
340,13,492.44,899.42,28.77,28.20,1,-1,-1,-1
341,13,495.69,900.20,28.56,28.04,1,-1,-1,-1
342,13,498.19,900.59,28.45,27.99,1,-1,-1,-1
343,13,501.08,900.82,28.39,27.97,1,-1,-1,-1
344,13,503.07,901.66,28.44,27.97,1,-1,-1,-1
345,13,504.11,903.36,29.07,28.63,1,-1,-1,-1
346,13,505.12,905.35,29.28,28.88,1,-1,-1,-1
347,13,506.11,906.82,29.34,28.97,1,-1,-1,-1
348,13,507.10,909.38,28.67,28.35,1,-1,-1,-1
349,13,508.37,912.38,28.49,28.11,1,-1,-1,-1
350,13,508.77,915.49,28.46,28.02,1,-1,-1,-1
350,14,683.29,1422.52,31.93,30.98,1,-1,-1,-1
351,13,508.86,918.64,28.48,27.99,1,-1,-1,-1
351,14,679.74,1418.52,32.70,31.72,1,-1,-1,-1
352,13,507.88,923.11,28.43,27.98,1,-1,-1,-1
352,14,677.21,1413.71,32.95,31.96,1,-1,-1,-1
353,13,507.10,926.75,28.48,27.98,1,-1,-1,-1
353,14,674.30,1407.95,33.76,32.75,1,-1,-1,-1
354,13,506.10,931.38,28.53,27.98,1,-1,-1,-1
354,14,670.99,1401.93,33.97,33.02,1,-1,-1,-1
355,13,503.70,935.71,28.57,27.98,1,-1,-1,-1
355,14,668.48,1397.58,34.29,33.32,1,-1,-1,-1
356,13,501.81,939.92,29.19,28.64,1,-1,-1,-1
357,13,499.16,943.40,28.73,28.24,1,-1,-1,-1
358,13,496.82,947.94,28.52,28.08,1,-1,-1,-1
358,14,657.03,1381.35,32.15,31.32,1,-1,-1,-1
359,13,493.99,952.20,28.42,28.02,1,-1,-1,-1
359,14,652.63,1374.75,32.65,31.80,1,-1,-1,-1
360,13,490.97,957.67,28.36,28.00,1,-1,-1,-1
360,14,648.53,1368.59,32.81,31.94,1,-1,-1,-1
361,13,488.84,963.58,27.74,27.33,1,-1,-1,-1
361,14,644.84,1363.16,32.78,31.99,1,-1,-1,-1
362,13,485.76,969.02,28.80,28.41,1,-1,-1,-1
362,14,642.27,1358.67,32.73,32.01,1,-1,-1,-1
363,13,482.72,974.86,28.50,28.16,1,-1,-1,-1
363,14,639.47,1354.53,32.67,32.02,1,-1,-1,-1
364,13,478.68,980.25,28.94,28.72,1,-1,-1,-1
364,14,635.91,1348.53,32.61,32.02,1,-1,-1,-1
365,13,475.57,986.08,28.47,28.27,1,-1,-1,-1
365,14,633.00,1343.15,32.64,32.02,1,-1,-1,-1
366,13,471.15,990.78,28.94,28.76,1,-1,-1,-1
366,14,630.04,1337.35,32.68,32.02,1,-1,-1,-1
367,13,466.95,996.34,28.45,28.28,1,-1,-1,-1
367,14,627.71,1332.05,32.71,32.01,1,-1,-1,-1
368,13,461.46,1002.26,29.58,29.42,1,-1,-1,-1
368,14,626.29,1326.95,32.06,31.35,1,-1,-1,-1
369,13,457.54,1008.25,28.68,28.54,1,-1,-1,-1
369,14,623.88,1321.92,32.51,31.77,1,-1,-1,-1
370,13,456.17,1014.33,27.64,27.52,1,-1,-1,-1
370,14,620.81,1317.57,32.60,31.92,1,-1,-1,-1
371,13,453.43,1019.23,27.55,27.43,1,-1,-1,-1
371,14,618.73,1310.85,32.69,31.98,1,-1,-1,-1
372,13,451.23,1027.96,28.86,28.65,1,-1,-1,-1
372,14,616.07,1305.86,32.74,32.00,1,-1,-1,-1
373,13,448.55,1033.28,28.91,28.70,1,-1,-1,-1
373,14,613.56,1301.53,32.68,32.01,1,-1,-1,-1
374,14,611.70,1296.80,32.04,31.35,1,-1,-1,-1
375,14,610.44,1291.90,32.49,31.76,1,-1,-1,-1
376,14,608.07,1287.60,32.00,31.26,1,-1,-1,-1
377,13,451.97,1063.16,27.48,27.17,1,-1,-1,-1
377,14,604.98,1282.87,32.41,31.73,1,-1,-1,-1
378,13,455.30,1069.78,27.41,27.02,1,-1,-1,-1
378,14,601.96,1278.63,32.53,31.91,1,-1,-1,-1
379,13,457.36,1075.97,28.00,27.64,1,-1,-1,-1
379,14,598.86,1274.58,32.06,31.32,1,-1,-1,-1
380,13,456.78,1082.11,27.97,27.62,1,-1,-1,-1
380,14,595.48,1271.26,31.85,31.09,1,-1,-1,-1
381,14,592.70,1268.21,31.70,31.01,1,-1,-1,-1
382,14,590.08,1265.25,31.70,30.98,1,-1,-1,-1
383,13,466.02,1097.40,28.12,27.95,1,-1,-1,-1
383,14,587.21,1263.64,31.04,30.31,1,-1,-1,-1
384,13,466.50,1103.24,28.14,27.96,1,-1,-1,-1
384,14,583.57,1261.89,30.81,30.06,1,-1,-1,-1
385,14,579.35,1261.39,31.33,30.64,1,-1,-1,-1
386,13,463.61,1111.58,27.29,27.15,1,-1,-1,-1
386,14,574.60,1260.65,31.49,30.86,1,-1,-1,-1
387,13,461.51,1114.96,27.71,27.72,1,-1,-1,-1
387,14,571.24,1259.84,30.94,30.28,1,-1,-1,-1
388,13,460.47,1118.76,27.90,27.90,1,-1,-1,-1
388,14,568.77,1259.68,30.75,30.06,1,-1,-1,-1
389,13,458.76,1123.96,27.97,27.97,1,-1,-1,-1
389,14,565.97,1260.38,30.70,29.99,1,-1,-1,-1
390,13,456.14,1128.37,27.34,27.34,1,-1,-1,-1
390,14,563.71,1261.40,30.02,29.30,1,-1,-1,-1
391,13,454.50,1132.47,27.10,27.10,1,-1,-1,-1
391,14,561.65,1263.22,29.79,29.04,1,-1,-1,-1
392,13,453.75,1137.42,27.03,27.03,1,-1,-1,-1
392,14,560.33,1264.62,29.72,28.95,1,-1,-1,-1
393,14,557.63,1263.58,29.55,28.79,1,-1,-1,-1
398,13,454.15,1151.85,29.02,28.87,1,-1,-1,-1
398,15,559.11,1276.58,30.02,30.00,1,-1,-1,-1
399,13,453.81,1155.52,29.15,28.99,1,-1,-1,-1
399,15,559.37,1277.86,30.06,30.00,1,-1,-1,-1
400,15,559.83,1278.22,30.79,30.74,1,-1,-1,-1
401,15,559.99,1279.03,31.00,30.94,1,-1,-1,-1
402,15,563.32,1279.15,30.25,30.20,1,-1,-1,-1
403,15,565.04,1279.24,30.18,30.07,1,-1,-1,-1
404,15,567.32,1278.57,30.13,30.02,1,-1,-1,-1
405,15,568.79,1276.95,30.10,30.00,1,-1,-1,-1
406,13,469.40,1171.51,28.40,28.09,1,-1,-1,-1
406,15,571.31,1276.34,30.09,30.00,1,-1,-1,-1
407,13,468.62,1172.73,29.70,29.43,1,-1,-1,-1
407,15,573.83,1274.10,30.16,30.00,1,-1,-1,-1
408,13,467.78,1175.17,30.08,29.85,1,-1,-1,-1
408,15,575.07,1272.60,30.82,30.67,1,-1,-1,-1
409,13,467.43,1177.97,30.86,30.66,1,-1,-1,-1
409,15,577.46,1270.73,31.05,30.91,1,-1,-1,-1
410,13,466.89,1180.90,30.61,30.31,1,-1,-1,-1
410,15,579.64,1268.72,31.13,31.00,1,-1,-1,-1
411,13,465.05,1183.89,31.09,30.82,1,-1,-1,-1
411,15,581.07,1267.98,31.15,31.03,1,-1,-1,-1
412,13,462.39,1187.54,31.91,31.66,1,-1,-1,-1
412,15,582.86,1267.07,31.15,31.04,1,-1,-1,-1
413,13,460.73,1192.10,32.20,31.98,1,-1,-1,-1
413,15,584.81,1266.09,31.14,31.04,1,-1,-1,-1
414,13,458.41,1198.32,31.08,30.78,1,-1,-1,-1
414,15,586.80,1265.76,31.13,31.04,1,-1,-1,-1
415,13,457.93,1201.69,31.21,30.91,1,-1,-1,-1
415,15,589.09,1265.66,31.21,31.03,1,-1,-1,-1
416,13,456.55,1208.91,31.39,31.01,1,-1,-1,-1
416,15,591.57,1265.65,31.19,31.03,1,-1,-1,-1
417,13,455.98,1212.69,31.51,31.13,1,-1,-1,-1
417,15,594.42,1265.67,31.17,31.03,1,-1,-1,-1
418,15,597.04,1266.37,31.25,31.02,1,-1,-1,-1
419,15,599.91,1267.97,31.32,31.02,1,-1,-1,-1
420,15,602.88,1269.91,31.38,31.02,1,-1,-1,-1
421,13,456.56,1239.82,30.46,30.14,1,-1,-1,-1
421,15,606.25,1271.31,32.01,31.68,1,-1,-1,-1
422,13,458.08,1244.90,30.32,30.04,1,-1,-1,-1
422,15,609.43,1272.49,32.23,31.92,1,-1,-1,-1
423,13,460.58,1249.25,30.25,30.01,1,-1,-1,-1
423,15,613.18,1274.90,32.29,32.01,1,-1,-1,-1
424,13,463.50,1253.36,30.88,30.66,1,-1,-1,-1
424,15,616.78,1277.78,31.73,31.39,1,-1,-1,-1
425,13,466.56,1257.37,31.10,30.90,1,-1,-1,-1
425,15,620.68,1280.84,31.54,31.14,1,-1,-1,-1
426,13,471.28,1263.32,29.30,29.02,1,-1,-1,-1
426,15,625.33,1283.95,31.51,31.05,1,-1,-1,-1
427,13,474.40,1266.68,29.32,28.96,1,-1,-1,-1
427,15,629.31,1287.06,32.10,31.68,1,-1,-1,-1
428,13,478.13,1271.10,28.69,28.28,1,-1,-1,-1
428,15,633.63,1290.80,31.73,31.25,1,-1,-1,-1
429,13,480.49,1275.23,30.44,30.04,1,-1,-1,-1
429,15,638.16,1294.16,32.19,31.75,1,-1,-1,-1
430,13,484.21,1279.92,30.49,30.03,1,-1,-1,-1
430,15,642.38,1296.68,32.33,31.94,1,-1,-1,-1
431,13,486.22,1284.48,30.52,30.06,1,-1,-1,-1
431,15,648.10,1300.85,32.46,32.00,1,-1,-1,-1
432,15,653.42,1304.34,32.53,32.03,1,-1,-1,-1
433,15,658.95,1307.55,32.49,32.03,1,-1,-1,-1
434,15,665.14,1311.31,31.88,31.37,1,-1,-1,-1
435,13,501.13,1306.62,31.34,30.93,1,-1,-1,-1
435,15,670.34,1314.63,32.25,31.79,1,-1,-1,-1
436,13,504.48,1311.85,32.06,31.69,1,-1,-1,-1
436,15,676.10,1318.42,32.36,31.94,1,-1,-1,-1
437,13,508.54,1316.27,32.40,31.95,1,-1,-1,-1
437,15,681.71,1321.73,32.47,31.99,1,-1,-1,-1
438,13,513.62,1321.71,32.44,32.04,1,-1,-1,-1
438,15,686.94,1324.85,32.54,32.01,1,-1,-1,-1
439,13,518.37,1327.54,32.53,32.07,1,-1,-1,-1
439,15,692.40,1327.91,33.16,32.68,1,-1,-1,-1
440,13,523.33,1332.85,32.60,32.08,1,-1,-1,-1
440,15,698.52,1331.59,33.47,32.93,1,-1,-1,-1
441,13,529.02,1339.29,32.64,32.07,1,-1,-1,-1
441,15,703.67,1335.51,33.51,33.02,1,-1,-1,-1
442,13,533.67,1345.49,32.68,32.07,1,-1,-1,-1
442,15,709.68,1338.86,33.59,33.05,1,-1,-1,-1
443,13,539.61,1350.93,32.61,32.06,1,-1,-1,-1
443,15,714.39,1341.99,34.30,33.71,1,-1,-1,-1
444,13,545.31,1356.09,32.65,32.05,1,-1,-1,-1
444,15,719.27,1345.69,33.93,33.31,1,-1,-1,-1
445,13,550.32,1362.45,32.59,32.05,1,-1,-1,-1
445,15,724.59,1349.61,33.70,33.14,1,-1,-1,-1
446,13,556.69,1367.96,32.53,32.04,1,-1,-1,-1
446,15,729.06,1352.29,33.58,33.08,1,-1,-1,-1
447,13,563.19,1372.47,31.90,31.38,1,-1,-1,-1
447,15,732.84,1354.50,32.93,32.39,1,-1,-1,-1
448,13,567.82,1375.27,32.27,31.79,1,-1,-1,-1
448,15,736.41,1355.86,33.29,32.79,1,-1,-1,-1
449,13,572.99,1378.79,31.81,31.28,1,-1,-1,-1
449,15,740.53,1357.60,32.82,32.28,1,-1,-1,-1
450,13,578.72,1381.90,31.65,31.09,1,-1,-1,-1
450,15,745.19,1358.79,32.67,32.08,1,-1,-1,-1
451,13,583.31,1384.20,32.30,31.68,1,-1,-1,-1
451,15,748.45,1359.13,33.21,32.68,1,-1,-1,-1
452,13,587.88,1386.24,32.46,31.90,1,-1,-1,-1
452,15,751.14,1359.19,33.48,32.90,1,-1,-1,-1
453,13,593.39,1386.84,32.49,31.98,1,-1,-1,-1
453,15,753.00,1359.11,34.18,33.64,1,-1,-1,-1
454,13,597.29,1386.91,32.47,32.01,1,-1,-1,-1
454,15,755.18,1359.02,33.84,33.26,1,-1,-1,-1
455,13,601.51,1386.13,32.54,32.02,1,-1,-1,-1
455,15,756.19,1358.24,34.31,33.77,1,-1,-1,-1
456,13,604.90,1384.40,32.58,32.02,1,-1,-1,-1
456,15,757.42,1358.56,33.88,33.31,1,-1,-1,-1
457,13,609.28,1381.65,32.62,32.02,1,-1,-1,-1
457,15,758.37,1359.28,33.73,33.12,1,-1,-1,-1
458,13,612.74,1378.55,32.66,32.02,1,-1,-1,-1
458,15,757.94,1359.50,33.70,33.05,1,-1,-1,-1
459,13,615.84,1374.67,32.69,32.02,1,-1,-1,-1
459,15,757.00,1359.54,33.70,33.02,1,-1,-1,-1
460,13,618.16,1371.84,32.72,32.02,1,-1,-1,-1
460,15,755.58,1359.52,34.30,33.67,1,-1,-1,-1
461,13,621.87,1368.10,33.33,32.67,1,-1,-1,-1
461,15,753.98,1358.82,33.92,33.26,1,-1,-1,-1
462,13,625.13,1364.72,33.51,32.92,1,-1,-1,-1
462,15,751.94,1358.51,33.78,33.10,1,-1,-1,-1
463,13,627.18,1362.78,32.98,32.35,1,-1,-1,-1
463,15,749.50,1358.37,34.33,33.70,1,-1,-1,-1
464,13,630.42,1360.07,32.79,32.13,1,-1,-1,-1
464,15,746.62,1358.30,33.83,33.27,1,-1,-1,-1
465,13,633.48,1357.75,32.06,31.39,1,-1,-1,-1
465,15,743.79,1358.25,33.03,32.43,1,-1,-1,-1
466,13,636.17,1354.91,32.39,31.77,1,-1,-1,-1
466,15,740.03,1358.21,32.75,32.12,1,-1,-1,-1
467,13,638.02,1351.92,32.57,31.92,1,-1,-1,-1
467,15,736.35,1356.85,33.25,32.67,1,-1,-1,-1
468,13,640.55,1348.85,32.66,31.97,1,-1,-1,-1
468,15,733.70,1355.68,32.74,32.22,1,-1,-1,-1
469,13,642.70,1346.43,32.71,31.99,1,-1,-1,-1
469,15,730.08,1354.56,32.51,32.05,1,-1,-1,-1
470,13,644.70,1343.59,32.75,32.00,1,-1,-1,-1
470,15,726.41,1353.48,32.50,31.99,1,-1,-1,-1
471,13,646.64,1340.60,33.45,32.66,1,-1,-1,-1
471,15,721.47,1352.42,33.11,32.63,1,-1,-1,-1
472,13,647.93,1337.57,33.72,32.91,1,-1,-1,-1
472,15,717.06,1351.37,33.31,32.87,1,-1,-1,-1
473,13,648.67,1333.86,34.41,33.66,1,-1,-1,-1
473,15,712.18,1350.99,34.02,33.62,1,-1,-1,-1
474,13,650.48,1329.26,34.05,33.29,1,-1,-1,-1
474,15,707.15,1350.85,34.27,33.91,1,-1,-1,-1
475,13,652.01,1327.58,33.35,32.48,1,-1,-1,-1
475,15,702.98,1350.16,34.44,34.01,1,-1,-1,-1
476,13,653.49,1325.06,33.04,32.16,1,-1,-1,-1
476,15,699.52,1349.26,34.53,34.05,1,-1,-1,-1
477,13,654.34,1321.55,32.84,32.05,1,-1,-1,-1
477,15,696.99,1349.59,33.92,33.40,1,-1,-1,-1
478,13,655.54,1319.67,32.81,32.00,1,-1,-1,-1
478,15,694.81,1349.73,33.71,33.14,1,-1,-1,-1
479,13,656.29,1317.73,32.72,31.99,1,-1,-1,-1
479,15,692.11,1350.46,33.66,33.05,1,-1,-1,-1
480,13,656.80,1315.77,32.07,31.32,1,-1,-1,-1
480,15,688.92,1350.75,33.56,33.01,1,-1,-1,-1
481,13,657.28,1313.81,32.42,31.74,1,-1,-1,-1
481,15,686.04,1350.60,33.55,33.00,1,-1,-1,-1
481,16,677.78,1442.18,30.05,30.02,1,-1,-1,-1
482,13,659.04,1313.15,31.94,31.24,1,-1,-1,-1
482,15,682.08,1354.00,31.90,31.44,1,-1,-1,-1
482,16,673.90,1441.08,30.83,30.81,1,-1,-1,-1
483,13,660.67,1311.68,31.68,31.05,1,-1,-1,-1
483,15,679.29,1356.14,31.39,31.08,1,-1,-1,-1
483,16,671.58,1440.04,30.40,30.33,1,-1,-1,-1
484,13,662.57,1310.54,31.55,30.98,1,-1,-1,-1
484,15,676.68,1358.21,30.56,30.29,1,-1,-1,-1
484,16,668.74,1436.16,29.54,29.42,1,-1,-1,-1
485,13,663.23,1310.19,31.48,30.96,1,-1,-1,-1
485,15,672.49,1360.30,30.25,30.01,1,-1,-1,-1
485,16,667.14,1431.32,28.56,28.39,1,-1,-1,-1
486,13,664.39,1308.81,30.85,30.29,1,-1,-1,-1
486,15,669.35,1361.71,29.56,29.24,1,-1,-1,-1
486,16,664.96,1424.80,28.90,28.74,1,-1,-1,-1
487,13,665.13,1307.70,30.54,30.04,1,-1,-1,-1
487,15,665.31,1362.19,29.93,29.65,1,-1,-1,-1
487,16,661.84,1419.88,29.09,28.87,1,-1,-1,-1
488,13,664.98,1306.02,30.50,29.96,1,-1,-1,-1
488,15,661.95,1363.68,30.06,29.80,1,-1,-1,-1
488,16,658.43,1414.82,29.81,29.60,1,-1,-1,-1
489,13,664.57,1304.79,31.10,30.60,1,-1,-1,-1
489,15,659.12,1365.53,29.53,29.20,1,-1,-1,-1
489,16,653.93,1410.41,29.39,29.21,1,-1,-1,-1
490,13,665.34,1303.06,30.73,30.18,1,-1,-1,-1
490,15,656.56,1367.52,29.28,28.99,1,-1,-1,-1
490,16,651.20,1406.70,29.35,29.17,1,-1,-1,-1
491,13,665.58,1300.48,30.61,30.03,1,-1,-1,-1
491,15,653.06,1368.89,29.86,29.59,1,-1,-1,-1
492,13,664.00,1297.59,31.18,30.64,1,-1,-1,-1
492,15,649.89,1372.00,30.06,29.81,1,-1,-1,-1
492,17,647.22,1382.41,30.82,29.79,1,-1,-1,-1
493,13,662.74,1293.94,32.03,31.52,1,-1,-1,-1
493,15,647.78,1375.77,29.56,29.24,1,-1,-1,-1
493,17,645.39,1381.23,31.33,30.28,1,-1,-1,-1
494,13,662.26,1290.00,31.66,31.21,1,-1,-1,-1
494,15,646.16,1377.14,29.99,29.70,1,-1,-1,-1
494,17,639.20,1385.20,30.21,29.24,1,-1,-1,-1
495,13,661.41,1285.27,31.49,31.08,1,-1,-1,-1
495,15,646.59,1376.94,29.56,29.21,1,-1,-1,-1
495,17,635.75,1386.56,29.24,28.35,1,-1,-1,-1
496,13,659.77,1279.61,31.40,31.03,1,-1,-1,-1
496,15,648.59,1376.79,29.35,29.03,1,-1,-1,-1
496,17,628.74,1388.42,28.83,28.07,1,-1,-1,-1
497,13,658.78,1274.27,30.77,30.35,1,-1,-1,-1
497,15,651.05,1375.35,29.35,28.96,1,-1,-1,-1
497,17,620.53,1387.64,29.40,28.67,1,-1,-1,-1
498,13,656.10,1269.05,31.15,30.76,1,-1,-1,-1
498,15,652.01,1374.11,30.06,29.61,1,-1,-1,-1
498,17,611.29,1391.42,29.65,28.89,1,-1,-1,-1
499,13,653.81,1263.92,30.60,30.25,1,-1,-1,-1
499,15,652.77,1372.30,30.93,30.51,1,-1,-1,-1
499,17,605.37,1394.15,29.75,28.97,1,-1,-1,-1
