0,1,1505.00,1086.00,31.00,30.00,1,-1,-1,-1
0,2,1242.00,1090.00,35.00,34.00,1,-1,-1,-1
0,3,829.00,667.00,31.00,31.00,1,-1,-1,-1
0,4,1228.00,853.00,36.00,35.00,1,-1,-1,-1
1,1,1505.00,1086.00,31.00,30.00,1,-1,-1,-1
1,2,1245.47,1087.40,35.00,34.00,1,-1,-1,-1
1,3,831.60,665.26,31.87,31.87,1,-1,-1,-1
1,4,1228.87,852.13,36.00,35.00,1,-1,-1,-1
2,2,1248.02,1084.61,35.77,34.78,1,-1,-1,-1
2,3,832.82,664.97,32.02,32.02,1,-1,-1,-1
2,4,1229.41,851.98,36.77,35.78,1,-1,-1,-1
3,2,1250.29,1081.52,35.99,35.03,1,-1,-1,-1
3,3,834.68,664.90,32.05,32.05,1,-1,-1,-1
3,4,1231.09,851.95,36.99,36.03,1,-1,-1,-1
4,2,1253.15,1078.39,36.01,35.09,1,-1,-1,-1
4,3,835.97,664.17,32.05,32.05,1,-1,-1,-1
4,4,1232.37,851.95,37.01,36.09,1,-1,-1,-1
5,2,1255.81,1075.30,35.29,34.38,1,-1,-1,-1
5,3,837.06,663.22,32.04,32.04,1,-1,-1,-1
5,4,1234.54,851.96,36.29,35.38,1,-1,-1,-1
5,5,1504.88,1086.00,31.24,30.25,1,-1,-1,-1
6,2,1256.30,1071.53,35.69,34.82,1,-1,-1,-1
6,3,837.38,662.21,32.03,32.03,1,-1,-1,-1
6,4,1235.63,851.97,36.69,35.82,1,-1,-1,-1
6,5,1504.95,1086.00,31.10,30.12,1,-1,-1,-1
7,2,1258.10,1068.93,35.15,34.29,1,-1,-1,-1
7,3,837.44,660.50,32.03,32.03,1,-1,-1,-1
7,4,1236.66,851.97,37.49,36.66,1,-1,-1,-1
8,2,1262.08,1065.38,35.66,34.78,1,-1,-1,-1
8,3,836.73,659.22,32.02,32.02,1,-1,-1,-1
8,4,1237.99,853.32,37.13,36.29,1,-1,-1,-1
9,2,1264.26,1062.51,35.73,34.85,1,-1,-1,-1
9,3,835.09,658.11,32.02,32.02,1,-1,-1,-1
9,4,1238.81,855.19,36.91,36.14,1,-1,-1,-1
10,3,834.45,657.74,31.35,31.35,1,-1,-1,-1
10,4,1239.75,856.54,36.79,36.08,1,-1,-1,-1
11,3,833.53,656.97,31.09,31.09,1,-1,-1,-1
11,4,1240.37,857.69,36.10,35.38,1,-1,-1,-1
12,3,832.51,657.39,31.00,31.00,1,-1,-1,-1
12,4,1240.24,858.77,36.46,35.79,1,-1,-1,-1
13,3,831.75,658.92,30.39,30.30,1,-1,-1,-1
13,4,1239.81,859.15,36.64,35.94,1,-1,-1,-1
14,2,1284.97,1047.07,36.76,35.95,1,-1,-1,-1
14,3,830.49,659.52,30.80,30.72,1,-1,-1,-1
14,4,1240.26,858.60,37.40,36.66,1,-1,-1,-1
15,2,1288.08,1044.10,36.91,36.09,1,-1,-1,-1
15,3,829.37,660.41,30.28,30.21,1,-1,-1,-1
15,4,1240.39,858.37,38.36,37.58,1,-1,-1,-1
16,3,828.58,660.77,30.18,30.02,1,-1,-1,-1
16,4,1239.77,858.93,38.07,37.28,1,-1,-1,-1
17,3,828.66,661.57,30.10,29.96,1,-1,-1,-1
17,4,1239.49,860.44,37.96,37.15,1,-1,-1,-1
18,2,1302.95,1036.80,36.76,36.06,1,-1,-1,-1
18,3,828.72,661.87,30.07,29.94,1,-1,-1,-1
18,4,1238.04,862.32,37.92,37.09,1,-1,-1,-1
19,2,1305.57,1033.30,36.79,36.05,1,-1,-1,-1
19,3,828.75,661.98,30.72,30.60,1,-1,-1,-1
19,4,1236.53,864.98,37.82,37.07,1,-1,-1,-1
20,2,1309.10,1030.14,36.82,36.05,1,-1,-1,-1
20,3,829.44,662.02,30.30,30.20,1,-1,-1,-1
20,4,1234.36,867.94,38.31,37.72,1,-1,-1,-1
20,7,856.59,1098.00,30.97,30.00,1,-1,-1,-1
21,2,1313.04,1025.75,37.28,36.70,1,-1,-1,-1
21,3,829.34,662.03,30.89,30.71,1,-1,-1,-1
21,4,1231.62,870.99,38.41,37.96,1,-1,-1,-1
21,7,856.03,1097.24,30.97,30.00,1,-1,-1,-1
22,2,1315.40,1021.58,36.80,36.29,1,-1,-1,-1
22,3,829.66,662.69,31.07,30.90,1,-1,-1,-1
22,4,1228.94,874.09,37.79,37.38,1,-1,-1,-1
22,7,855.14,1096.25,30.97,30.00,1,-1,-1,-1
23,2,1317.86,1015.48,36.47,36.13,1,-1,-1,-1
23,3,829.80,662.94,30.46,30.31,1,-1,-1,-1
23,4,1223.98,875.87,37.52,37.16,1,-1,-1,-1
23,7,855.58,1095.22,30.97,30.00,1,-1,-1,-1
24,2,1318.98,1010.66,36.37,36.06,1,-1,-1,-1
24,3,830.14,663.69,30.32,30.09,1,-1,-1,-1
24,4,1219.88,877.15,37.98,37.73,1,-1,-1,-1
24,7,856.47,1094.19,30.98,30.00,1,-1,-1,-1
25,2,1318.24,1005.02,36.42,36.03,1,-1,-1,-1
25,3,830.25,664.63,30.31,30.01,1,-1,-1,-1
25,4,1216.74,877.57,37.51,37.29,1,-1,-1,-1
25,7,857.16,1092.47,31.62,30.69,1,-1,-1,-1
26,2,1319.53,999.72,36.36,36.02,1,-1,-1,-1
26,3,829.33,666.30,30.92,30.64,1,-1,-1,-1
26,4,1214.28,878.33,37.31,37.11,1,-1,-1,-1
26,7,858.42,1091.20,31.88,30.94,1,-1,-1,-1
27,2,1319.27,993.91,36.32,36.02,1,-1,-1,-1
27,3,829.65,668.23,31.14,30.88,1,-1,-1,-1
27,4,1211.07,879.23,36.65,36.38,1,-1,-1,-1
27,5,1505.01,1086.00,30.98,30.00,1,-1,-1,-1
27,7,858.89,1090.09,31.98,31.03,1,-1,-1,-1
28,2,1317.10,988.57,36.29,36.01,1,-1,-1,-1
28,3,830.06,669.60,30.64,30.31,1,-1,-1,-1
28,4,1207.92,880.17,36.45,36.11,1,-1,-1,-1
28,5,1505.02,1086.00,30.97,29.98,1,-1,-1,-1
28,7,858.38,1089.05,32.01,31.05,1,-1,-1,-1
29,2,1315.83,983.41,36.36,36.01,1,-1,-1,-1
29,3,829.26,670.10,31.06,30.76,1,-1,-1,-1
29,4,1206.13,881.14,36.41,36.01,1,-1,-1,-1
29,7,857.52,1088.03,32.02,31.06,1,-1,-1,-1
30,2,1314.99,978.99,36.32,36.01,1,-1,-1,-1
30,3,830.28,671.58,31.19,30.92,1,-1,-1,-1
30,4,1204.87,881.46,36.43,35.97,1,-1,-1,-1
30,7,856.52,1087.02,32.02,31.05,1,-1,-1,-1
31,2,1312.64,973.52,36.96,36.67,1,-1,-1,-1
31,3,832.00,672.77,30.57,30.33,1,-1,-1,-1
31,4,1204.45,881.53,36.47,35.96,1,-1,-1,-1
31,7,854.83,1086.68,31.33,30.38,1,-1,-1,-1
32,2,1310.43,968.33,37.18,36.92,1,-1,-1,-1
32,3,833.33,672.53,30.98,30.76,1,-1,-1,-1
32,4,1204.36,882.18,36.52,35.96,1,-1,-1,-1
32,7,853.52,1085.93,31.07,30.13,1,-1,-1,-1
33,2,1308.81,962.58,36.78,36.35,1,-1,-1,-1
33,3,835.13,671.76,31.13,30.93,1,-1,-1,-1
33,4,1204.38,882.38,36.56,35.97,1,-1,-1,-1
33,7,851.05,1085.02,30.98,30.03,1,-1,-1,-1
34,2,1308.50,957.28,37.28,36.79,1,-1,-1,-1
34,3,837.79,671.44,31.83,31.65,1,-1,-1,-1
34,4,1205.09,883.09,36.60,35.97,1,-1,-1,-1
34,7,848.81,1084.04,30.95,30.00,1,-1,-1,-1
35,2,1307.06,952.16,36.17,35.64,1,-1,-1,-1
35,3,840.74,670.65,32.08,31.92,1,-1,-1,-1
35,4,1206.07,883.32,36.64,35.97,1,-1,-1,-1
35,7,846.01,1083.71,30.94,29.99,1,-1,-1,-1
36,2,1305.81,945.77,36.44,35.86,1,-1,-1,-1
36,3,844.09,669.67,32.26,32.01,1,-1,-1,-1
36,4,1208.45,882.71,36.68,35.98,1,-1,-1,-1
36,7,843.00,1082.30,30.94,29.98,1,-1,-1,-1
37,2,1305.72,939.59,36.46,35.94,1,-1,-1,-1
37,3,846.63,669.95,31.71,31.39,1,-1,-1,-1
37,4,1210.70,882.45,36.71,35.98,1,-1,-1,-1
37,7,841.69,1081.40,30.91,29.95,1,-1,-1,-1
38,2,1305.99,932.83,36.54,35.98,1,-1,-1,-1
38,3,849.89,668.72,32.10,31.81,1,-1,-1,-1
38,4,1214.20,881.67,36.74,35.98,1,-1,-1,-1
38,7,838.96,1080.11,31.65,30.77,1,-1,-1,-1
39,2,1306.09,927.17,36.60,35.99,1,-1,-1,-1
39,3,853.70,668.26,31.57,31.31,1,-1,-1,-1
39,4,1216.27,880.70,37.25,36.64,1,-1,-1,-1
39,7,836.52,1078.39,31.84,30.94,1,-1,-1,-1
40,2,1306.12,921.27,36.64,35.99,1,-1,-1,-1
40,3,856.42,667.42,32.01,31.77,1,-1,-1,-1
40,4,1218.68,879.66,37.44,36.89,1,-1,-1,-1
40,7,835.01,1076.46,31.92,31.01,1,-1,-1,-1
41,2,1306.79,915.95,36.00,35.34,1,-1,-1,-1
41,3,858.04,667.10,32.16,31.95,1,-1,-1,-1
41,4,1220.91,878.60,37.48,36.99,1,-1,-1,-1
41,7,833.84,1074.46,31.95,31.03,1,-1,-1,-1
42,2,1307.69,910.18,36.46,35.75,1,-1,-1,-1
42,3,859.91,666.97,32.25,32.03,1,-1,-1,-1
42,4,1223.73,876.88,37.47,37.02,1,-1,-1,-1
42,7,832.79,1072.42,31.96,31.03,1,-1,-1,-1
43,2,1309.34,904.91,36.65,35.91,1,-1,-1,-1
43,3,860.32,664.63,32.22,32.02,1,-1,-1,-1
43,4,1228.07,874.25,37.44,37.03,1,-1,-1,-1
43,7,832.16,1070.38,32.55,31.69,1,-1,-1,-1
44,2,1311.27,899.82,36.73,35.97,1,-1,-1,-1
44,3,860.89,663.41,32.31,32.03,1,-1,-1,-1
44,4,1231.66,871.95,37.40,37.03,1,-1,-1,-1
44,7,831.99,1069.00,32.72,31.94,1,-1,-1,-1
45,2,1313.96,893.49,36.78,35.99,1,-1,-1,-1
45,3,862.09,662.33,32.28,32.03,1,-1,-1,-1
45,4,1234.96,869.12,37.36,37.03,1,-1,-1,-1
45,7,832.00,1067.87,32.73,32.03,1,-1,-1,-1
46,2,1314.66,887.34,37.38,36.66,1,-1,-1,-1
46,3,862.49,661.27,32.26,32.03,1,-1,-1,-1
46,4,1238.42,866.09,36.76,36.37,1,-1,-1,-1
46,7,832.73,1067.49,32.02,31.40,1,-1,-1,-1
47,2,1317.18,881.26,37.00,36.25,1,-1,-1,-1
47,3,863.25,660.24,32.23,32.03,1,-1,-1,-1
47,4,1242.67,862.99,36.47,36.11,1,-1,-1,-1
47,7,832.42,1066.74,31.71,31.15,1,-1,-1,-1
48,2,1321.41,875.88,36.86,36.10,1,-1,-1,-1
48,3,864.15,660.53,31.54,31.37,1,-1,-1,-1
48,4,1247.52,859.22,36.34,36.02,1,-1,-1,-1
48,7,832.63,1065.18,31.66,31.06,1,-1,-1,-1
49,2,1323.34,870.10,36.73,36.03,1,-1,-1,-1
49,3,864.05,660.00,31.37,31.11,1,-1,-1,-1
49,4,1252.57,854.55,36.27,35.99,1,-1,-1,-1
49,7,832.07,1063.98,31.66,31.02,1,-1,-1,-1
50,2,1324.98,863.50,36.73,36.01,1,-1,-1,-1
50,3,864.33,660.49,31.25,31.02,1,-1,-1,-1
50,4,1256.65,850.21,36.33,35.98,1,-1,-1,-1
50,7,831.88,1062.25,31.68,31.01,1,-1,-1,-1
51,2,1327.24,856.60,36.66,36.00,1,-1,-1,-1
51,3,864.40,661.35,31.20,30.99,1,-1,-1,-1
51,4,1262.03,845.34,35.72,35.31,1,-1,-1,-1
51,7,831.83,1060.33,31.71,31.00,1,-1,-1,-1
52,2,1330.32,850.25,36.69,36.00,1,-1,-1,-1
52,3,865.06,661.69,30.50,30.31,1,-1,-1,-1
52,4,1265.63,839.60,36.11,35.73,1,-1,-1,-1
52,7,831.53,1058.99,32.31,31.66,1,-1,-1,-1
53,2,1331.80,844.12,36.62,36.00,1,-1,-1,-1
53,3,864.88,661.16,30.99,30.73,1,-1,-1,-1
53,4,1269.51,833.60,36.23,35.89,1,-1,-1,-1
53,7,831.45,1057.22,33.17,32.56,1,-1,-1,-1
54,2,1331.64,837.40,37.23,36.66,1,-1,-1,-1
54,3,864.49,660.98,31.79,31.55,1,-1,-1,-1
54,4,1272.85,827.48,36.26,35.95,1,-1,-1,-1
54,7,831.74,1055.28,32.89,32.25,1,-1,-1,-1
55,2,1333.52,831.79,37.43,36.91,1,-1,-1,-1
55,3,865.91,660.91,31.52,31.20,1,-1,-1,-1
55,4,1276.91,821.33,36.35,35.98,1,-1,-1,-1
55,7,831.59,1053.94,32.70,32.13,1,-1,-1,-1
56,2,1333.82,827.25,36.90,36.34,1,-1,-1,-1
56,3,866.80,661.56,30.68,30.40,1,-1,-1,-1
56,4,1280.00,815.84,36.99,36.65,1,-1,-1,-1
56,7,831.85,1053.49,32.02,31.41,1,-1,-1,-1
57,2,1335.56,823.80,36.63,36.12,1,-1,-1,-1
57,3,867.39,660.48,31.12,30.77,1,-1,-1,-1
57,4,1284.72,811.28,36.46,36.24,1,-1,-1,-1
57,7,830.62,1052.05,31.78,31.14,1,-1,-1,-1
58,2,1335.52,820.07,36.49,36.04,1,-1,-1,-1
58,3,867.57,660.09,31.32,30.91,1,-1,-1,-1
58,4,1288.68,807.73,36.28,36.08,1,-1,-1,-1
58,7,829.50,1050.23,32.38,31.70,1,-1,-1,-1
59,2,1336.12,818.21,36.42,36.01,1,-1,-1,-1
59,3,868.25,659.29,31.43,30.96,1,-1,-1,-1
59,4,1290.70,804.56,36.20,36.03,1,-1,-1,-1
59,7,828.43,1048.94,32.63,31.91,1,-1,-1,-1
60,2,1337.28,813.24,36.40,35.99,1,-1,-1,-1
60,3,869.50,657.01,32.75,32.30,1,-1,-1,-1
60,4,1296.25,802.19,36.92,36.66,1,-1,-1,-1
60,7,826.43,1047.19,33.31,32.65,1,-1,-1,-1
61,3,870.24,657.47,31.99,31.50,1,-1,-1,-1
61,4,1300.17,800.77,36.57,36.25,1,-1,-1,-1
61,7,824.03,1045.92,33.62,32.92,1,-1,-1,-1
62,2,1331.32,813.20,37.21,36.84,1,-1,-1,-1
62,3,870.85,657.68,32.29,31.85,1,-1,-1,-1
62,4,1305.84,801.06,37.05,36.75,1,-1,-1,-1
62,7,821.16,1045.48,33.76,33.02,1,-1,-1,-1
63,2,1325.29,809.07,36.73,36.29,1,-1,-1,-1
63,3,872.67,657.11,33.14,32.63,1,-1,-1,-1
63,4,1311.79,801.28,37.20,36.93,1,-1,-1,-1
63,7,818.50,1046.03,33.72,33.06,1,-1,-1,-1
64,2,1325.81,811.68,36.60,36.10,1,-1,-1,-1
64,3,873.69,658.21,32.72,32.27,1,-1,-1,-1
64,4,1315.89,801.47,36.59,36.34,1,-1,-1,-1
64,7,816.52,1046.94,33.09,32.41,1,-1,-1,-1
65,2,1320.41,804.16,37.81,37.35,1,-1,-1,-1
65,3,874.06,659.32,32.53,32.12,1,-1,-1,-1
65,4,1320.00,799.06,36.59,36.35,1,-1,-1,-1
65,7,813.54,1048.00,32.77,32.15,1,-1,-1,-1
66,2,1317.78,801.45,38.24,37.82,1,-1,-1,-1
66,3,875.50,659.74,32.44,32.07,1,-1,-1,-1
66,7,811.46,1049.10,32.03,31.39,1,-1,-1,-1
67,2,1318.21,801.21,39.49,39.30,1,-1,-1,-1
67,3,876.38,659.71,32.49,32.12,1,-1,-1,-1
67,7,809.39,1050.20,31.78,31.11,1,-1,-1,-1
68,2,1319.38,801.86,39.28,39.21,1,-1,-1,-1
68,3,879.27,659.93,32.37,32.04,1,-1,-1,-1
68,7,807.73,1051.30,31.61,31.00,1,-1,-1,-1
69,2,1320.57,803.57,38.47,38.51,1,-1,-1,-1
69,3,880.35,659.93,32.41,32.08,1,-1,-1,-1
69,7,806.52,1051.72,31.51,30.97,1,-1,-1,-1
70,2,1323.34,805.68,36.88,36.91,1,-1,-1,-1
70,3,881.77,660.77,32.32,32.03,1,-1,-1,-1
70,7,804.44,1051.21,31.55,30.96,1,-1,-1,-1
71,2,1328.05,806.59,35.69,35.62,1,-1,-1,-1
71,3,882.88,660.86,32.35,32.06,1,-1,-1,-1
71,7,802.38,1051.69,31.59,30.96,1,-1,-1,-1
72,2,1327.16,809.70,35.79,35.82,1,-1,-1,-1
72,3,885.47,661.77,32.28,32.02,1,-1,-1,-1
72,7,799.67,1051.21,31.62,30.96,1,-1,-1,-1
73,2,1335.78,808.87,34.54,34.57,1,-1,-1,-1
73,3,886.74,661.95,32.30,32.04,1,-1,-1,-1
73,7,797.39,1051.70,30.99,30.30,1,-1,-1,-1
73,8,1310.97,828.21,34.27,35.17,1,-1,-1,-1
74,2,1342.69,809.29,34.85,34.78,1,-1,-1,-1
74,7,794.60,1051.22,31.45,30.73,1,-1,-1,-1
74,8,1307.98,831.99,34.06,34.89,1,-1,-1,-1
75,2,1349.13,808.81,35.02,34.86,1,-1,-1,-1
75,7,792.29,1051.04,31.63,30.88,1,-1,-1,-1
75,8,1304.95,832.94,34.83,35.58,1,-1,-1,-1
76,2,1354.10,808.66,35.81,35.56,1,-1,-1,-1
76,7,789.89,1050.32,31.63,30.95,1,-1,-1,-1
76,8,1302.61,833.82,35.16,35.83,1,-1,-1,-1
77,2,1357.82,809.29,36.15,35.83,1,-1,-1,-1
77,7,788.69,1049.39,31.68,30.97,1,-1,-1,-1
77,8,1300.50,833.98,35.35,35.92,1,-1,-1,-1
78,2,1363.73,812.20,35.65,35.27,1,-1,-1,-1
78,7,787.65,1047.72,32.39,31.64,1,-1,-1,-1
78,8,1299.15,834.61,34.81,35.27,1,-1,-1,-1
79,2,1369.53,813.99,36.08,35.73,1,-1,-1,-1
79,7,785.72,1046.45,32.58,31.90,1,-1,-1,-1
79,8,1296.70,834.74,36.04,36.41,1,-1,-1,-1
80,2,1375.18,816.64,35.65,35.24,1,-1,-1,-1
80,3,904.47,663.96,33.19,32.96,1,-1,-1,-1
80,7,785.36,1045.33,32.04,31.33,1,-1,-1,-1
80,8,1295.86,836.08,35.88,36.15,1,-1,-1,-1
81,2,1380.18,818.98,36.09,35.72,1,-1,-1,-1
81,3,907.44,664.06,33.21,33.01,1,-1,-1,-1
81,7,784.63,1043.59,31.84,31.11,1,-1,-1,-1
81,8,1294.95,837.18,35.21,35.38,1,-1,-1,-1
82,2,1385.24,821.81,36.24,35.90,1,-1,-1,-1
82,3,910.70,665.42,32.67,32.37,1,-1,-1,-1
82,7,783.75,1041.64,31.79,31.03,1,-1,-1,-1
82,8,1294.40,837.52,35.61,35.77,1,-1,-1,-1
83,2,1390.31,824.18,36.27,35.97,1,-1,-1,-1
83,3,914.21,665.92,33.06,32.79,1,-1,-1,-1
83,7,782.81,1038.95,31.78,31.00,1,-1,-1,-1
83,8,1294.25,838.27,35.77,35.91,1,-1,-1,-1
84,2,1395.66,827.03,35.70,35.33,1,-1,-1,-1
84,3,916.38,666.09,33.30,32.95,1,-1,-1,-1
84,7,781.85,1037.31,31.11,30.33,1,-1,-1,-1
84,8,1293.89,837.83,35.92,35.97,1,-1,-1,-1
85,2,1401.49,830.73,35.52,35.09,1,-1,-1,-1
85,3,919.73,667.47,32.77,32.34,1,-1,-1,-1
85,7,781.26,1034.73,31.46,30.75,1,-1,-1,-1
85,8,1294.45,836.96,35.37,35.32,1,-1,-1,-1
86,2,1407.18,834.05,35.39,35.01,1,-1,-1,-1
86,3,922.16,667.92,32.76,32.33,1,-1,-1,-1
86,7,781.37,1030.52,32.32,31.56,1,-1,-1,-1
86,8,1295.75,834.57,35.79,35.75,1,-1,-1,-1
87,2,1412.75,836.57,36.09,35.64,1,-1,-1,-1
87,3,926.66,668.86,33.35,32.85,1,-1,-1,-1
87,7,780.14,1028.31,32.66,31.87,1,-1,-1,-1
87,8,1297.59,831.69,35.95,35.91,1,-1,-1,-1
88,2,1418.63,838.77,35.72,35.22,1,-1,-1,-1
88,3,929.92,669.79,32.84,32.29,1,-1,-1,-1
88,7,778.39,1026.22,33.47,32.64,1,-1,-1,-1
88,8,1299.64,827.94,36.00,35.97,1,-1,-1,-1
89,2,1424.62,840.86,35.60,35.06,1,-1,-1,-1
89,3,933.67,669.45,33.36,32.76,1,-1,-1,-1
89,7,777.11,1024.83,33.11,32.28,1,-1,-1,-1
89,8,1303.74,824.54,36.69,36.65,1,-1,-1,-1
90,2,1429.70,842.23,35.49,35.00,1,-1,-1,-1
90,3,936.94,669.31,32.91,32.27,1,-1,-1,-1
90,7,776.01,1023.05,32.98,32.13,1,-1,-1,-1
90,8,1307.26,819.99,36.94,36.91,1,-1,-1,-1
91,2,1434.75,843.34,35.42,34.98,1,-1,-1,-1
91,3,939.83,669.69,32.89,32.25,1,-1,-1,-1
91,7,774.32,1021.12,32.93,32.07,1,-1,-1,-1
91,8,1311.88,815.00,36.37,36.35,1,-1,-1,-1
92,2,1439.12,844.36,35.38,34.98,1,-1,-1,-1
92,3,943.50,668.45,33.41,32.83,1,-1,-1,-1
92,7,773.06,1019.80,32.92,32.05,1,-1,-1,-1
92,8,1315.61,809.17,36.81,36.79,1,-1,-1,-1
93,2,1443.23,844.67,36.01,35.64,1,-1,-1,-1
93,3,946.94,667.55,33.59,32.96,1,-1,-1,-1
93,7,771.69,1018.04,32.82,32.03,1,-1,-1,-1
93,8,1318.57,803.75,37.07,36.95,1,-1,-1,-1
94,2,1448.20,846.71,34.99,34.57,1,-1,-1,-1
94,3,949.15,667.22,33.56,33.00,1,-1,-1,-1
94,7,770.20,1016.12,32.84,32.03,1,-1,-1,-1
94,8,1322.25,799.14,36.55,36.36,1,-1,-1,-1
95,2,1452.22,848.09,35.21,34.83,1,-1,-1,-1
95,3,951.87,667.09,33.52,33.02,1,-1,-1,-1
95,7,768.36,1014.80,32.85,32.02,1,-1,-1,-1
95,8,1326.22,794.84,36.40,36.12,1,-1,-1,-1
96,2,1455.84,849.87,35.37,34.93,1,-1,-1,-1
96,3,954.13,667.04,32.80,32.36,1,-1,-1,-1
96,7,766.39,1013.71,32.86,32.02,1,-1,-1,-1
96,8,1328.94,790.68,36.38,36.04,1,-1,-1,-1
97,2,1460.97,852.47,35.46,34.96,1,-1,-1,-1
97,3,955.53,667.69,32.50,32.11,1,-1,-1,-1
97,7,765.70,1013.36,32.20,31.36,1,-1,-1,-1
97,8,1330.81,786.57,36.50,36.00,1,-1,-1,-1
98,2,1466.02,855.37,35.52,34.98,1,-1,-1,-1
98,3,957.58,667.92,32.47,32.02,1,-1,-1,-1
98,7,764.17,1012.63,31.96,31.10,1,-1,-1,-1
98,8,1333.48,782.50,36.44,35.99,1,-1,-1,-1
99,2,1469.44,858.38,35.48,34.99,1,-1,-1,-1
99,3,958.89,668.01,32.49,31.99,1,-1,-1,-1
99,7,762.30,1011.08,32.56,31.68,1,-1,-1,-1
99,8,1335.74,775.79,37.07,36.65,1,-1,-1,-1
100,2,1473.87,861.43,35.44,34.99,1,-1,-1,-1
100,3,959.93,668.04,32.53,31.98,1,-1,-1,-1
100,7,760.98,1009.23,33.46,32.55,1,-1,-1,-1
100,8,1336.15,772.06,36.71,36.24,1,-1,-1,-1
101,2,1478.96,865.15,34.82,34.33,1,-1,-1,-1
101,3,960.87,668.71,33.25,32.64,1,-1,-1,-1
101,7,759.87,1007.92,33.81,32.88,1,-1,-1,-1
101,8,1334.21,768.15,36.60,36.08,1,-1,-1,-1
102,2,1484.01,867.13,34.62,34.08,1,-1,-1,-1
102,3,963.03,668.87,33.28,32.67,1,-1,-1,-1
102,7,758.85,1007.48,33.94,33.00,1,-1,-1,-1
102,8,1334.73,762.85,36.58,36.02,1,-1,-1,-1
103,2,1490.35,869.12,34.57,33.99,1,-1,-1,-1
103,7,757.86,1007.36,33.32,32.39,1,-1,-1,-1
103,8,1332.86,759.00,36.60,36.00,1,-1,-1,-1
104,2,1496.90,871.10,34.49,33.96,1,-1,-1,-1
104,3,962.98,670.72,33.62,32.96,1,-1,-1,-1
104,7,756.21,1007.38,33.08,32.15,1,-1,-1,-1
104,8,1329.45,755.06,36.63,35.99,1,-1,-1,-1
105,2,1503.45,872.43,33.85,33.29,1,-1,-1,-1
105,3,963.65,671.01,33.01,32.32,1,-1,-1,-1
105,7,754.32,1007.43,32.99,32.06,1,-1,-1,-1
105,8,1326.14,751.73,36.67,35.99,1,-1,-1,-1
106,2,1509.69,873.50,33.64,33.04,1,-1,-1,-1
106,3,965.26,671.32,32.99,32.30,1,-1,-1,-1
106,7,752.99,1006.82,32.96,32.02,1,-1,-1,-1
106,8,1323.26,748.64,36.60,35.99,1,-1,-1,-1
107,2,1515.12,873.82,33.59,32.96,1,-1,-1,-1
107,3,965.52,671.14,32.78,32.06,1,-1,-1,-1
107,7,751.88,1005.97,32.95,32.01,1,-1,-1,-1
107,8,1320.20,745.64,36.54,35.99,1,-1,-1,-1
108,2,1520.94,874.53,32.93,32.27,1,-1,-1,-1
108,3,965.71,670.45,33.45,32.69,1,-1,-1,-1
108,7,750.19,1005.02,32.95,32.00,1,-1,-1,-1
108,8,1316.71,742.66,36.59,35.99,1,-1,-1,-1
109,2,1526.21,874.05,32.70,32.01,1,-1,-1,-1
109,3,967.08,670.21,33.69,32.90,1,-1,-1,-1
109,7,748.28,1004.04,32.96,32.00,1,-1,-1,-1
109,8,1312.76,738.37,36.63,35.99,1,-1,-1,-1
110,2,1530.62,873.81,32.65,31.93,1,-1,-1,-1
110,3,968.20,668.79,33.80,32.98,1,-1,-1,-1
110,7,746.29,1002.38,33.64,32.66,1,-1,-1,-1
110,8,1308.00,736.89,35.99,35.33,1,-1,-1,-1
111,2,1534.43,872.34,33.23,32.57,1,-1,-1,-1
111,3,969.61,667.59,33.74,33.01,1,-1,-1,-1
111,7,744.27,1000.48,33.89,32.91,1,-1,-1,-1
111,8,1303.28,735.16,36.35,35.75,1,-1,-1,-1
112,2,1537.67,871.10,33.42,32.82,1,-1,-1,-1
112,3,970.11,666.48,33.68,33.02,1,-1,-1,-1
112,7,742.25,999.13,33.32,32.34,1,-1,-1,-1
112,8,1299.91,733.30,35.88,35.25,1,-1,-1,-1
113,2,1540.04,869.93,33.46,32.91,1,-1,-1,-1
113,3,970.28,666.07,33.61,33.02,1,-1,-1,-1
113,7,739.56,998.67,33.09,32.12,1,-1,-1,-1
113,8,1295.38,732.07,36.40,35.72,1,-1,-1,-1
114,2,1542.74,868.15,33.45,32.95,1,-1,-1,-1
114,3,970.97,664.60,33.55,33.02,1,-1,-1,-1
114,7,737.29,997.87,33.01,32.04,1,-1,-1,-1
114,8,1290.46,730.39,36.61,35.90,1,-1,-1,-1
115,2,1544.93,867.46,33.42,32.97,1,-1,-1,-1
115,3,970.54,664.72,33.50,33.02,1,-1,-1,-1
115,7,735.17,996.29,33.66,32.67,1,-1,-1,-1
115,8,1287.35,727.89,37.38,36.63,1,-1,-1,-1
116,2,1546.26,866.53,33.38,32.98,1,-1,-1,-1
116,3,970.35,664.78,33.45,33.02,1,-1,-1,-1
116,7,733.77,995.07,33.90,32.91,1,-1,-1,-1
116,8,1282.99,727.03,37.01,36.25,1,-1,-1,-1
117,2,1546.61,866.18,33.35,32.98,1,-1,-1,-1
117,3,968.28,664.82,33.41,33.02,1,-1,-1,-1
117,7,732.66,993.99,33.99,32.99,1,-1,-1,-1
117,8,1279.07,726.16,36.98,36.09,1,-1,-1,-1
118,2,1546.62,866.04,33.32,32.99,1,-1,-1,-1
118,3,968.80,665.50,33.37,33.01,1,-1,-1,-1
118,7,730.98,992.96,34.03,33.02,1,-1,-1,-1
118,8,1275.13,727.25,36.16,35.38,1,-1,-1,-1
119,2,1546.50,866.00,33.29,32.99,1,-1,-1,-1
119,3,968.33,665.11,33.33,33.01,1,-1,-1,-1
119,7,730.13,991.96,33.94,33.03,1,-1,-1,-1
119,8,1271.12,726.43,36.48,35.77,1,-1,-1,-1
120,2,1545.69,865.98,33.26,32.99,1,-1,-1,-1
120,3,967.49,664.97,33.30,33.01,1,-1,-1,-1
120,7,728.58,991.62,33.85,33.03,1,-1,-1,-1
120,8,1268.43,726.84,36.57,35.92,1,-1,-1,-1
121,2,1544.63,865.31,33.24,32.99,1,-1,-1,-1
121,3,965.18,664.93,33.27,33.01,1,-1,-1,-1
121,7,728.36,991.53,33.87,33.03,1,-1,-1,-1
121,8,1266.24,727.07,35.89,35.31,1,-1,-1,-1
122,2,1543.11,864.41,32.64,32.33,1,-1,-1,-1
122,3,965.13,664.75,33.28,33.03,1,-1,-1,-1
122,7,727.67,991.53,33.88,33.03,1,-1,-1,-1
122,8,1263.19,727.23,35.70,35.08,1,-1,-1,-1
123,2,1541.76,863.40,32.46,32.08,1,-1,-1,-1
123,3,963.71,664.91,32.56,32.23,1,-1,-1,-1
123,7,727.18,991.57,33.80,33.03,1,-1,-1,-1
123,8,1259.49,727.34,36.32,35.66,1,-1,-1,-1
124,2,1540.24,863.04,32.33,31.99,1,-1,-1,-1
124,3,962.68,664.93,32.45,32.05,1,-1,-1,-1
124,7,727.35,991.61,33.82,33.02,1,-1,-1,-1
124,8,1256.88,726.75,36.58,35.88,1,-1,-1,-1
125,2,1539.92,862.25,32.37,31.96,1,-1,-1,-1
125,3,960.68,664.93,33.02,32.66,1,-1,-1,-1
125,7,727.45,990.99,33.83,33.02,1,-1,-1,-1
125,8,1255.35,727.23,36.02,35.31,1,-1,-1,-1
126,2,1538.80,861.30,32.99,32.62,1,-1,-1,-1
126,3,958.93,664.28,33.31,32.88,1,-1,-1,-1
126,7,726.58,990.78,34.43,33.68,1,-1,-1,-1
126,8,1251.95,727.46,35.73,35.09,1,-1,-1,-1
127,2,1538.37,861.61,33.21,32.87,1,-1,-1,-1
127,3,956.95,664.04,33.45,32.97,1,-1,-1,-1
127,7,725.93,990.07,34.70,33.92,1,-1,-1,-1
127,8,1249.48,726.25,35.59,35.01,1,-1,-1,-1
128,2,1539.13,861.75,32.70,32.30,1,-1,-1,-1
128,3,955.26,664.61,34.11,33.66,1,-1,-1,-1
128,7,725.06,989.82,34.81,34.01,1,-1,-1,-1
128,8,1246.98,724.50,34.93,34.32,1,-1,-1,-1
129,2,1539.38,861.82,32.54,32.09,1,-1,-1,-1
129,3,953.36,664.83,34.32,33.92,1,-1,-1,-1
129,7,724.10,989.75,34.86,34.04,1,-1,-1,-1
129,8,1244.15,721.87,35.38,34.73,1,-1,-1,-1
130,2,1540.11,862.52,32.51,32.01,1,-1,-1,-1
130,3,950.98,664.92,34.48,34.01,1,-1,-1,-1
130,7,723.11,990.40,34.89,34.05,1,-1,-1,-1
130,8,1240.54,720.26,34.90,34.22,1,-1,-1,-1
131,2,1540.73,863.45,32.44,31.98,1,-1,-1,-1
131,3,949.16,665.62,34.47,34.04,1,-1,-1,-1
131,7,722.11,991.32,34.23,33.39,1,-1,-1,-1
131,8,1237.29,717.71,35.42,34.70,1,-1,-1,-1
132,2,1541.90,864.47,32.48,31.97,1,-1,-1,-1
132,3,946.83,667.20,34.53,34.05,1,-1,-1,-1
132,7,720.44,993.02,33.99,33.14,1,-1,-1,-1
132,8,1235.22,714.82,36.20,35.54,1,-1,-1,-1
133,2,1543.34,864.85,33.10,32.63,1,-1,-1,-1
133,3,945.32,668.45,34.58,34.05,1,-1,-1,-1
133,7,718.53,994.99,33.22,32.38,1,-1,-1,-1
133,8,1232.87,712.46,35.89,35.20,1,-1,-1,-1
134,2,1545.85,864.99,33.31,32.88,1,-1,-1,-1
134,3,943.47,669.58,34.62,34.05,1,-1,-1,-1
134,7,716.51,997.06,32.95,32.09,1,-1,-1,-1
134,8,1229.15,710.30,37.04,36.39,1,-1,-1,-1
135,2,1548.76,865.04,33.36,32.98,1,-1,-1,-1
135,3,941.49,670.65,34.66,34.04,1,-1,-1,-1
135,7,714.47,998.49,32.86,31.99,1,-1,-1,-1
135,8,1227.49,708.88,36.86,36.18,1,-1,-1,-1
136,2,1549.86,865.16,33.42,33.03,1,-1,-1,-1
136,3,939.46,671.70,34.69,34.04,1,-1,-1,-1
136,7,712.42,999.01,32.84,31.96,1,-1,-1,-1
136,8,1225.65,707.75,36.80,36.10,1,-1,-1,-1
137,3,937.42,672.08,34.72,34.03,1,-1,-1,-1
137,7,710.38,999.84,32.84,31.95,1,-1,-1,-1
137,8,1223.07,706.72,36.79,36.06,1,-1,-1,-1
138,3,935.76,672.20,34.65,34.03,1,-1,-1,-1
138,7,709.00,1000.14,32.85,31.95,1,-1,-1,-1
138,8,1219.93,705.07,37.38,36.70,1,-1,-1,-1
139,3,933.23,671.57,34.59,34.03,1,-1,-1,-1
139,7,707.87,1000.22,32.86,31.95,1,-1,-1,-1
139,8,1218.19,703.84,37.56,36.94,1,-1,-1,-1
140,3,932.34,671.97,34.53,34.02,1,-1,-1,-1
140,7,706.18,1000.24,32.88,31.96,1,-1,-1,-1
140,8,1214.65,702.78,37.02,36.37,1,-1,-1,-1
141,3,930.74,672.33,34.57,34.06,1,-1,-1,-1
141,7,704.64,1000.23,32.79,31.96,1,-1,-1,-1
141,8,1211.42,702.44,36.82,36.15,1,-1,-1,-1
142,7,702.15,998.88,33.40,32.63,1,-1,-1,-1
142,8,1208.98,702.36,36.09,35.40,1,-1,-1,-1
143,3,930.28,667.10,34.47,34.02,1,-1,-1,-1
143,7,700.91,997.05,33.68,32.88,1,-1,-1,-1
143,8,1205.50,701.72,36.51,35.78,1,-1,-1,-1
144,3,930.22,665.59,34.42,34.01,1,-1,-1,-1
144,7,700.22,995.69,33.70,32.98,1,-1,-1,-1
144,8,1201.36,700.86,37.26,36.58,1,-1,-1,-1
145,3,929.55,663.75,35.04,34.68,1,-1,-1,-1
145,7,700.03,993.86,33.66,33.01,1,-1,-1,-1
145,8,1197.57,699.26,36.93,36.23,1,-1,-1,-1
146,3,930.28,662.42,34.69,34.26,1,-1,-1,-1
146,7,699.66,992.51,33.04,32.36,1,-1,-1,-1
146,8,1194.63,696.71,37.40,36.75,1,-1,-1,-1
147,3,930.98,661.93,34.48,34.10,1,-1,-1,-1
147,7,698.62,990.69,32.72,32.11,1,-1,-1,-1
147,8,1190.66,695.80,35.63,34.98,1,-1,-1,-1
148,3,930.63,661.77,34.38,34.04,1,-1,-1,-1
148,7,696.97,988.04,32.57,32.02,1,-1,-1,-1
148,8,1187.26,694.17,36.32,35.63,1,-1,-1,-1
149,3,931.20,661.08,34.32,34.02,1,-1,-1,-1
149,7,695.75,985.74,32.48,31.99,1,-1,-1,-1
149,8,1185.44,692.30,36.59,35.87,1,-1,-1,-1
150,3,930.62,660.51,34.33,34.02,1,-1,-1,-1
150,7,695.64,984.25,31.85,31.32,1,-1,-1,-1
150,8,1182.60,692.29,35.94,35.30,1,-1,-1,-1
151,3,931.46,661.55,35.07,34.78,1,-1,-1,-1
151,7,694.97,982.40,31.64,31.06,1,-1,-1,-1
151,8,1179.68,691.03,36.34,35.74,1,-1,-1,-1
152,3,931.60,661.72,35.21,34.96,1,-1,-1,-1
152,7,694.08,981.08,32.27,31.64,1,-1,-1,-1
152,8,1178.32,689.93,36.55,35.91,1,-1,-1,-1
153,3,931.67,662.45,35.25,35.02,1,-1,-1,-1
153,7,693.12,979.97,32.52,31.86,1,-1,-1,-1
153,8,1176.61,690.88,35.31,34.66,1,-1,-1,-1
154,3,931.34,662.22,35.34,35.11,1,-1,-1,-1
154,7,692.12,978.94,32.64,31.94,1,-1,-1,-1
154,8,1174.07,690.64,36.21,35.52,1,-1,-1,-1
155,3,930.15,664.33,35.25,35.04,1,-1,-1,-1
155,7,690.46,977.93,32.70,31.98,1,-1,-1,-1
155,8,1171.88,689.92,36.56,35.83,1,-1,-1,-1
156,3,929.18,664.79,35.22,35.04,1,-1,-1,-1
156,7,688.53,976.93,33.42,32.65,1,-1,-1,-1
156,8,1171.80,689.02,36.71,35.95,1,-1,-1,-1
157,3,928.19,665.61,35.20,35.04,1,-1,-1,-1
157,7,685.87,976.59,33.70,32.90,1,-1,-1,-1
157,8,1170.54,688.71,36.78,36.00,1,-1,-1,-1
158,3,928.12,666.58,34.62,34.37,1,-1,-1,-1
158,7,684.24,975.85,33.81,33.00,1,-1,-1,-1
158,8,1169.86,687.30,37.39,36.67,1,-1,-1,-1
159,3,926.76,666.94,34.44,34.12,1,-1,-1,-1
159,7,682.35,974.95,33.86,33.03,1,-1,-1,-1
159,8,1170.64,687.46,37.01,36.27,1,-1,-1,-1
160,3,926.19,667.18,34.39,34.07,1,-1,-1,-1
160,7,679.71,974.64,33.22,32.38,1,-1,-1,-1
160,8,1169.41,686.90,37.45,36.77,1,-1,-1,-1
161,3,923.02,667.88,33.61,33.22,1,-1,-1,-1
161,7,677.44,973.91,32.97,32.13,1,-1,-1,-1
161,8,1167.05,686.05,38.24,37.61,1,-1,-1,-1
162,3,921.25,668.05,34.07,33.71,1,-1,-1,-1
162,7,674.65,973.00,32.89,32.04,1,-1,-1,-1
162,8,1168.19,685.76,37.84,37.27,1,-1,-1,-1
163,3,919.34,668.11,34.20,33.88,1,-1,-1,-1
163,7,671.68,972.70,32.87,32.00,1,-1,-1,-1
163,8,1168.72,685.68,37.65,37.14,1,-1,-1,-1
164,3,918.28,666.80,34.34,33.95,1,-1,-1,-1
164,7,668.64,971.95,32.87,31.99,1,-1,-1,-1
164,8,1167.96,686.33,36.97,36.42,1,-1,-1,-1
165,3,917.23,666.88,34.31,33.92,1,-1,-1,-1
165,7,664.92,971.04,32.88,31.99,1,-1,-1,-1
165,8,1166.09,684.61,37.31,36.81,1,-1,-1,-1
166,3,915.47,664.65,33.64,33.20,1,-1,-1,-1
166,7,661.61,970.07,32.89,31.99,1,-1,-1,-1
166,8,1165.74,682.68,36.84,36.29,1,-1,-1,-1
167,3,913.97,662.79,34.12,33.71,1,-1,-1,-1
167,7,658.47,969.08,32.22,31.33,1,-1,-1,-1
167,8,1164.70,681.97,36.58,36.10,1,-1,-1,-1
168,3,912.44,661.49,33.69,33.23,1,-1,-1,-1
168,7,656.05,968.74,31.98,31.08,1,-1,-1,-1
168,8,1161.72,682.39,36.46,36.02,1,-1,-1,-1
169,3,910.94,660.34,34.14,33.72,1,-1,-1,-1
169,7,652.95,967.98,31.80,30.99,1,-1,-1,-1
169,8,1156.96,681.25,37.16,36.66,1,-1,-1,-1
170,3,909.78,659.94,33.61,33.24,1,-1,-1,-1
170,7,650.87,967.72,31.79,30.96,1,-1,-1,-1
170,8,1155.22,680.19,36.12,35.58,1,-1,-1,-1
171,3,908.74,659.80,33.39,33.06,1,-1,-1,-1
171,7,648.85,967.66,31.80,30.95,1,-1,-1,-1
171,8,1153.30,678.48,35.06,34.50,1,-1,-1,-1
172,3,907.75,659.77,33.29,32.99,1,-1,-1,-1
172,7,646.86,967.00,31.81,30.95,1,-1,-1,-1
172,8,1149.96,678.55,34.02,33.43,1,-1,-1,-1
173,3,906.76,660.44,33.24,32.97,1,-1,-1,-1
173,7,645.53,966.78,31.83,30.96,1,-1,-1,-1
173,8,1144.75,678.62,34.35,33.72,1,-1,-1,-1
173,10,1553.80,892.02,31.80,30.78,1,-1,-1,-1
174,3,905.12,660.05,33.21,32.97,1,-1,-1,-1
174,7,643.51,966.72,32.43,31.62,1,-1,-1,-1
174,8,1140.25,677.33,33.83,33.16,1,-1,-1,-1
174,10,1551.18,892.80,32.06,31.03,1,-1,-1,-1
175,3,903.23,661.23,33.19,32.97,1,-1,-1,-1
175,7,642.47,966.06,32.04,31.22,1,-1,-1,-1
175,8,1137.02,674.86,34.24,33.64,1,-1,-1,-1
175,10,1547.51,893.78,32.12,31.09,1,-1,-1,-1
176,3,901.93,661.09,33.13,32.91,1,-1,-1,-1
176,7,641.22,965.83,32.48,31.73,1,-1,-1,-1
176,8,1133.57,672.65,33.79,33.15,1,-1,-1,-1
176,10,1542.11,894.81,32.12,31.09,1,-1,-1,-1
177,3,900.84,662.55,33.95,33.75,1,-1,-1,-1
177,7,640.46,965.10,32.02,31.26,1,-1,-1,-1
177,8,1129.70,670.52,33.65,32.98,1,-1,-1,-1
177,10,1537.55,895.84,32.83,31.78,1,-1,-1,-1
178,3,898.74,662.86,33.54,33.26,1,-1,-1,-1
178,7,638.27,964.19,31.86,31.08,1,-1,-1,-1
178,8,1126.37,669.11,32.95,32.26,1,-1,-1,-1
178,10,1531.97,896.18,32.37,31.34,1,-1,-1,-1
179,3,897.38,662.92,33.52,33.24,1,-1,-1,-1
179,7,636.85,963.87,31.81,31.01,1,-1,-1,-1
179,8,1123.43,667.88,32.67,31.99,1,-1,-1,-1
179,10,1526.66,896.27,32.89,31.84,1,-1,-1,-1
180,7,635.06,963.77,31.81,30.99,1,-1,-1,-1
180,8,1119.85,666.93,34.16,33.52,1,-1,-1,-1
180,10,1521.50,895.61,33.76,32.69,1,-1,-1,-1
181,7,633.79,964.41,31.82,30.98,1,-1,-1,-1
181,8,1117.72,667.25,33.82,33.15,1,-1,-1,-1
181,10,1517.09,896.00,32.71,31.67,1,-1,-1,-1
182,7,632.04,964.67,32.51,31.64,1,-1,-1,-1
182,8,1114.80,666.22,33.72,33.05,1,-1,-1,-1
182,10,1511.58,895.46,33.67,32.61,1,-1,-1,-1
182,11,1505.48,1086.00,30.03,29.98,1,-1,-1,-1
183,7,630.13,965.44,32.78,31.89,1,-1,-1,-1
183,8,1113.65,668.17,33.69,32.99,1,-1,-1,-1
183,10,1507.03,893.94,34.69,33.60,1,-1,-1,-1
183,11,1505.48,1086.00,30.04,29.95,1,-1,-1,-1
184,3,884.34,664.88,33.25,33.01,1,-1,-1,-1
184,7,628.15,966.40,32.88,31.98,1,-1,-1,-1
184,8,1111.05,667.83,34.39,33.64,1,-1,-1,-1
184,10,1502.54,893.35,35.65,34.63,1,-1,-1,-1
184,11,1505.46,1086.00,30.08,29.96,1,-1,-1,-1
185,3,880.68,665.02,33.20,32.99,1,-1,-1,-1
185,7,626.52,968.09,32.83,32.02,1,-1,-1,-1
185,8,1109.50,668.37,34.65,33.87,1,-1,-1,-1
185,10,1498.04,893.77,35.37,34.36,1,-1,-1,-1
185,11,1505.82,1086.00,30.08,29.96,1,-1,-1,-1
186,3,878.15,665.07,33.17,32.99,1,-1,-1,-1
186,7,624.96,968.73,32.86,32.03,1,-1,-1,-1
186,8,1107.70,667.94,34.09,33.30,1,-1,-1,-1
186,10,1493.86,893.93,35.25,34.24,1,-1,-1,-1
186,11,1505.56,1086.00,30.14,29.97,1,-1,-1,-1
187,3,874.63,665.09,33.15,32.99,1,-1,-1,-1
187,7,623.78,970.29,32.20,31.37,1,-1,-1,-1
187,8,1103.79,667.14,35.25,34.41,1,-1,-1,-1
187,10,1490.18,894.65,35.77,34.84,1,-1,-1,-1
187,11,1505.45,1086.00,30.20,29.97,1,-1,-1,-1
188,3,871.03,665.08,32.58,32.33,1,-1,-1,-1
188,7,623.40,971.54,32.64,31.78,1,-1,-1,-1
188,8,1101.09,666.85,35.68,34.82,1,-1,-1,-1
188,10,1486.99,894.27,35.91,35.05,1,-1,-1,-1
188,11,1505.39,1086.00,30.25,29.98,1,-1,-1,-1
189,3,867.74,665.08,33.08,32.74,1,-1,-1,-1
189,7,622.64,973.96,32.81,31.93,1,-1,-1,-1
189,8,1098.84,666.77,35.85,34.98,1,-1,-1,-1
189,10,1483.33,893.46,36.57,35.78,1,-1,-1,-1
189,11,1505.35,1086.00,30.31,29.98,1,-1,-1,-1
190,3,863.66,665.73,33.20,32.90,1,-1,-1,-1
190,7,622.41,976.18,32.88,31.99,1,-1,-1,-1
190,8,1095.46,666.75,35.92,35.03,1,-1,-1,-1
190,10,1480.79,892.50,36.11,35.39,1,-1,-1,-1
190,11,1505.32,1086.00,30.37,29.98,1,-1,-1,-1
191,3,859.86,667.29,32.67,32.30,1,-1,-1,-1
191,7,621.73,979.64,32.24,31.35,1,-1,-1,-1
191,8,1092.76,666.32,36.03,35.14,1,-1,-1,-1
191,10,1478.33,891.47,35.97,35.23,1,-1,-1,-1
191,11,1505.29,1086.00,30.42,29.99,1,-1,-1,-1
192,3,856.24,668.54,33.08,32.74,1,-1,-1,-1
192,7,621.52,982.91,32.00,31.11,1,-1,-1,-1
192,8,1086.96,665.97,35.17,34.28,1,-1,-1,-1
192,10,1476.22,891.09,35.92,35.16,1,-1,-1,-1
192,11,1505.27,1086.00,30.47,29.99,1,-1,-1,-1
193,3,853.02,670.97,33.21,32.90,1,-1,-1,-1
193,7,621.49,986.08,31.92,31.02,1,-1,-1,-1
193,8,1081.68,664.49,35.58,34.77,1,-1,-1,-1
193,10,1473.58,890.29,35.90,35.12,1,-1,-1,-1
193,11,1505.91,1086.00,30.51,29.99,1,-1,-1,-1
194,3,849.28,672.54,33.24,32.97,1,-1,-1,-1
194,7,621.22,989.20,32.48,31.65,1,-1,-1,-1
194,8,1078.21,663.99,35.10,34.29,1,-1,-1,-1
194,10,1471.77,888.68,35.81,35.10,1,-1,-1,-1
194,11,1506.00,1086.00,30.49,29.97,1,-1,-1,-1
195,3,846.29,674.42,32.68,32.33,1,-1,-1,-1
195,7,620.80,992.29,32.74,31.89,1,-1,-1,-1
195,8,1073.70,662.49,35.60,34.76,1,-1,-1,-1
195,10,1470.20,886.76,35.82,35.08,1,-1,-1,-1
195,11,1506.18,1086.00,30.56,29.99,1,-1,-1,-1
196,3,843.94,675.77,32.50,32.09,1,-1,-1,-1
196,7,621.33,995.37,32.84,31.98,1,-1,-1,-1
196,8,1069.87,662.61,35.03,34.28,1,-1,-1,-1
196,10,1468.78,884.74,36.41,35.73,1,-1,-1,-1
196,11,1505.54,1086.00,30.60,29.99,1,-1,-1,-1
197,3,841.17,678.23,32.47,32.00,1,-1,-1,-1
197,7,621.28,998.45,32.79,32.01,1,-1,-1,-1
197,8,1066.21,661.35,34.86,34.09,1,-1,-1,-1
197,10,1467.34,883.34,36.02,35.32,1,-1,-1,-1
197,11,1505.56,1086.00,30.59,29.98,1,-1,-1,-1
198,3,837.86,679.78,31.92,31.31,1,-1,-1,-1
198,7,620.93,1000.86,32.82,32.02,1,-1,-1,-1
198,8,1062.69,660.24,34.72,34.02,1,-1,-1,-1
198,10,1466.25,880.85,35.88,35.15,1,-1,-1,-1
199,3,834.41,681.65,31.69,31.05,1,-1,-1,-1
199,7,620.82,1003.00,32.85,32.02,1,-1,-1,-1
199,8,1058.21,660.51,34.62,34.00,1,-1,-1,-1
199,10,1464.61,879.95,35.84,35.08,1,-1,-1,-1
200,3,831.24,682.30,30.96,30.30,1,-1,-1,-1
200,7,620.14,1005.71,32.86,32.02,1,-1,-1,-1
200,8,1054.69,660.64,34.55,33.99,1,-1,-1,-1
200,10,1461.45,879.64,35.83,35.05,1,-1,-1,-1
201,3,827.49,682.48,31.39,30.69,1,-1,-1,-1
201,7,619.23,1007.32,32.87,32.02,1,-1,-1,-1
201,8,1052.86,661.37,33.83,33.33,1,-1,-1,-1
201,10,1459.96,878.91,35.93,35.04,1,-1,-1,-1
202,3,824.87,682.52,31.58,30.84,1,-1,-1,-1
202,7,618.25,1008.50,32.89,32.02,1,-1,-1,-1
202,8,1048.34,661.00,34.20,33.74,1,-1,-1,-1
202,10,1457.86,879.32,35.93,35.03,1,-1,-1,-1
203,3,822.01,682.49,31.67,30.91,1,-1,-1,-1
203,7,617.24,1009.52,32.90,32.01,1,-1,-1,-1
203,8,1044.14,662.20,34.98,34.56,1,-1,-1,-1
203,10,1455.17,879.52,36.61,35.69,1,-1,-1,-1
204,3,818.12,681.12,30.94,30.27,1,-1,-1,-1
204,7,615.56,1010.49,32.91,32.01,1,-1,-1,-1
204,8,1040.06,662.66,35.25,34.87,1,-1,-1,-1
204,10,1453.59,880.27,36.20,35.28,1,-1,-1,-1
205,3,814.42,679.23,30.74,30.04,1,-1,-1,-1
205,7,614.29,1010.79,32.92,32.01,1,-1,-1,-1
205,8,1036.40,662.54,35.34,34.95,1,-1,-1,-1
205,10,1451.48,879.92,36.62,35.77,1,-1,-1,-1
206,3,811.16,677.84,30.68,29.96,1,-1,-1,-1
206,7,613.18,1011.49,32.92,32.01,1,-1,-1,-1
206,8,1032.04,664.42,34.57,34.23,1,-1,-1,-1
206,10,1447.78,880.47,36.16,35.30,1,-1,-1,-1
207,3,807.40,676.65,30.68,29.93,1,-1,-1,-1
207,7,611.47,1011.69,32.93,32.01,1,-1,-1,-1
207,8,1027.61,664.16,34.48,34.08,1,-1,-1,-1
207,10,1443.82,880.69,35.98,35.12,1,-1,-1,-1
208,3,803.82,674.21,31.29,30.59,1,-1,-1,-1
208,7,609.53,1011.71,32.94,32.01,1,-1,-1,-1
208,8,1023.15,665.40,34.38,34.02,1,-1,-1,-1
208,10,1440.43,879.47,36.60,35.71,1,-1,-1,-1
209,3,801.96,672.65,30.81,30.19,1,-1,-1,-1
209,7,608.17,1011.67,32.94,32.01,1,-1,-1,-1
209,8,1019.27,665.20,34.43,34.00,1,-1,-1,-1
209,10,1437.93,879.02,36.83,35.93,1,-1,-1,-1
210,3,797.43,671.40,31.27,30.70,1,-1,-1,-1
210,7,607.04,1012.26,32.95,32.01,1,-1,-1,-1
210,8,1016.34,664.45,34.38,33.99,1,-1,-1,-1
210,10,1434.17,878.21,36.83,36.01,1,-1,-1,-1
211,3,793.88,670.95,30.74,30.23,1,-1,-1,-1
211,7,605.71,1013.11,32.86,32.01,1,-1,-1,-1
211,8,1012.37,664.17,33.77,33.33,1,-1,-1,-1
211,10,1430.51,876.60,36.87,36.04,1,-1,-1,-1
212,3,790.71,670.80,29.84,29.39,1,-1,-1,-1
212,7,604.61,1013.39,32.78,32.00,1,-1,-1,-1
212,8,1009.02,664.06,33.57,33.08,1,-1,-1,-1
212,10,1426.31,875.35,36.80,36.04,1,-1,-1,-1
213,3,787.00,671.44,30.16,29.75,1,-1,-1,-1
213,7,603.89,1013.45,32.80,32.00,1,-1,-1,-1
213,8,1004.28,664.02,34.11,33.66,1,-1,-1,-1
213,10,1423.82,873.58,36.82,36.04,1,-1,-1,-1
214,3,782.06,670.36,29.68,29.22,1,-1,-1,-1
214,7,602.33,1014.10,32.82,32.00,1,-1,-1,-1
214,8,1000.02,664.00,34.28,33.87,1,-1,-1,-1
214,10,1421.66,871.61,36.84,36.04,1,-1,-1,-1
215,3,778.04,669.97,30.11,29.69,1,-1,-1,-1
215,7,601.12,1014.98,32.16,31.34,1,-1,-1,-1
215,8,996.58,664.66,34.33,33.96,1,-1,-1,-1
215,10,1418.32,869.58,36.86,36.03,1,-1,-1,-1
216,3,774.44,669.53,30.04,29.61,1,-1,-1,-1
216,7,599.37,1014.60,32.60,31.76,1,-1,-1,-1
216,8,993.08,664.90,34.42,33.99,1,-1,-1,-1
216,10,1415.18,867.53,36.20,35.37,1,-1,-1,-1
217,7,597.43,1013.78,33.45,32.57,1,-1,-1,-1
217,8,989.92,666.31,33.82,33.34,1,-1,-1,-1
217,10,1411.83,864.14,36.54,35.78,1,-1,-1,-1
218,3,763.01,667.25,30.41,29.92,1,-1,-1,-1
218,7,595.43,1014.11,33.11,32.23,1,-1,-1,-1
218,8,986.21,666.85,33.62,33.09,1,-1,-1,-1
218,10,1409.67,862.25,36.04,35.27,1,-1,-1,-1
219,3,758.85,666.21,31.09,30.64,1,-1,-1,-1
219,7,594.06,1014.21,32.98,32.09,1,-1,-1,-1
219,8,982.67,667.04,33.48,33.00,1,-1,-1,-1
219,10,1408.97,858.94,36.55,35.75,1,-1,-1,-1
220,3,755.47,665.86,31.30,30.90,1,-1,-1,-1
220,7,592.26,1014.23,32.93,32.03,1,-1,-1,-1
220,8,978.85,666.43,33.40,32.97,1,-1,-1,-1
220,10,1407.19,856.44,36.65,35.92,1,-1,-1,-1
221,3,753.03,665.74,31.35,30.99,1,-1,-1,-1
221,7,590.32,1012.90,32.92,32.01,1,-1,-1,-1
221,8,975.59,666.86,32.68,32.30,1,-1,-1,-1
221,10,1406.27,853.58,36.07,35.33,1,-1,-1,-1
222,3,751.22,665.72,31.45,31.02,1,-1,-1,-1
222,7,587.65,1011.72,32.92,32.01,1,-1,-1,-1
222,8,971.19,667.02,33.07,32.72,1,-1,-1,-1
222,10,1404.70,848.58,35.86,35.10,1,-1,-1,-1
223,3,748.03,665.74,31.52,31.03,1,-1,-1,-1
223,7,584.72,1010.61,32.93,32.00,1,-1,-1,-1
223,8,967.71,667.07,33.20,32.88,1,-1,-1,-1
223,10,1404.57,845.46,35.71,35.02,1,-1,-1,-1
224,3,744.69,667.08,30.80,30.37,1,-1,-1,-1
224,7,582.35,1009.52,32.93,32.00,1,-1,-1,-1
224,8,963.97,667.24,33.14,32.83,1,-1,-1,-1
224,10,1404.62,841.72,36.29,35.65,1,-1,-1,-1
225,3,742.27,668.94,29.83,29.46,1,-1,-1,-1
225,7,579.92,1007.80,32.84,32.00,1,-1,-1,-1
225,8,960.29,669.43,32.55,32.17,1,-1,-1,-1
225,10,1403.41,837.11,36.47,35.89,1,-1,-1,-1
226,3,738.85,670.31,29.45,29.11,1,-1,-1,-1
226,7,577.40,1007.15,32.18,31.34,1,-1,-1,-1
226,8,956.36,671.31,32.46,32.02,1,-1,-1,-1
226,10,1401.06,832.82,36.50,35.98,1,-1,-1,-1
227,3,737.34,670.15,29.39,28.99,1,-1,-1,-1
227,7,574.53,1005.59,31.94,31.09,1,-1,-1,-1
227,8,952.74,671.95,33.04,32.63,1,-1,-1,-1
227,10,1400.53,829.32,35.91,35.35,1,-1,-1,-1
228,3,732.60,672.75,29.98,29.62,1,-1,-1,-1
228,7,572.20,1004.36,31.86,31.00,1,-1,-1,-1
228,8,948.23,672.17,33.23,32.86,1,-1,-1,-1
228,10,1398.79,825.46,36.29,35.77,1,-1,-1,-1
229,3,727.94,674.37,30.28,29.85,1,-1,-1,-1
229,7,570.08,1003.26,31.84,30.97,1,-1,-1,-1
229,8,943.38,672.90,33.28,32.95,1,-1,-1,-1
229,10,1398.20,822.14,36.40,35.93,1,-1,-1,-1
230,3,723.36,674.97,30.33,29.94,1,-1,-1,-1
230,7,568.03,1002.87,31.85,30.96,1,-1,-1,-1
230,8,939.44,673.44,33.29,32.95,1,-1,-1,-1
230,10,1397.68,819.68,36.51,35.99,1,-1,-1,-1
231,3,718.47,674.51,31.00,30.64,1,-1,-1,-1
231,7,566.01,1001.42,31.86,30.96,1,-1,-1,-1
231,10,1394.89,817.55,36.58,36.01,1,-1,-1,-1
232,3,715.08,674.98,30.66,30.25,1,-1,-1,-1
232,7,564.67,999.58,31.87,30.96,1,-1,-1,-1
232,8,930.12,673.24,33.29,32.99,1,-1,-1,-1
232,10,1393.22,815.53,36.62,36.02,1,-1,-1,-1
233,3,711.94,674.48,30.56,30.09,1,-1,-1,-1
233,7,562.25,997.59,31.88,30.97,1,-1,-1,-1
233,8,925.25,673.21,33.26,33.00,1,-1,-1,-1
233,10,1391.70,814.22,36.57,36.02,1,-1,-1,-1
234,3,709.57,673.61,30.55,30.03,1,-1,-1,-1
234,7,559.80,994.88,32.48,31.63,1,-1,-1,-1
234,8,921.23,671.87,33.34,33.00,1,-1,-1,-1
234,10,1389.88,811.85,36.51,36.02,1,-1,-1,-1
235,3,706.15,673.28,30.58,30.01,1,-1,-1,-1
235,7,557.29,993.25,32.08,31.23,1,-1,-1,-1
235,8,917.21,670.04,33.41,33.00,1,-1,-1,-1
235,10,1387.29,810.40,36.47,36.02,1,-1,-1,-1
236,3,702.05,671.16,31.19,30.66,1,-1,-1,-1
236,7,555.10,992.01,31.93,31.07,1,-1,-1,-1
236,8,912.91,666.04,34.04,33.66,1,-1,-1,-1
236,10,1385.06,808.63,36.42,36.01,1,-1,-1,-1
237,3,698.96,669.05,30.82,30.25,1,-1,-1,-1
237,7,553.02,990.93,31.89,31.01,1,-1,-1,-1
237,8,909.47,663.23,34.25,33.91,1,-1,-1,-1
237,10,1382.32,806.73,36.38,36.01,1,-1,-1,-1
238,3,695.93,667.59,31.37,30.75,1,-1,-1,-1
238,7,550.71,989.91,31.78,30.99,1,-1,-1,-1
238,8,906.36,660.20,33.65,33.35,1,-1,-1,-1
238,10,1377.68,805.45,36.44,36.01,1,-1,-1,-1
239,3,693.58,667.05,31.59,30.94,1,-1,-1,-1
239,7,549.57,988.25,31.80,30.99,1,-1,-1,-1
239,8,903.65,656.43,33.49,33.12,1,-1,-1,-1
239,10,1372.40,803.73,37.06,36.67,1,-1,-1,-1
240,3,690.83,666.20,31.70,31.01,1,-1,-1,-1
240,7,547.89,987.00,31.81,30.98,1,-1,-1,-1
240,8,899.83,652.40,34.04,33.70,1,-1,-1,-1
240,10,1369.19,803.16,36.61,36.26,1,-1,-1,-1
241,3,687.94,666.56,31.08,30.37,1,-1,-1,-1
241,7,545.72,985.92,32.41,31.65,1,-1,-1,-1
241,8,896.00,650.83,34.11,33.77,1,-1,-1,-1
241,10,1364.02,802.37,36.61,36.10,1,-1,-1,-1
242,3,686.02,666.05,32.12,31.45,1,-1,-1,-1
242,7,544.61,984.24,32.69,31.89,1,-1,-1,-1
242,10,1359.20,802.15,36.59,36.04,1,-1,-1,-1
243,3,683.44,665.87,32.46,31.85,1,-1,-1,-1
243,7,543.61,982.99,32.80,31.99,1,-1,-1,-1
243,10,1355.50,802.14,36.61,36.01,1,-1,-1,-1
244,3,680.26,665.82,31.32,30.69,1,-1,-1,-1
244,7,541.98,981.91,32.85,32.02,1,-1,-1,-1
244,10,1349.59,802.20,36.64,36.01,1,-1,-1,-1
245,3,676.50,665.15,31.57,30.90,1,-1,-1,-1
245,7,540.77,982.20,32.21,31.37,1,-1,-1,-1
245,10,1345.20,802.28,36.58,36.00,1,-1,-1,-1
246,3,673.59,665.58,32.26,31.64,1,-1,-1,-1
246,7,538.11,982.37,31.87,31.12,1,-1,-1,-1
246,10,1341.34,802.35,36.62,36.00,1,-1,-1,-1
247,3,670.94,666.40,31.24,30.61,1,-1,-1,-1
247,7,536.17,981.81,31.12,30.37,1,-1,-1,-1
247,10,1336.70,803.09,35.98,35.34,1,-1,-1,-1
248,3,668.06,666.74,31.54,30.86,1,-1,-1,-1
248,7,533.50,980.97,31.54,30.75,1,-1,-1,-1
248,10,1333.48,804.08,35.67,35.09,1,-1,-1,-1
249,3,665.09,667.53,32.34,31.62,1,-1,-1,-1
249,7,530.97,980.02,30.94,30.24,1,-1,-1,-1
249,10,1331.10,805.14,36.19,35.66,1,-1,-1,-1
250,3,662.76,669.14,31.99,31.25,1,-1,-1,-1
250,7,528.11,979.04,31.35,30.71,1,-1,-1,-1
250,10,1326.39,806.21,36.36,35.88,1,-1,-1,-1
251,3,659.34,670.42,32.54,31.76,1,-1,-1,-1
251,7,525.44,978.04,31.57,30.89,1,-1,-1,-1
251,10,1325.42,808.62,35.73,35.30,1,-1,-1,-1
252,3,655.24,672.21,33.33,32.61,1,-1,-1,-1
252,7,523.18,977.70,31.67,30.96,1,-1,-1,-1
252,8,887.06,656.44,31.34,31.08,1,-1,-1,-1
252,10,1322.85,811.54,35.56,35.08,1,-1,-1,-1
253,3,652.77,672.88,33.02,32.27,1,-1,-1,-1
253,7,519.76,977.61,31.72,30.98,1,-1,-1,-1
253,8,886.47,658.26,31.92,31.70,1,-1,-1,-1
253,10,1321.05,815.28,35.44,35.00,1,-1,-1,-1
254,3,649.97,673.12,34.24,33.45,1,-1,-1,-1
254,7,517.89,978.27,31.08,30.33,1,-1,-1,-1
254,8,884.91,660.13,32.06,31.87,1,-1,-1,-1
254,10,1318.80,818.65,36.13,35.64,1,-1,-1,-1
255,3,645.74,674.49,34.05,33.24,1,-1,-1,-1
255,7,514.33,977.22,30.76,30.09,1,-1,-1,-1
255,8,882.40,660.82,32.10,31.94,1,-1,-1,-1
255,10,1318.42,823.18,35.66,35.22,1,-1,-1,-1
256,3,642.27,674.35,33.30,32.49,1,-1,-1,-1
256,7,511.78,976.19,30.61,30.00,1,-1,-1,-1
256,8,879.53,663.06,32.11,31.97,1,-1,-1,-1
256,10,1318.43,826.85,35.46,35.06,1,-1,-1,-1
257,3,638.42,674.28,33.02,32.20,1,-1,-1,-1
257,7,508.56,975.83,30.61,29.97,1,-1,-1,-1
257,8,875.87,664.55,32.77,32.65,1,-1,-1,-1
257,10,1316.84,831.49,35.46,35.00,1,-1,-1,-1
258,3,633.49,674.23,34.18,33.41,1,-1,-1,-1
258,7,505.83,975.72,30.54,29.96,1,-1,-1,-1
258,8,873.25,666.40,31.69,31.58,1,-1,-1,-1
258,10,1316.32,836.47,34.82,34.32,1,-1,-1,-1
259,3,629.81,674.21,33.90,33.21,1,-1,-1,-1
259,7,502.93,975.70,30.49,29.96,1,-1,-1,-1
259,8,868.33,667.75,31.94,31.84,1,-1,-1,-1
259,10,1316.59,841.60,34.51,34.06,1,-1,-1,-1
260,3,626.20,673.52,33.84,33.12,1,-1,-1,-1
260,7,499.30,975.06,30.44,29.96,1,-1,-1,-1
260,8,863.95,669.54,32.02,31.93,1,-1,-1,-1
260,10,1316.78,844.08,34.38,33.97,1,-1,-1,-1
261,3,622.70,673.25,33.73,33.08,1,-1,-1,-1
261,7,497.01,974.83,29.82,29.30,1,-1,-1,-1
261,8,859.75,671.51,32.05,31.97,1,-1,-1,-1
261,10,1315.89,848.23,34.41,33.95,1,-1,-1,-1
262,3,619.55,673.14,33.65,33.06,1,-1,-1,-1
262,7,494.63,974.77,30.20,29.73,1,-1,-1,-1
262,8,856.29,672.21,32.06,31.99,1,-1,-1,-1
262,10,1314.94,853.00,33.78,33.28,1,-1,-1,-1
263,3,617.47,671.77,33.68,33.05,1,-1,-1,-1
263,7,491.86,974.11,30.99,30.55,1,-1,-1,-1
263,8,852.45,673.09,32.06,31.99,1,-1,-1,-1
263,10,1315.69,856.01,34.16,33.70,1,-1,-1,-1
264,3,615.49,671.25,33.04,32.38,1,-1,-1,-1
264,7,489.88,973.22,30.69,30.20,1,-1,-1,-1
264,8,849.79,673.38,32.05,31.99,1,-1,-1,-1
264,10,1315.64,861.00,34.38,33.86,1,-1,-1,-1
265,3,613.25,669.72,33.39,32.79,1,-1,-1,-1
265,7,488.29,972.23,30.51,30.07,1,-1,-1,-1
265,8,846.92,672.13,32.05,32.00,1,-1,-1,-1
265,10,1316.03,864.74,34.39,33.92,1,-1,-1,-1
266,3,610.56,669.16,32.82,32.28,1,-1,-1,-1
266,7,487.14,971.88,30.42,30.02,1,-1,-1,-1
266,8,844.63,671.63,32.04,32.00,1,-1,-1,-1
266,10,1316.23,868.68,33.71,33.29,1,-1,-1,-1
267,3,609.02,668.30,32.57,32.09,1,-1,-1,-1
267,7,486.14,971.11,31.03,30.66,1,-1,-1,-1
267,8,843.50,670.09,32.14,32.00,1,-1,-1,-1
267,10,1316.36,870.02,34.10,33.72,1,-1,-1,-1
268,3,607.91,667.32,33.12,32.68,1,-1,-1,-1
268,7,484.54,971.50,30.57,30.24,1,-1,-1,-1
268,8,843.16,668.16,32.22,32.00,1,-1,-1,-1
268,10,1317.38,873.06,34.32,33.88,1,-1,-1,-1
269,3,605.25,666.90,33.15,32.71,1,-1,-1,-1
269,7,483.37,971.67,30.38,30.08,1,-1,-1,-1
269,8,844.15,666.76,32.20,32.00,1,-1,-1,-1
269,10,1319.10,876.06,33.77,33.29,1,-1,-1,-1
270,3,604.66,668.44,31.87,31.39,1,-1,-1,-1
270,7,481.98,971.09,29.72,29.36,1,-1,-1,-1
270,8,845.95,665.57,31.52,31.34,1,-1,-1,-1
270,10,1320.14,877.73,34.17,33.73,1,-1,-1,-1
271,3,602.91,668.76,31.62,31.09,1,-1,-1,-1
271,7,480.87,970.22,29.50,29.09,1,-1,-1,-1
271,8,849.01,665.13,30.68,30.42,1,-1,-1,-1
271,10,1321.21,879.57,33.63,33.23,1,-1,-1,-1
272,3,600.99,670.21,30.89,30.32,1,-1,-1,-1
272,7,479.84,969.25,29.46,28.99,1,-1,-1,-1
272,8,850.58,663.63,30.99,30.75,1,-1,-1,-1
272,10,1322.29,880.14,34.08,33.71,1,-1,-1,-1
273,3,598.72,670.75,31.91,31.38,1,-1,-1,-1
273,7,479.22,968.24,30.06,29.62,1,-1,-1,-1
273,8,854.13,662.42,31.19,30.88,1,-1,-1,-1
273,10,1323.64,879.61,34.98,34.55,1,-1,-1,-1
274,3,595.99,672.92,32.25,31.77,1,-1,-1,-1
274,7,478.40,967.22,30.26,29.86,1,-1,-1,-1
274,8,857.46,661.98,30.64,30.27,1,-1,-1,-1
274,10,1325.16,879.33,35.26,34.87,1,-1,-1,-1
275,3,593.37,675.06,31.12,30.60,1,-1,-1,-1
275,7,478.44,966.86,30.41,29.95,1,-1,-1,-1
275,8,859.77,661.17,30.37,30.04,1,-1,-1,-1
275,10,1327.05,878.48,34.68,34.33,1,-1,-1,-1
276,3,590.17,677.21,31.30,30.83,1,-1,-1,-1
276,7,477.84,966.75,30.50,29.99,1,-1,-1,-1
276,8,861.95,660.22,30.93,30.63,1,-1,-1,-1
276,10,1328.06,877.40,34.53,34.12,1,-1,-1,-1
277,3,587.39,679.96,30.76,30.25,1,-1,-1,-1
277,7,476.99,967.39,30.56,30.00,1,-1,-1,-1
277,8,864.74,660.55,30.46,30.19,1,-1,-1,-1
277,10,1328.11,875.61,35.08,34.70,1,-1,-1,-1
278,3,584.14,681.64,31.18,30.70,1,-1,-1,-1
278,7,475.39,968.31,30.60,30.01,1,-1,-1,-1
278,8,865.58,660.09,30.35,30.08,1,-1,-1,-1
278,10,1327.74,873.60,35.36,34.92,1,-1,-1,-1
279,3,580.01,681.57,31.40,30.87,1,-1,-1,-1
279,7,473.50,968.67,29.97,29.35,1,-1,-1,-1
279,8,868.35,660.70,31.03,30.78,1,-1,-1,-1
279,10,1327.57,872.79,35.50,35.00,1,-1,-1,-1
280,3,575.89,682.16,31.51,30.94,1,-1,-1,-1
280,7,471.51,970.15,29.07,28.43,1,-1,-1,-1
280,8,870.40,660.79,31.82,31.59,1,-1,-1,-1
280,10,1326.81,872.45,35.57,35.03,1,-1,-1,-1
281,3,570.85,682.35,31.49,30.97,1,-1,-1,-1
281,7,468.80,971.39,28.76,28.09,1,-1,-1,-1
281,8,872.44,660.17,32.09,31.88,1,-1,-1,-1
281,10,1325.84,872.96,35.62,35.04,1,-1,-1,-1
282,3,566.05,681.73,31.54,30.98,1,-1,-1,-1
282,7,465.46,973.85,28.09,27.30,1,-1,-1,-1
282,8,874.49,660.60,32.18,31.99,1,-1,-1,-1
282,10,1324.13,874.46,35.66,35.04,1,-1,-1,-1
283,3,561.70,680.80,32.26,31.65,1,-1,-1,-1
283,7,463.30,974.08,27.81,27.02,1,-1,-1,-1
283,8,875.89,660.12,32.20,32.03,1,-1,-1,-1
283,10,1321.87,875.67,35.60,35.03,1,-1,-1,-1
284,3,557.54,680.44,32.55,31.90,1,-1,-1,-1
284,7,459.58,974.15,28.33,27.59,1,-1,-1,-1
284,8,878.35,659.95,31.53,31.38,1,-1,-1,-1
284,10,1319.71,878.08,35.54,35.03,1,-1,-1,-1
285,3,552.14,680.94,32.01,31.33,1,-1,-1,-1
285,7,457.26,976.15,27.90,27.15,1,-1,-1,-1
285,8,878.56,659.89,32.60,32.46,1,-1,-1,-1
285,10,1317.61,880.29,34.82,34.37,1,-1,-1,-1
286,3,546.62,679.78,32.40,31.78,1,-1,-1,-1
286,7,455.14,978.90,27.07,26.32,1,-1,-1,-1
286,8,880.57,659.88,32.33,32.20,1,-1,-1,-1
286,10,1312.85,882.42,35.19,34.78,1,-1,-1,-1
287,3,543.00,680.00,32.60,31.94,1,-1,-1,-1
287,7,452.80,981.93,27.39,26.69,1,-1,-1,-1
287,8,882.61,659.89,32.21,32.10,1,-1,-1,-1
287,10,1308.49,883.18,35.31,34.93,1,-1,-1,-1
288,3,539.80,680.08,32.03,31.34,1,-1,-1,-1
288,7,451.65,984.99,26.88,26.17,1,-1,-1,-1
288,8,883.99,659.90,32.16,32.06,1,-1,-1,-1
288,10,1303.59,883.42,35.33,34.99,1,-1,-1,-1
289,3,536.09,680.76,31.82,31.11,1,-1,-1,-1
289,7,450.34,986.10,27.99,27.32,1,-1,-1,-1
289,8,885.78,659.91,32.13,32.04,1,-1,-1,-1
289,10,1299.83,883.48,35.32,35.01,1,-1,-1,-1
290,3,531.52,681.01,31.77,31.03,1,-1,-1,-1
290,7,448.89,988.44,27.79,27.09,1,-1,-1,-1
290,8,888.39,659.92,32.11,32.03,1,-1,-1,-1
290,10,1295.85,883.46,35.30,35.01,1,-1,-1,-1
291,3,527.95,681.75,31.76,31.00,1,-1,-1,-1
291,7,448.14,990.61,27.63,27.00,1,-1,-1,-1
291,8,890.63,659.93,32.10,32.02,1,-1,-1,-1
291,10,1292.45,882.10,35.27,35.02,1,-1,-1,-1
292,3,524.11,683.35,31.10,30.32,1,-1,-1,-1
292,7,447.28,992.03,27.54,26.97,1,-1,-1,-1
292,8,892.31,659.81,32.13,32.06,1,-1,-1,-1
292,10,1289.56,879.58,35.34,35.02,1,-1,-1,-1
293,3,521.20,684.60,31.45,30.74,1,-1,-1,-1
293,7,445.71,993.83,27.48,26.97,1,-1,-1,-1
293,10,1287.60,876.63,35.97,35.67,1,-1,-1,-1
294,3,517.90,684.39,31.63,30.90,1,-1,-1,-1
294,7,443.87,995.12,28.10,27.63,1,-1,-1,-1
294,8,897.61,659.93,31.24,31.18,1,-1,-1,-1
294,10,1285.92,873.55,35.63,35.26,1,-1,-1,-1
295,3,514.14,683.63,31.72,30.96,1,-1,-1,-1
295,7,441.94,996.86,27.64,27.22,1,-1,-1,-1
295,8,899.48,659.85,31.18,31.12,1,-1,-1,-1
295,10,1283.38,870.38,35.53,35.10,1,-1,-1,-1
296,3,510.88,683.32,31.77,30.98,1,-1,-1,-1
296,7,440.91,998.13,26.87,26.40,1,-1,-1,-1
296,10,1281.55,867.89,36.09,35.70,1,-1,-1,-1
297,3,507.81,682.54,31.12,30.33,1,-1,-1,-1
297,7,438.96,999.20,26.51,26.09,1,-1,-1,-1
297,8,906.43,660.81,31.06,31.00,1,-1,-1,-1
297,10,1280.95,866.33,35.62,35.27,1,-1,-1,-1
298,3,504.80,681.56,30.89,30.08,1,-1,-1,-1
298,7,436.98,1000.21,26.36,25.98,1,-1,-1,-1
298,8,908.87,660.95,31.03,30.98,1,-1,-1,-1
298,10,1281.49,863.78,36.08,35.76,1,-1,-1,-1
299,3,500.86,679.86,31.40,30.66,1,-1,-1,-1
299,7,434.99,999.87,26.29,25.95,1,-1,-1,-1
299,8,912.62,661.00,31.80,31.64,1,-1,-1,-1
299,10,1282.05,860.89,35.67,35.29,1,-1,-1,-1
300,3,498.49,679.23,30.98,30.22,1,-1,-1,-1
300,7,432.32,999.69,26.25,25.94,1,-1,-1,-1
300,8,914.96,661.01,32.69,32.54,1,-1,-1,-1
300,10,1282.33,858.52,35.54,35.10,1,-1,-1,-1
301,3,496.41,678.34,31.51,30.71,1,-1,-1,-1
301,7,430.07,999.58,25.55,25.28,1,-1,-1,-1
301,8,918.39,661.67,33.01,32.88,1,-1,-1,-1
301,10,1283.80,855.03,35.52,35.03,1,-1,-1,-1
302,3,493.76,677.35,31.72,30.90,1,-1,-1,-1
302,7,426.64,1000.16,25.28,25.03,1,-1,-1,-1
302,8,922.51,663.23,32.57,32.35,1,-1,-1,-1
302,10,1285.71,852.45,35.55,35.01,1,-1,-1,-1
303,3,490.61,675.67,32.39,31.63,1,-1,-1,-1
303,7,422.11,999.67,25.84,25.62,1,-1,-1,-1
303,8,926.98,662.50,33.01,32.81,1,-1,-1,-1
303,10,1286.45,850.22,35.58,35.00,1,-1,-1,-1
304,3,488.52,675.71,31.36,30.60,1,-1,-1,-1
304,7,417.50,1000.79,24.15,23.86,1,-1,-1,-1
304,8,931.20,662.88,33.15,32.97,1,-1,-1,-1
304,10,1288.45,848.13,35.52,34.99,1,-1,-1,-1
305,3,485.44,675.24,31.33,30.57,1,-1,-1,-1
305,7,414.20,1001.85,23.44,23.18,1,-1,-1,-1
305,8,934.21,663.06,33.27,33.09,1,-1,-1,-1
305,10,1290.84,846.09,35.57,34.99,1,-1,-1,-1
306,3,485.29,677.30,30.89,30.12,1,-1,-1,-1
306,7,410.41,1003.56,23.86,23.63,1,-1,-1,-1
306,8,939.31,664.60,33.21,33.05,1,-1,-1,-1
306,10,1292.12,846.05,35.51,34.99,1,-1,-1,-1
307,3,482.22,678.39,31.51,30.70,1,-1,-1,-1
307,7,406.08,1004.82,24.11,23.80,1,-1,-1,-1
307,8,944.82,665.65,33.19,33.05,1,-1,-1,-1
307,10,1294.88,845.45,34.89,34.33,1,-1,-1,-1
308,3,480.51,680.75,31.73,30.90,1,-1,-1,-1
308,7,402.55,1005.26,24.24,23.87,1,-1,-1,-1
308,8,948.72,668.00,32.51,32.39,1,-1,-1,-1
308,10,1297.62,843.29,35.26,34.75,1,-1,-1,-1
309,3,478.65,682.31,31.82,30.97,1,-1,-1,-1
309,7,401.04,1005.38,25.59,25.23,1,-1,-1,-1
309,8,952.70,670.19,32.25,32.13,1,-1,-1,-1
309,10,1298.63,841.89,35.37,34.91,1,-1,-1,-1
310,3,477.38,685.52,31.19,30.34,1,-1,-1,-1
310,7,398.60,1006.06,25.41,25.09,1,-1,-1,-1
310,8,955.67,671.65,32.24,32.04,1,-1,-1,-1
310,10,1298.62,840.76,35.48,34.97,1,-1,-1,-1
311,3,475.69,688.73,30.96,30.10,1,-1,-1,-1
311,7,396.49,1006.29,25.32,25.03,1,-1,-1,-1
311,8,958.62,672.83,32.29,32.00,1,-1,-1,-1
311,10,1298.57,839.73,35.55,34.99,1,-1,-1,-1
312,3,473.32,689.68,30.89,30.03,1,-1,-1,-1
312,7,394.48,1006.35,25.94,25.67,1,-1,-1,-1
312,8,960.90,673.24,32.35,31.99,1,-1,-1,-1
312,10,1297.86,838.74,35.60,35.00,1,-1,-1,-1
313,7,393.81,1005.69,26.15,25.91,1,-1,-1,-1
313,8,963.97,674.03,32.31,31.99,1,-1,-1,-1
313,10,1295.57,839.08,35.64,35.00,1,-1,-1,-1
314,3,467.28,691.09,31.73,30.83,1,-1,-1,-1
314,7,392.35,1004.76,26.22,26.00,1,-1,-1,-1
314,8,966.34,676.28,31.61,31.33,1,-1,-1,-1
314,10,1294.03,838.61,35.68,35.00,1,-1,-1,-1
315,3,464.79,691.99,31.76,30.86,1,-1,-1,-1
315,7,391.24,1004.39,26.89,26.68,1,-1,-1,-1
315,8,969.76,675.75,32.00,31.74,1,-1,-1,-1
315,10,1292.11,839.13,35.71,35.00,1,-1,-1,-1
316,3,461.66,692.19,30.40,29.40,1,-1,-1,-1
316,7,390.89,1003.59,27.13,26.94,1,-1,-1,-1
316,8,972.91,674.87,32.80,32.56,1,-1,-1,-1
316,10,1290.34,840.04,35.16,34.34,1,-1,-1,-1
317,3,458.34,691.63,30.78,29.78,1,-1,-1,-1
317,7,390.85,1003.27,27.21,27.03,1,-1,-1,-1
317,8,977.56,673.21,32.52,32.21,1,-1,-1,-1
317,10,1288.70,841.09,35.60,34.76,1,-1,-1,-1
318,3,455.70,692.30,30.71,29.71,1,-1,-1,-1
318,7,390.92,1003.14,27.22,27.06,1,-1,-1,-1
318,8,981.83,672.54,32.45,32.08,1,-1,-1,-1
318,10,1287.44,841.50,35.77,34.91,1,-1,-1,-1
319,7,391.30,1003.08,26.65,26.41,1,-1,-1,-1
319,8,985.00,673.59,31.03,30.70,1,-1,-1,-1
319,10,1285.66,843.65,35.85,34.97,1,-1,-1,-1
320,7,390.83,1002.39,27.13,26.82,1,-1,-1,-1
320,8,989.67,671.96,32.60,32.20,1,-1,-1,-1
320,10,1282.36,845.15,35.88,34.99,1,-1,-1,-1
321,7,390.68,1001.48,27.35,26.97,1,-1,-1,-1
321,8,994.93,671.38,33.10,32.73,1,-1,-1,-1
321,10,1279.17,845.71,35.90,35.00,1,-1,-1,-1
322,7,390.00,1001.13,27.46,27.02,1,-1,-1,-1
322,8,998.79,672.45,32.61,32.29,1,-1,-1,-1
322,10,1276.67,846.59,35.91,35.00,1,-1,-1,-1
323,3,441.10,685.71,30.97,29.96,1,-1,-1,-1
323,7,389.77,1000.35,27.53,27.04,1,-1,-1,-1
323,8,1004.08,671.54,33.74,33.43,1,-1,-1,-1
323,10,1274.46,846.26,35.92,35.00,1,-1,-1,-1
324,3,439.20,684.47,30.85,29.98,1,-1,-1,-1
324,7,389.05,1000.05,27.58,27.04,1,-1,-1,-1
324,8,1010.80,671.20,33.58,33.20,1,-1,-1,-1
324,10,1272.35,846.12,35.93,35.00,1,-1,-1,-1
325,3,436.52,684.18,30.84,29.97,1,-1,-1,-1
325,7,388.15,999.29,27.63,27.04,1,-1,-1,-1
325,8,1015.57,672.39,32.12,31.79,1,-1,-1,-1
325,10,1269.64,846.07,35.26,34.34,1,-1,-1,-1
326,7,387.17,998.35,27.66,27.04,1,-1,-1,-1
326,8,1020.14,672.17,32.98,32.59,1,-1,-1,-1
326,10,1266.39,844.71,35.60,34.76,1,-1,-1,-1
327,3,432.77,683.93,30.02,29.15,1,-1,-1,-1
327,7,385.88,998.00,28.27,27.69,1,-1,-1,-1
327,8,1026.02,674.06,33.23,32.87,1,-1,-1,-1
327,10,1263.93,842.89,36.35,35.57,1,-1,-1,-1
328,3,430.25,683.67,29.92,29.06,1,-1,-1,-1
328,7,385.07,997.23,28.56,27.94,1,-1,-1,-1
328,8,1031.67,677.40,32.08,31.67,1,-1,-1,-1
328,10,1260.76,842.86,36.02,35.23,1,-1,-1,-1
329,7,384.13,996.29,28.69,28.03,1,-1,-1,-1
329,8,1036.64,678.68,32.92,32.54,1,-1,-1,-1
329,10,1257.63,842.21,35.90,35.09,1,-1,-1,-1
330,3,426.79,683.88,29.87,28.98,1,-1,-1,-1
330,7,381.17,996.60,28.75,28.05,1,-1,-1,-1
330,8,1041.27,679.78,33.30,32.85,1,-1,-1,-1
330,10,1255.58,841.31,36.44,35.70,1,-1,-1,-1
331,3,424.58,684.59,29.73,28.97,1,-1,-1,-1
331,7,378.48,996.08,29.36,28.72,1,-1,-1,-1
331,8,1045.47,680.18,33.47,32.97,1,-1,-1,-1
331,10,1253.87,840.32,36.03,35.27,1,-1,-1,-1
332,3,423.87,685.50,28.95,28.30,1,-1,-1,-1
332,7,374.90,995.90,29.55,28.96,1,-1,-1,-1
332,8,1051.20,680.96,33.47,33.02,1,-1,-1,-1
332,10,1251.32,839.96,35.88,35.10,1,-1,-1,-1
333,3,421.70,685.52,28.81,28.16,1,-1,-1,-1
333,7,370.33,996.49,29.58,29.05,1,-1,-1,-1
333,8,1056.79,681.23,33.53,33.03,1,-1,-1,-1
333,10,1248.83,839.18,35.74,35.03,1,-1,-1,-1
334,3,421.25,688.26,29.37,28.79,1,-1,-1,-1
334,7,366.97,997.39,28.99,28.42,1,-1,-1,-1
334,8,1062.67,680.64,33.58,33.03,1,-1,-1,-1
334,10,1246.96,837.58,35.74,35.01,1,-1,-1,-1
335,3,419.61,690.21,28.74,28.24,1,-1,-1,-1
335,7,362.45,998.41,28.78,28.17,1,-1,-1,-1
335,8,1067.99,679.74,33.63,33.03,1,-1,-1,-1
335,10,1245.67,836.34,35.76,35.00,1,-1,-1,-1
336,3,417.65,690.71,28.63,28.13,1,-1,-1,-1
336,7,358.17,998.79,29.39,28.74,1,-1,-1,-1
336,8,1073.10,679.38,34.33,33.69,1,-1,-1,-1
336,10,1242.61,835.89,35.78,35.00,1,-1,-1,-1
337,3,416.56,692.62,28.44,28.00,1,-1,-1,-1
337,7,355.04,1000.25,28.87,28.29,1,-1,-1,-1
337,8,1078.13,677.92,34.61,33.93,1,-1,-1,-1
337,10,1240.87,835.09,35.80,35.00,1,-1,-1,-1
338,3,414.69,693.27,28.32,27.89,1,-1,-1,-1
338,7,351.98,1000.81,29.31,28.78,1,-1,-1,-1
338,8,1083.14,677.35,34.07,33.37,1,-1,-1,-1
338,10,1239.63,834.15,35.82,35.00,1,-1,-1,-1
339,3,414.73,692.40,29.26,28.75,1,-1,-1,-1
339,7,348.31,1000.35,28.78,28.30,1,-1,-1,-1
339,8,1087.85,675.81,33.77,33.14,1,-1,-1,-1
339,10,1238.58,833.82,35.84,35.00,1,-1,-1,-1
340,3,413.08,692.89,29.25,28.74,1,-1,-1,-1
340,7,345.72,1000.83,28.54,28.11,1,-1,-1,-1
340,8,1091.72,672.58,33.72,33.06,1,-1,-1,-1
340,10,1237.59,833.06,35.85,35.00,1,-1,-1,-1
341,7,344.86,1001.01,28.43,28.04,1,-1,-1,-1
341,8,1094.97,668.73,33.72,33.02,1,-1,-1,-1
341,10,1237.00,832.80,36.45,35.66,1,-1,-1,-1
342,7,343.99,1001.06,28.36,28.02,1,-1,-1,-1
342,8,1097.32,664.65,33.74,33.01,1,-1,-1,-1
342,10,1236.48,832.72,36.05,35.25,1,-1,-1,-1
342,14,343.87,978.98,26.20,26.22,1,-1,-1,-1
343,7,343.10,1001.08,28.32,28.00,1,-1,-1,-1
343,8,1100.01,661.17,33.76,33.01,1,-1,-1,-1
343,10,1236.36,832.05,35.91,35.09,1,-1,-1,-1
343,14,343.76,978.80,25.88,25.90,1,-1,-1,-1
344,7,342.86,1000.42,28.29,28.00,1,-1,-1,-1
344,8,1102.54,657.92,33.68,33.00,1,-1,-1,-1
344,10,1235.70,831.16,35.86,35.03,1,-1,-1,-1
345,7,343.53,1000.16,28.26,28.00,1,-1,-1,-1
345,8,1104.02,655.43,33.62,33.00,1,-1,-1,-1
345,10,1235.22,830.85,35.76,35.01,1,-1,-1,-1
346,7,343.86,1000.73,28.23,28.00,1,-1,-1,-1
346,8,1105.77,653.23,33.56,33.00,1,-1,-1,-1
346,10,1235.11,831.42,35.68,35.00,1,-1,-1,-1
346,14,343.98,978.97,26.90,26.92,1,-1,-1,-1
347,7,344.71,1000.94,28.21,28.00,1,-1,-1,-1
347,8,1107.90,652.47,33.60,33.00,1,-1,-1,-1
347,10,1234.47,831.65,35.61,35.00,1,-1,-1,-1
347,14,344.70,978.97,26.97,26.99,1,-1,-1,-1
348,7,345.76,999.69,28.19,28.00,1,-1,-1,-1
348,8,1110.55,652.91,33.64,33.00,1,-1,-1,-1
348,10,1234.57,831.09,35.65,35.00,1,-1,-1,-1
348,14,344.94,978.98,26.99,27.01,1,-1,-1,-1
349,3,420.08,688.29,29.41,28.99,1,-1,-1,-1
349,7,348.47,999.88,28.27,28.00,1,-1,-1,-1
349,8,1112.07,654.46,33.67,33.00,1,-1,-1,-1
349,10,1235.01,831.56,35.59,35.00,1,-1,-1,-1
349,14,345.07,978.94,27.03,27.05,1,-1,-1,-1
350,3,422.21,687.35,29.52,29.00,1,-1,-1,-1
350,7,350.16,999.29,28.34,28.00,1,-1,-1,-1
350,8,1113.83,657.08,33.70,33.00,1,-1,-1,-1
350,10,1234.20,831.09,35.63,35.00,1,-1,-1,-1
350,14,346.63,979.77,27.00,27.02,1,-1,-1,-1
351,3,422.32,687.13,29.53,29.02,1,-1,-1,-1
351,7,352.79,998.41,28.40,28.00,1,-1,-1,-1
351,8,1115.03,660.09,33.73,33.00,1,-1,-1,-1
351,10,1233.24,830.26,35.66,35.00,1,-1,-1,-1
351,14,346.99,978.58,26.32,26.33,1,-1,-1,-1
352,7,354.80,997.42,29.03,28.66,1,-1,-1,-1
352,8,1116.68,662.57,33.76,33.00,1,-1,-1,-1
352,10,1232.91,829.30,35.69,35.00,1,-1,-1,-1
352,14,347.30,978.50,26.26,26.27,1,-1,-1,-1
353,7,356.22,995.74,29.91,29.56,1,-1,-1,-1
353,8,1119.19,665.50,33.11,32.34,1,-1,-1,-1
353,10,1232.14,827.63,35.72,35.00,1,-1,-1,-1
353,16,352.30,986.79,28.74,28.79,1,-1,-1,-1
354,3,434.28,683.40,30.33,29.89,1,-1,-1,-1
354,7,358.06,993.16,30.22,29.90,1,-1,-1,-1
354,8,1121.34,668.61,32.87,32.09,1,-1,-1,-1
354,10,1230.92,825.70,36.33,35.66,1,-1,-1,-1
354,16,352.71,987.28,29.23,29.28,1,-1,-1,-1
355,3,435.49,682.88,30.43,29.99,1,-1,-1,-1
355,7,360.07,991.53,30.32,30.03,1,-1,-1,-1
355,8,1123.37,671.08,32.80,32.00,1,-1,-1,-1
355,10,1230.14,823.68,35.94,35.25,1,-1,-1,-1
356,7,362.42,989.62,29.77,29.42,1,-1,-1,-1
356,8,1126.02,672.64,32.79,31.97,1,-1,-1,-1
356,10,1227.87,820.29,36.48,35.75,1,-1,-1,-1
357,7,366.97,988.26,29.49,29.17,1,-1,-1,-1
357,8,1128.23,675.85,32.80,31.96,1,-1,-1,-1
357,10,1225.44,816.42,37.27,36.60,1,-1,-1,-1
357,16,362.00,986.16,27.24,27.21,1,-1,-1,-1
358,7,371.57,987.12,28.79,28.42,1,-1,-1,-1
358,8,1131.33,678.34,33.40,32.62,1,-1,-1,-1
358,10,1224.86,812.39,36.96,36.26,1,-1,-1,-1
358,16,363.80,986.20,27.12,27.10,1,-1,-1,-1
359,7,374.29,986.06,29.14,28.80,1,-1,-1,-1
359,8,1134.02,679.89,33.67,32.87,1,-1,-1,-1
359,10,1224.02,808.91,36.85,36.12,1,-1,-1,-1
360,7,376.57,985.70,29.25,28.94,1,-1,-1,-1
360,8,1135.99,681.74,33.02,32.31,1,-1,-1,-1
360,10,1223.73,805.03,36.15,35.41,1,-1,-1,-1
361,7,378.03,984.94,29.27,28.99,1,-1,-1,-1
361,8,1137.95,681.06,34.09,33.42,1,-1,-1,-1
361,10,1222.05,801.64,36.48,35.80,1,-1,-1,-1
362,7,379.47,984.02,28.69,28.35,1,-1,-1,-1
362,8,1141.54,682.74,33.87,33.18,1,-1,-1,-1
362,10,1221.47,797.82,36.56,35.94,1,-1,-1,-1
363,7,380.59,983.05,28.51,28.10,1,-1,-1,-1
363,8,1144.78,683.99,33.80,33.08,1,-1,-1,-1
363,10,1220.93,794.47,36.65,36.00,1,-1,-1,-1
364,7,380.64,982.05,28.38,28.01,1,-1,-1,-1
364,8,1147.59,684.42,34.37,33.70,1,-1,-1,-1
364,10,1220.09,791.32,36.70,36.02,1,-1,-1,-1
365,3,461.80,680.91,30.59,30.03,1,-1,-1,-1
365,7,380.89,981.72,28.41,27.98,1,-1,-1,-1
365,8,1150.55,685.85,34.54,33.93,1,-1,-1,-1
365,10,1218.48,786.93,36.74,36.02,1,-1,-1,-1
366,3,463.97,680.61,30.63,30.06,1,-1,-1,-1
366,7,380.91,980.96,28.45,27.97,1,-1,-1,-1
366,8,1155.54,686.35,34.57,34.02,1,-1,-1,-1
366,10,1217.62,782.73,36.67,36.02,1,-1,-1,-1
367,7,380.86,980.04,28.50,27.97,1,-1,-1,-1
367,8,1159.98,686.50,34.54,34.05,1,-1,-1,-1
367,10,1217.35,779.27,36.61,36.02,1,-1,-1,-1
368,7,380.78,979.07,28.55,27.97,1,-1,-1,-1
368,8,1165.14,687.17,34.60,34.05,1,-1,-1,-1
368,10,1216.36,776.09,36.45,36.02,1,-1,-1,-1
369,3,465.73,686.20,32.48,31.80,1,-1,-1,-1
369,7,380.03,978.74,28.59,27.98,1,-1,-1,-1
369,8,1167.99,688.05,35.21,34.71,1,-1,-1,-1
369,10,1216.34,772.36,36.41,36.02,1,-1,-1,-1
370,3,467.46,686.51,32.67,31.99,1,-1,-1,-1
370,7,379.05,977.98,28.63,27.98,1,-1,-1,-1
370,8,1171.22,688.35,35.51,34.95,1,-1,-1,-1
370,10,1216.39,769.75,35.70,35.35,1,-1,-1,-1
371,3,465.71,688.52,32.60,32.04,1,-1,-1,-1
371,7,377.98,978.39,28.67,27.98,1,-1,-1,-1
371,8,1174.66,689.08,36.21,35.70,1,-1,-1,-1
371,10,1216.73,767.57,35.51,35.10,1,-1,-1,-1
372,3,465.54,689.00,32.54,32.07,1,-1,-1,-1
372,7,376.60,978.57,28.60,27.98,1,-1,-1,-1
372,8,1176.81,691.29,35.87,35.32,1,-1,-1,-1
372,10,1216.59,763.54,35.38,35.01,1,-1,-1,-1
373,3,466.76,689.47,32.70,32.23,1,-1,-1,-1
373,7,375.05,978.66,28.64,27.99,1,-1,-1,-1
373,8,1178.80,692.76,35.76,35.17,1,-1,-1,-1
373,10,1217.23,761.49,35.31,34.98,1,-1,-1,-1
374,7,371.80,978.06,28.68,27.99,1,-1,-1,-1
374,8,1180.08,692.62,35.73,35.10,1,-1,-1,-1
374,10,1218.17,759.51,34.60,34.31,1,-1,-1,-1
374,16,362.59,975.08,28.19,27.98,1,-1,-1,-1
375,7,368.58,977.85,29.38,28.65,1,-1,-1,-1
375,8,1180.44,692.53,35.74,35.07,1,-1,-1,-1
375,10,1217.88,756.22,33.65,33.39,1,-1,-1,-1
375,16,362.75,974.47,28.23,28.02,1,-1,-1,-1
376,3,468.48,688.34,31.75,31.20,1,-1,-1,-1
376,7,363.84,977.13,28.90,28.24,1,-1,-1,-1
376,8,1180.84,691.14,35.66,35.06,1,-1,-1,-1
376,10,1219.13,753.78,34.64,34.40,1,-1,-1,-1
376,16,355.59,970.85,28.80,28.79,1,-1,-1,-1
377,3,469.53,688.58,31.77,31.22,1,-1,-1,-1
377,7,360.35,974.89,28.77,28.08,1,-1,-1,-1
377,8,1179.59,688.61,36.26,35.71,1,-1,-1,-1
377,10,1220.26,751.64,34.99,34.77,1,-1,-1,-1
377,16,355.05,969.96,28.90,28.90,1,-1,-1,-1
378,3,471.86,686.57,31.67,31.05,1,-1,-1,-1
378,7,357.76,972.74,28.74,28.02,1,-1,-1,-1
378,8,1177.75,686.98,36.46,35.95,1,-1,-1,-1
378,10,1222.30,750.28,35.21,34.91,1,-1,-1,-1
379,3,473.11,685.51,31.69,31.02,1,-1,-1,-1
379,7,355.50,971.30,28.74,28.00,1,-1,-1,-1
379,8,1174.37,685.04,36.50,36.04,1,-1,-1,-1
379,10,1221.45,748.55,34.57,34.31,1,-1,-1,-1
379,16,348.93,964.66,27.33,27.33,1,-1,-1,-1
380,3,474.85,683.80,31.72,31.00,1,-1,-1,-1
380,7,354.04,970.13,28.76,27.99,1,-1,-1,-1
380,8,1172.65,681.67,36.57,36.06,1,-1,-1,-1
380,10,1223.40,747.34,35.08,34.74,1,-1,-1,-1
380,16,348.24,964.52,27.24,27.08,1,-1,-1,-1
381,3,476.11,682.51,32.43,31.66,1,-1,-1,-1
381,7,352.89,968.40,28.78,27.99,1,-1,-1,-1
381,8,1171.30,679.08,35.96,35.41,1,-1,-1,-1
381,10,1225.42,746.97,35.31,34.91,1,-1,-1,-1
381,16,347.26,963.41,27.15,26.99,1,-1,-1,-1
382,3,477.85,681.38,32.04,31.25,1,-1,-1,-1
382,7,352.21,967.79,29.38,28.65,1,-1,-1,-1
382,8,1168.75,676.79,35.75,35.15,1,-1,-1,-1
382,10,1225.49,747.58,35.43,34.97,1,-1,-1,-1
383,3,480.44,680.97,31.90,31.09,1,-1,-1,-1
383,7,351.66,966.93,28.99,28.25,1,-1,-1,-1
383,8,1166.16,673.97,35.59,35.06,1,-1,-1,-1
383,10,1226.15,747.23,35.50,34.99,1,-1,-1,-1
384,3,482.69,681.49,31.18,30.37,1,-1,-1,-1
384,7,351.22,965.32,28.76,28.09,1,-1,-1,-1
384,8,1163.49,672.29,34.93,34.36,1,-1,-1,-1
384,10,1226.37,748.49,34.89,34.34,1,-1,-1,-1
385,3,484.79,681.04,31.60,30.76,1,-1,-1,-1
385,7,351.13,964.76,28.63,28.03,1,-1,-1,-1
385,8,1159.15,671.04,34.70,34.09,1,-1,-1,-1
385,10,1227.36,750.37,35.45,34.76,1,-1,-1,-1
386,3,487.23,681.55,30.99,30.25,1,-1,-1,-1
386,7,351.15,963.92,28.55,28.00,1,-1,-1,-1
386,8,1155.55,669.28,34.64,34.00,1,-1,-1,-1
386,10,1227.39,752.42,35.64,34.91,1,-1,-1,-1
387,3,490.11,681.76,30.03,29.39,1,-1,-1,-1
387,7,351.51,962.98,27.91,27.33,1,-1,-1,-1
387,8,1152.90,667.35,33.97,33.30,1,-1,-1,-1
387,10,1226.34,755.22,35.82,34.97,1,-1,-1,-1
388,3,492.07,681.18,31.11,30.41,1,-1,-1,-1
388,7,351.39,962.01,27.60,27.08,1,-1,-1,-1
388,8,1149.65,664.67,34.32,33.71,1,-1,-1,-1
388,10,1224.95,758.94,35.86,35.00,1,-1,-1,-1
389,3,494.05,680.97,31.53,30.79,1,-1,-1,-1
389,7,351.01,961.01,27.56,26.99,1,-1,-1,-1
389,8,1145.21,663.72,34.42,33.87,1,-1,-1,-1
389,10,1223.75,762.99,35.88,35.00,1,-1,-1,-1
390,3,496.06,681.56,30.36,29.62,1,-1,-1,-1
390,7,350.60,960.01,27.47,26.96,1,-1,-1,-1
390,8,1142.29,662.76,33.76,33.27,1,-1,-1,-1
390,10,1223.29,766.50,35.89,35.01,1,-1,-1,-1
391,3,498.05,681.13,30.61,29.84,1,-1,-1,-1
391,7,350.78,958.35,27.51,26.95,1,-1,-1,-1
391,8,1139.57,661.80,32.91,32.38,1,-1,-1,-1
391,10,1221.79,770.44,35.90,35.01,1,-1,-1,-1
392,3,499.38,681.64,30.71,29.92,1,-1,-1,-1
392,7,350.57,957.76,27.46,26.96,1,-1,-1,-1
392,8,1137.29,661.50,32.62,32.05,1,-1,-1,-1
392,10,1218.95,773.21,36.49,35.67,1,-1,-1,-1
393,3,499.80,680.52,31.44,30.61,1,-1,-1,-1
393,7,351.47,956.92,27.51,26.96,1,-1,-1,-1
393,8,1135.85,661.43,32.55,31.94,1,-1,-1,-1
393,10,1217.27,776.18,36.67,35.91,1,-1,-1,-1
394,3,500.93,680.10,31.63,30.88,1,-1,-1,-1
394,7,351.53,955.98,28.14,27.63,1,-1,-1,-1
394,8,1133.82,660.36,32.33,31.73,1,-1,-1,-1
394,10,1215.63,779.88,36.12,35.35,1,-1,-1,-1
395,3,502.63,679.29,31.66,30.98,1,-1,-1,-1
395,7,351.58,955.00,28.34,27.88,1,-1,-1,-1
395,10,1213.04,782.56,36.59,35.79,1,-1,-1,-1
396,3,503.89,678.34,31.63,31.01,1,-1,-1,-1
396,7,351.62,954.01,28.39,27.97,1,-1,-1,-1
396,10,1213.40,786.13,36.77,35.95,1,-1,-1,-1
397,3,504.61,677.33,31.68,31.02,1,-1,-1,-1
397,7,351.66,953.67,28.39,28.01,1,-1,-1,-1
397,10,1213.57,789.38,36.85,36.01,1,-1,-1,-1
398,3,505.47,676.96,31.71,31.02,1,-1,-1,-1
398,7,351.70,952.92,27.70,27.36,1,-1,-1,-1
398,10,1213.67,793.18,36.22,35.37,1,-1,-1,-1
399,3,507.42,676.84,32.32,31.68,1,-1,-1,-1
399,7,351.74,952.67,27.41,27.11,1,-1,-1,-1
399,10,1212.11,795.85,36.56,35.79,1,-1,-1,-1
400,3,509.72,676.80,31.94,31.27,1,-1,-1,-1
400,7,351.39,951.95,26.72,26.36,1,-1,-1,-1
400,10,1214.50,800.72,36.07,35.29,1,-1,-1,-1
401,3,511.19,677.47,31.81,31.11,1,-1,-1,-1
401,7,350.58,950.38,26.49,26.07,1,-1,-1,-1
401,10,1215.81,804.46,35.80,35.09,1,-1,-1,-1
402,3,512.33,677.07,32.45,31.71,1,-1,-1,-1
402,7,349.98,948.49,27.03,26.64,1,-1,-1,-1
402,10,1218.32,807.75,35.66,35.02,1,-1,-1,-1
403,3,514.67,676.93,32.70,31.93,1,-1,-1,-1
403,7,349.12,946.50,27.21,26.86,1,-1,-1,-1
403,10,1220.52,810.86,35.09,34.33,1,-1,-1,-1
404,3,516.54,677.55,32.71,32.01,1,-1,-1,-1
404,7,347.78,943.81,27.36,26.94,1,-1,-1,-1
404,10,1223.03,813.25,35.53,34.74,1,-1,-1,-1
405,3,517.86,677.79,32.67,32.04,1,-1,-1,-1
405,7,347.27,940.19,27.45,26.97,1,-1,-1,-1
405,10,1225.91,816.02,35.71,34.90,1,-1,-1,-1
406,3,518.98,677.89,32.61,32.05,1,-1,-1,-1
406,7,347.08,937.55,27.51,26.99,1,-1,-1,-1
406,10,1228.30,819.61,35.79,34.96,1,-1,-1,-1
407,3,520.68,678.59,31.89,31.39,1,-1,-1,-1
407,7,347.01,935.30,27.56,26.99,1,-1,-1,-1
407,8,1099.27,672.63,32.64,31.96,1,-1,-1,-1
407,10,1231.15,824.16,35.15,34.32,1,-1,-1,-1
408,3,521.56,678.86,31.01,30.47,1,-1,-1,-1
408,7,346.33,933.19,27.60,26.99,1,-1,-1,-1
408,8,1096.32,673.73,32.71,31.98,1,-1,-1,-1
408,10,1233.22,827.75,35.51,34.74,1,-1,-1,-1
409,3,522.19,680.30,30.60,30.12,1,-1,-1,-1
409,7,346.08,931.14,27.64,27.00,1,-1,-1,-1
409,8,1093.32,673.45,33.43,32.64,1,-1,-1,-1
409,10,1235.29,832.28,34.92,34.24,1,-1,-1,-1
410,3,521.72,680.83,30.43,30.00,1,-1,-1,-1
410,7,345.99,929.77,27.68,27.00,1,-1,-1,-1
410,8,1090.30,673.98,33.05,32.24,1,-1,-1,-1
410,10,1238.32,835.86,34.76,34.05,1,-1,-1,-1
411,3,522.17,681.68,30.35,29.96,1,-1,-1,-1
411,7,345.96,927.34,27.71,27.00,1,-1,-1,-1
411,8,1086.61,674.17,32.91,32.08,1,-1,-1,-1
411,10,1241.38,839.73,34.72,33.99,1,-1,-1,-1
412,3,521.64,681.99,30.30,29.95,1,-1,-1,-1
412,7,345.30,924.51,27.74,27.00,1,-1,-1,-1
412,8,1082.66,673.55,33.55,32.68,1,-1,-1,-1
412,10,1245.49,843.04,34.63,33.97,1,-1,-1,-1
413,3,521.12,682.10,30.85,30.61,1,-1,-1,-1
413,7,344.77,922.19,27.67,27.00,1,-1,-1,-1
413,8,1079.31,673.97,33.12,32.25,1,-1,-1,-1
413,10,1248.59,846.14,35.33,34.62,1,-1,-1,-1
414,3,520.56,682.13,31.07,30.86,1,-1,-1,-1
414,7,345.27,920.07,26.93,26.34,1,-1,-1,-1
414,8,1074.16,674.11,33.65,32.75,1,-1,-1,-1
414,10,1251.36,848.51,35.52,34.87,1,-1,-1,-1
415,3,519.67,680.81,31.81,31.62,1,-1,-1,-1
415,7,345.49,917.36,26.62,26.09,1,-1,-1,-1
415,8,1070.36,674.15,33.85,32.93,1,-1,-1,-1
415,10,1255.27,850.60,35.65,34.97,1,-1,-1,-1
416,3,519.60,679.65,31.52,31.25,1,-1,-1,-1
416,7,345.60,914.43,26.47,26.00,1,-1,-1,-1
416,8,1066.40,673.50,33.92,33.00,1,-1,-1,-1
416,10,1258.35,852.59,35.62,35.00,1,-1,-1,-1
417,3,520.19,677.88,31.44,31.10,1,-1,-1,-1
417,7,346.33,912.08,26.40,25.97,1,-1,-1,-1
417,8,1061.73,673.90,33.96,33.02,1,-1,-1,-1
417,10,1261.05,854.54,35.66,35.01,1,-1,-1,-1
418,3,519.44,676.56,31.35,31.04,1,-1,-1,-1
418,7,346.90,908.63,26.44,25.96,1,-1,-1,-1
418,8,1056.13,674.70,33.97,33.03,1,-1,-1,-1
418,10,1263.94,855.82,35.70,35.02,1,-1,-1,-1
419,3,519.15,674.75,31.30,31.02,1,-1,-1,-1
419,7,344.17,910.08,27.07,26.62,1,-1,-1,-1
419,8,1051.22,674.99,34.55,33.69,1,-1,-1,-1
419,10,1266.25,858.18,35.73,35.02,1,-1,-1,-1
420,3,519.99,674.08,30.03,29.69,1,-1,-1,-1
420,7,344.76,904.78,26.71,26.22,1,-1,-1,-1
420,8,1047.17,675.75,34.15,33.28,1,-1,-1,-1
420,10,1268.72,859.63,34.99,34.35,1,-1,-1,-1
421,3,520.28,673.18,29.58,29.18,1,-1,-1,-1
421,7,344.70,901.50,27.18,26.72,1,-1,-1,-1
421,8,1043.32,676.09,34.21,33.35,1,-1,-1,-1
421,10,1269.85,860.73,34.77,34.10,1,-1,-1,-1
422,3,520.36,672.20,30.13,29.67,1,-1,-1,-1
422,7,345.36,899.04,26.66,26.26,1,-1,-1,-1
422,10,1270.83,861.71,35.38,34.67,1,-1,-1,-1
423,3,520.08,671.86,30.27,29.86,1,-1,-1,-1
423,7,345.25,896.21,26.54,26.07,1,-1,-1,-1
423,8,1031.41,676.12,33.84,33.07,1,-1,-1,-1
423,10,1272.44,863.97,34.96,34.23,1,-1,-1,-1
424,3,520.64,671.75,30.31,29.93,1,-1,-1,-1
424,7,344.25,893.26,27.10,26.67,1,-1,-1,-1
424,8,1026.43,675.44,33.82,33.03,1,-1,-1,-1
424,10,1273.98,864.74,35.39,34.73,1,-1,-1,-1
425,3,520.85,673.06,30.30,29.96,1,-1,-1,-1
425,7,344.17,889.60,27.38,26.90,1,-1,-1,-1
425,8,1021.81,674.54,33.72,33.02,1,-1,-1,-1
425,10,1274.13,865.62,35.61,34.91,1,-1,-1,-1
426,3,520.93,673.57,30.28,29.97,1,-1,-1,-1
426,7,344.14,886.99,27.51,26.98,1,-1,-1,-1
426,8,1017.61,672.88,33.64,33.01,1,-1,-1,-1
426,10,1274.48,866.53,35.62,34.98,1,-1,-1,-1
427,3,521.90,673.78,30.35,29.98,1,-1,-1,-1
427,7,344.78,884.78,26.92,26.35,1,-1,-1,-1
427,8,1013.25,672.75,33.65,33.02,1,-1,-1,-1
427,10,1274.56,866.80,35.58,35.01,1,-1,-1,-1
428,3,522.24,673.86,31.09,30.64,1,-1,-1,-1
428,7,346.35,883.40,26.72,26.11,1,-1,-1,-1
428,10,1275.49,866.83,34.96,34.35,1,-1,-1,-1
429,3,522.06,673.90,31.96,31.55,1,-1,-1,-1
429,7,347.59,881.65,26.66,26.02,1,-1,-1,-1
429,8,1003.38,666.16,32.82,32.16,1,-1,-1,-1
429,10,1275.76,865.44,35.42,34.77,1,-1,-1,-1
430,3,521.35,674.57,30.95,30.59,1,-1,-1,-1
430,7,349.08,881.08,26.57,25.99,1,-1,-1,-1
430,8,998.90,665.39,32.74,32.09,1,-1,-1,-1
430,10,1274.49,864.89,35.61,34.93,1,-1,-1,-1
431,3,520.40,673.51,31.87,31.53,1,-1,-1,-1
431,7,350.60,881.62,25.92,25.32,1,-1,-1,-1
431,8,993.86,661.74,33.39,32.80,1,-1,-1,-1
431,10,1273.94,863.31,36.37,35.64,1,-1,-1,-1
432,3,519.68,673.77,30.97,30.58,1,-1,-1,-1
432,7,352.49,881.26,25.70,25.07,1,-1,-1,-1
432,8,988.27,660.89,33.46,32.94,1,-1,-1,-1
432,10,1273.70,861.38,36.67,35.91,1,-1,-1,-1
433,3,518.72,672.56,30.64,30.20,1,-1,-1,-1
433,7,353.81,881.19,26.33,25.64,1,-1,-1,-1
433,8,984.39,660.61,32.78,32.32,1,-1,-1,-1
433,10,1272.91,859.96,36.80,36.01,1,-1,-1,-1
434,3,518.58,672.32,30.61,30.16,1,-1,-1,-1
434,7,354.93,881.21,26.58,25.86,1,-1,-1,-1
434,8,979.81,659.88,33.17,32.76,1,-1,-1,-1
434,10,1272.29,858.09,36.75,36.04,1,-1,-1,-1
435,3,515.50,671.24,29.05,28.46,1,-1,-1,-1
435,7,356.64,881.28,26.70,25.95,1,-1,-1,-1
435,8,975.63,660.96,32.62,32.26,1,-1,-1,-1
435,10,1271.40,855.40,36.69,36.05,1,-1,-1,-1
436,3,513.06,670.28,29.41,28.77,1,-1,-1,-1
436,7,358.86,881.36,26.17,25.32,1,-1,-1,-1
436,8,969.98,661.41,32.29,32.07,1,-1,-1,-1
436,10,1268.71,852.40,36.06,35.39,1,-1,-1,-1
437,3,510.22,668.63,30.23,29.54,1,-1,-1,-1
437,7,359.34,881.44,26.63,25.75,1,-1,-1,-1
437,8,965.71,662.27,31.53,31.34,1,-1,-1,-1
437,10,1267.00,849.28,36.51,35.80,1,-1,-1,-1
438,3,507.21,668.03,30.55,29.83,1,-1,-1,-1
438,7,360.14,881.50,26.80,25.91,1,-1,-1,-1
438,8,961.64,662.62,31.23,31.07,1,-1,-1,-1
438,10,1265.42,846.17,36.59,35.95,1,-1,-1,-1
439,3,505.81,668.48,30.59,29.94,1,-1,-1,-1
439,7,360.40,882.21,26.88,25.97,1,-1,-1,-1
439,8,957.08,662.29,31.08,30.91,1,-1,-1,-1
439,10,1262.49,845.02,36.68,36.01,1,-1,-1,-1
440,3,504.31,669.33,30.00,29.32,1,-1,-1,-1
440,7,359.80,882.52,26.91,25.99,1,-1,-1,-1
440,8,952.84,661.99,31.10,30.95,1,-1,-1,-1
440,10,1259.41,841.99,36.73,36.03,1,-1,-1,-1
441,3,503.50,669.01,30.37,29.75,1,-1,-1,-1
441,7,359.54,883.31,26.93,26.00,1,-1,-1,-1
441,8,948.06,660.53,31.07,30.94,1,-1,-1,-1
441,10,1257.60,840.89,36.77,36.03,1,-1,-1,-1
442,3,500.62,670.22,30.48,29.91,1,-1,-1,-1
442,7,359.04,883.63,27.03,26.00,1,-1,-1,-1
442,8,943.41,659.36,31.16,30.94,1,-1,-1,-1
442,10,1254.97,840.52,36.12,35.37,1,-1,-1,-1
443,3,499.20,672.01,30.58,29.97,1,-1,-1,-1
443,7,358.50,883.77,27.71,26.66,1,-1,-1,-1
443,8,939.55,657.61,31.81,31.61,1,-1,-1,-1
443,10,1251.72,839.77,36.47,35.78,1,-1,-1,-1
444,3,497.83,672.08,30.60,29.99,1,-1,-1,-1
444,7,356.98,884.48,27.96,26.91,1,-1,-1,-1
444,8,934.96,656.98,32.04,31.86,1,-1,-1,-1
444,10,1250.20,838.22,35.98,35.28,1,-1,-1,-1
445,3,495.45,677.48,30.65,30.00,1,-1,-1,-1
445,7,355.73,884.77,28.05,27.00,1,-1,-1,-1
445,8,931.42,656.76,32.12,31.96,1,-1,-1,-1
445,10,1247.68,838.34,35.81,35.08,1,-1,-1,-1
446,3,494.09,680.06,30.69,30.01,1,-1,-1,-1
446,7,354.97,884.88,27.99,27.03,1,-1,-1,-1
446,8,926.96,657.37,32.14,31.99,1,-1,-1,-1
446,10,1244.14,838.43,35.77,35.01,1,-1,-1,-1
447,3,492.31,682.29,30.05,29.35,1,-1,-1,-1
447,7,354.04,884.93,27.90,27.04,1,-1,-1,-1
447,8,923.75,658.94,31.58,31.35,1,-1,-1,-1
447,10,1240.87,837.17,35.77,34.99,1,-1,-1,-1
448,3,491.02,683.09,30.50,29.76,1,-1,-1,-1
448,7,352.69,884.29,27.92,27.04,1,-1,-1,-1
448,8,919.48,658.67,31.53,31.30,1,-1,-1,-1
448,10,1239.04,836.07,35.78,34.98,1,-1,-1,-1
449,3,489.91,684.02,31.36,30.58,1,-1,-1,-1
449,7,350.56,884.05,28.51,27.70,1,-1,-1,-1
449,10,1236.81,833.71,36.38,35.64,1,-1,-1,-1
450,3,488.88,685.65,31.03,30.23,1,-1,-1,-1
450,7,348.78,884.62,28.11,27.29,1,-1,-1,-1
450,8,915.14,660.56,32.09,31.88,1,-1,-1,-1
450,10,1233.43,832.86,35.89,35.23,1,-1,-1,-1
451,3,486.95,686.23,30.81,30.09,1,-1,-1,-1
451,7,345.76,883.53,27.38,26.46,1,-1,-1,-1
451,8,912.39,660.85,32.15,31.97,1,-1,-1,-1
451,10,1230.54,831.26,35.76,35.07,1,-1,-1,-1
452,3,485.25,687.07,30.11,29.38,1,-1,-1,-1
452,7,342.31,883.12,27.75,26.82,1,-1,-1,-1
452,8,910.16,661.62,32.16,32.00,1,-1,-1,-1
452,10,1227.54,829.37,36.41,35.68,1,-1,-1,-1
453,3,483.71,687.35,30.44,29.77,1,-1,-1,-1
453,7,339.10,883.63,27.21,26.29,1,-1,-1,-1
453,8,906.58,661.71,32.19,32.02,1,-1,-1,-1
453,10,1224.13,828.70,36.76,35.90,1,-1,-1,-1
454,3,482.17,687.42,30.62,29.92,1,-1,-1,-1
454,7,336.60,885.17,27.01,26.08,1,-1,-1,-1
454,10,1219.97,827.84,36.86,35.99,1,-1,-1,-1
455,3,480.31,687.42,30.71,29.98,1,-1,-1,-1
455,7,334.40,887.74,26.25,25.34,1,-1,-1,-1
455,10,1215.56,825.58,37.48,36.68,1,-1,-1,-1
456,3,478.63,687.38,30.18,29.34,1,-1,-1,-1
456,7,332.31,890.71,25.29,24.40,1,-1,-1,-1
456,10,1211.38,824.77,37.66,36.93,1,-1,-1,-1
457,3,476.40,688.00,30.63,29.76,1,-1,-1,-1
457,7,330.66,891.37,25.05,24.17,1,-1,-1,-1
457,10,1206.92,823.19,37.78,37.03,1,-1,-1,-1
458,3,474.30,688.88,31.48,30.58,1,-1,-1,-1
458,10,1203.35,820.01,37.84,37.06,1,-1,-1,-1
459,3,472.25,689.18,31.13,30.23,1,-1,-1,-1
459,10,1198.16,818.19,37.20,36.41,1,-1,-1,-1
460,3,470.49,689.93,31.10,30.09,1,-1,-1,-1
460,10,1191.67,814.91,37.63,36.81,1,-1,-1,-1
461,3,468.79,690.57,31.12,30.11,1,-1,-1,-1
461,8,885.63,660.09,32.15,32.01,1,-1,-1,-1
461,10,1188.04,811.76,37.80,36.97,1,-1,-1,-1
462,8,882.62,660.01,32.16,32.02,1,-1,-1,-1
462,10,1183.51,809.97,37.20,36.36,1,-1,-1,-1
463,3,464.20,691.97,31.90,30.87,1,-1,-1,-1
463,8,880.67,659.19,32.12,32.01,1,-1,-1,-1
463,10,1178.62,807.38,37.66,36.79,1,-1,-1,-1
464,3,462.10,692.88,32.71,31.66,1,-1,-1,-1
464,8,878.57,659.01,32.10,32.00,1,-1,-1,-1
464,10,1173.63,806.47,37.16,36.29,1,-1,-1,-1
465,3,460.25,693.55,32.88,31.83,1,-1,-1,-1
465,8,876.55,659.61,30.76,30.68,1,-1,-1,-1
465,10,1168.58,806.21,36.98,36.10,1,-1,-1,-1
466,3,458.07,694.82,33.05,32.00,1,-1,-1,-1
466,8,873.92,659.18,30.92,30.85,1,-1,-1,-1
466,10,1164.56,806.18,37.50,36.69,1,-1,-1,-1
467,3,456.06,695.85,32.41,31.38,1,-1,-1,-1
467,8,871.20,659.06,30.82,30.74,1,-1,-1,-1
467,10,1160.21,806.88,37.07,36.25,1,-1,-1,-1
468,3,454.16,696.62,32.50,31.47,1,-1,-1,-1
468,8,869.98,658.99,31.11,30.92,1,-1,-1,-1
468,10,1155.41,808.54,36.24,35.42,1,-1,-1,-1
469,3,452.05,697.08,32.14,31.12,1,-1,-1,-1
469,8,868.44,659.64,31.80,31.63,1,-1,-1,-1
469,10,1150.83,808.55,36.52,35.77,1,-1,-1,-1
470,3,450.13,697.82,32.19,31.16,1,-1,-1,-1
470,8,866.61,660.53,32.03,31.88,1,-1,-1,-1
470,10,1147.97,809.24,35.91,35.25,1,-1,-1,-1
471,8,864.70,661.52,32.77,32.63,1,-1,-1,-1
471,10,1144.43,809.53,35.65,35.05,1,-1,-1,-1
472,3,446.41,698.19,31.31,30.19,1,-1,-1,-1
472,8,862.75,662.55,33.04,32.91,1,-1,-1,-1
472,10,1140.38,809.01,35.54,34.94,1,-1,-1,-1
473,3,444.51,698.82,31.24,30.13,1,-1,-1,-1
473,8,861.71,664.25,32.58,32.36,1,-1,-1,-1
474,8,859.57,664.66,32.64,32.42,1,-1,-1,-1
476,8,855.33,670.14,31.55,31.24,1,-1,-1,-1
477,8,852.28,672.39,31.32,31.05,1,-1,-1,-1
478,8,849.27,673.14,31.23,30.99,1,-1,-1,-1
479,8,845.59,674.04,31.18,30.97,1,-1,-1,-1
480,8,841.93,675.01,30.60,30.30,1,-1,-1,-1
481,8,837.69,675.99,30.31,30.05,1,-1,-1,-1
482,8,833.55,676.32,30.20,29.97,1,-1,-1,-1
483,8,830.13,677.08,30.15,29.94,1,-1,-1,-1
484,8,827.65,677.32,29.46,29.27,1,-1,-1,-1
485,8,823.51,676.70,29.19,29.03,1,-1,-1,-1
486,8,819.42,675.78,29.76,29.61,1,-1,-1,-1
487,8,816.31,674.76,29.40,29.17,1,-1,-1,-1
487,10,1110.40,822.74,34.45,33.99,1,-1,-1,-1
488,8,813.92,673.68,29.31,29.01,1,-1,-1,-1
488,10,1108.60,823.83,35.05,34.66,1,-1,-1,-1
489,8,811.14,673.94,29.33,28.95,1,-1,-1,-1
489,10,1106.93,826.17,34.71,34.23,1,-1,-1,-1
490,8,806.88,674.03,29.37,28.94,1,-1,-1,-1
490,10,1104.39,829.03,33.94,33.39,1,-1,-1,-1
491,8,803.77,674.06,30.00,29.60,1,-1,-1,-1
491,10,1102.17,834.08,33.69,33.08,1,-1,-1,-1
492,3,407.99,709.01,29.04,28.01,1,-1,-1,-1
492,8,800.75,676.03,28.89,28.54,1,-1,-1,-1
492,10,1100.76,837.91,33.63,32.97,1,-1,-1,-1
493,3,406.07,709.55,28.93,27.90,1,-1,-1,-1
493,8,796.42,677.46,29.12,28.80,1,-1,-1,-1
493,10,1098.64,839.78,33.47,32.82,1,-1,-1,-1
494,8,792.57,681.94,29.28,28.90,1,-1,-1,-1
494,10,1097.81,843.50,32.82,32.14,1,-1,-1,-1
495,8,789.21,682.86,29.20,28.82,1,-1,-1,-1
495,10,1095.34,845.87,34.09,33.35,1,-1,-1,-1
496,10,1093.83,847.34,34.54,33.76,1,-1,-1,-1
497,10,1092.67,848.47,34.73,33.92,1,-1,-1,-1
498,10,1092.30,848.17,34.81,33.98,1,-1,-1,-1
499,10,1092.23,848.64,34.18,33.34,1,-1,-1,-1
500,10,1090.96,850.07,33.27,32.43,1,-1,-1,-1
