0,1,699.00,1325.00,30.00,29.00,1,-1,-1,-1
0,2,804.00,1324.00,30.00,29.00,1,-1,-1,-1
1,1,699.00,1325.00,30.00,29.00,1,-1,-1,-1
1,2,804.00,1324.00,30.00,29.00,1,-1,-1,-1
2,1,699.00,1325.00,30.00,29.00,1,-1,-1,-1
2,2,804.00,1323.22,30.00,29.00,1,-1,-1,-1
3,1,699.00,1325.00,30.00,29.00,1,-1,-1,-1
3,2,804.00,1323.74,30.00,29.00,1,-1,-1,-1
4,1,699.00,1325.00,30.00,29.00,1,-1,-1,-1
4,2,804.00,1323.19,30.00,29.00,1,-1,-1,-1
5,1,699.00,1325.00,30.00,29.00,1,-1,-1,-1
5,2,804.00,1323.72,30.00,29.00,1,-1,-1,-1
6,1,699.00,1325.00,30.00,29.00,1,-1,-1,-1
6,2,804.00,1323.21,30.00,29.00,1,-1,-1,-1
7,1,699.00,1325.00,30.00,29.00,1,-1,-1,-1
7,2,804.00,1323.72,30.00,29.00,1,-1,-1,-1
8,1,699.68,1325.00,30.00,29.00,1,-1,-1,-1
8,2,804.00,1323.23,30.00,29.00,1,-1,-1,-1
9,1,699.26,1325.00,30.00,29.00,1,-1,-1,-1
9,2,804.00,1323.72,30.00,29.00,1,-1,-1,-1
10,1,699.09,1325.00,30.00,29.00,1,-1,-1,-1
10,2,804.00,1323.91,30.00,29.00,1,-1,-1,-1
11,1,699.70,1325.00,30.00,29.00,1,-1,-1,-1
11,2,804.00,1323.31,30.00,29.00,1,-1,-1,-1
12,1,699.26,1325.00,30.00,29.00,1,-1,-1,-1
12,2,804.00,1323.09,30.00,29.00,1,-1,-1,-1
13,1,699.09,1325.00,30.00,29.00,1,-1,-1,-1
13,2,804.00,1323.00,30.00,29.00,1,-1,-1,-1
14,1,699.69,1325.00,30.00,29.00,1,-1,-1,-1
14,2,804.00,1322.98,30.00,29.00,1,-1,-1,-1
15,1,699.26,1325.00,30.00,29.00,1,-1,-1,-1
15,2,804.00,1322.97,30.00,29.00,1,-1,-1,-1
16,1,699.09,1325.00,30.00,29.00,1,-1,-1,-1
16,2,804.00,1322.97,30.00,29.00,1,-1,-1,-1
17,1,699.03,1325.00,30.00,29.00,1,-1,-1,-1
17,2,804.00,1322.97,30.00,29.00,1,-1,-1,-1
18,1,699.00,1325.00,30.00,29.00,1,-1,-1,-1
18,2,804.00,1322.97,30.00,29.00,1,-1,-1,-1
19,1,698.99,1325.00,30.00,29.00,1,-1,-1,-1
19,2,804.00,1322.98,30.00,29.00,1,-1,-1,-1
20,1,698.99,1325.00,30.00,29.00,1,-1,-1,-1
20,2,804.00,1322.98,30.00,29.00,1,-1,-1,-1
21,1,698.99,1325.00,30.00,29.00,1,-1,-1,-1
21,2,804.00,1322.98,30.00,29.00,1,-1,-1,-1
22,1,698.99,1325.00,30.00,29.00,1,-1,-1,-1
22,2,804.00,1323.65,30.00,29.00,1,-1,-1,-1
23,1,698.99,1325.00,30.00,29.00,1,-1,-1,-1
23,2,804.00,1323.90,30.00,29.00,1,-1,-1,-1
24,1,699.65,1325.00,30.00,29.00,1,-1,-1,-1
24,2,804.00,1323.99,30.00,29.00,1,-1,-1,-1
25,1,699.24,1325.00,30.00,29.00,1,-1,-1,-1
25,2,804.00,1324.02,30.00,29.00,1,-1,-1,-1
26,1,699.09,1325.00,30.00,29.00,1,-1,-1,-1
26,2,804.00,1324.03,30.00,29.00,1,-1,-1,-1
27,1,699.03,1325.00,30.00,29.00,1,-1,-1,-1
27,2,804.00,1324.03,30.00,29.00,1,-1,-1,-1
28,1,699.00,1325.00,30.00,29.00,1,-1,-1,-1
28,2,804.00,1324.03,30.00,29.00,1,-1,-1,-1
29,1,699.66,1325.00,30.00,29.00,1,-1,-1,-1
29,2,804.00,1324.03,30.00,29.00,1,-1,-1,-1
30,1,699.90,1325.00,30.00,29.00,1,-1,-1,-1
30,2,804.00,1323.36,30.00,29.00,1,-1,-1,-1
31,1,699.33,1325.00,30.00,29.00,1,-1,-1,-1
31,2,804.00,1323.77,30.00,29.00,1,-1,-1,-1
32,1,699.12,1325.00,30.00,29.00,1,-1,-1,-1
32,2,804.00,1323.27,30.00,29.00,1,-1,-1,-1
33,1,699.03,1325.00,30.00,29.00,1,-1,-1,-1
33,2,804.00,1323.08,30.00,29.00,1,-1,-1,-1
34,1,699.00,1325.00,30.00,29.00,1,-1,-1,-1
34,2,804.00,1323.67,30.00,29.00,1,-1,-1,-1
35,1,699.65,1325.00,30.00,29.00,1,-1,-1,-1
35,2,804.00,1323.23,30.00,29.00,1,-1,-1,-1
36,1,699.90,1325.00,30.00,29.00,1,-1,-1,-1
36,2,804.00,1323.07,30.00,29.00,1,-1,-1,-1
37,1,699.33,1325.00,30.00,29.00,1,-1,-1,-1
37,2,804.00,1323.00,30.00,29.00,1,-1,-1,-1
38,1,699.11,1325.00,30.00,29.00,1,-1,-1,-1
38,2,804.00,1322.98,30.00,29.00,1,-1,-1,-1
39,1,699.03,1325.00,30.00,29.00,1,-1,-1,-1
39,2,804.00,1323.64,30.00,29.00,1,-1,-1,-1
40,1,699.00,1325.00,30.00,29.00,1,-1,-1,-1
40,2,804.00,1323.23,30.00,29.00,1,-1,-1,-1
41,1,698.99,1325.00,30.00,29.00,1,-1,-1,-1
41,2,804.00,1323.07,30.00,29.00,1,-1,-1,-1
42,1,698.99,1325.00,30.00,29.00,1,-1,-1,-1
42,2,804.00,1323.01,30.00,29.00,1,-1,-1,-1
43,1,698.99,1325.00,30.00,29.00,1,-1,-1,-1
43,2,804.00,1322.99,30.00,29.00,1,-1,-1,-1
44,1,698.99,1325.00,30.00,29.00,1,-1,-1,-1
44,2,804.00,1322.98,30.00,29.00,1,-1,-1,-1
45,1,698.99,1325.00,30.00,29.00,1,-1,-1,-1
45,2,804.00,1323.64,30.00,29.00,1,-1,-1,-1
46,1,698.99,1325.00,30.00,29.00,1,-1,-1,-1
46,2,804.00,1323.89,30.00,29.00,1,-1,-1,-1
47,1,698.99,1325.00,30.00,29.00,1,-1,-1,-1
47,2,804.00,1323.33,30.00,29.00,1,-1,-1,-1
48,1,698.99,1325.00,30.00,29.00,1,-1,-1,-1
48,2,804.00,1323.77,30.00,29.00,1,-1,-1,-1
49,1,698.99,1325.00,30.00,29.00,1,-1,-1,-1
49,2,804.00,1323.94,30.00,29.00,1,-1,-1,-1
50,1,698.99,1325.00,30.00,29.00,1,-1,-1,-1
50,2,804.00,1323.34,30.00,29.00,1,-1,-1,-1
51,1,698.99,1325.00,30.00,29.00,1,-1,-1,-1
51,2,804.00,1323.77,30.00,29.00,1,-1,-1,-1
52,1,699.00,1325.00,30.00,29.00,1,-1,-1,-1
52,2,804.00,1323.27,30.00,29.00,1,-1,-1,-1
53,1,699.00,1325.00,30.00,29.00,1,-1,-1,-1
53,2,804.00,1323.09,30.00,29.00,1,-1,-1,-1
54,1,699.00,1325.00,30.00,29.00,1,-1,-1,-1
54,2,804.00,1323.68,30.00,29.00,1,-1,-1,-1
55,1,699.00,1325.00,30.00,29.00,1,-1,-1,-1
55,2,804.00,1323.24,30.00,29.00,1,-1,-1,-1
56,1,699.00,1325.00,30.00,29.00,1,-1,-1,-1
56,2,804.00,1323.73,30.00,29.00,1,-1,-1,-1
56,3,565.39,305.98,30.00,29.00,1,-1,-1,-1
57,1,699.00,1325.00,30.00,29.00,1,-1,-1,-1
57,2,804.00,1323.26,30.00,29.00,1,-1,-1,-1
57,3,564.20,305.80,30.00,29.00,1,-1,-1,-1
58,1,699.00,1325.00,30.00,29.00,1,-1,-1,-1
58,2,804.00,1323.08,30.00,29.00,1,-1,-1,-1
59,1,699.66,1325.00,30.00,29.00,1,-1,-1,-1
59,2,804.00,1323.68,30.00,29.00,1,-1,-1,-1
60,1,699.25,1325.00,30.00,29.00,1,-1,-1,-1
60,2,804.00,1323.90,30.00,29.00,1,-1,-1,-1
61,1,699.09,1325.00,30.00,29.00,1,-1,-1,-1
61,2,804.00,1323.32,30.00,29.00,1,-1,-1,-1
62,1,699.03,1325.00,30.00,29.00,1,-1,-1,-1
62,2,804.00,1323.76,30.00,29.00,1,-1,-1,-1
63,1,699.01,1325.00,30.00,29.00,1,-1,-1,-1
63,2,804.00,1323.27,30.00,29.00,1,-1,-1,-1
64,1,699.00,1325.00,30.00,29.00,1,-1,-1,-1
64,2,804.00,1323.74,30.00,29.00,1,-1,-1,-1
65,1,699.00,1325.00,30.00,29.00,1,-1,-1,-1
65,2,804.00,1323.26,30.00,29.00,1,-1,-1,-1
66,1,699.00,1325.00,30.00,29.00,1,-1,-1,-1
66,2,804.00,1323.08,30.00,29.00,1,-1,-1,-1
67,1,699.00,1325.00,30.00,29.00,1,-1,-1,-1
67,2,804.00,1323.01,30.00,29.00,1,-1,-1,-1
68,1,699.66,1325.00,30.00,29.00,1,-1,-1,-1
68,2,804.00,1322.99,30.00,29.00,1,-1,-1,-1
69,1,699.91,1325.00,30.00,29.00,1,-1,-1,-1
69,2,804.00,1323.64,30.00,29.00,1,-1,-1,-1
70,1,699.34,1325.00,30.00,29.00,1,-1,-1,-1
70,2,804.00,1323.89,30.00,29.00,1,-1,-1,-1
71,1,699.12,1325.00,30.00,29.00,1,-1,-1,-1
71,2,804.00,1323.32,30.00,29.00,1,-1,-1,-1
72,1,699.04,1325.00,30.00,29.00,1,-1,-1,-1
72,2,804.00,1323.10,30.00,29.00,1,-1,-1,-1
73,1,699.01,1325.00,30.00,29.00,1,-1,-1,-1
73,2,804.00,1323.02,30.00,29.00,1,-1,-1,-1
74,1,699.00,1325.00,30.00,29.00,1,-1,-1,-1
74,2,804.00,1323.66,30.00,29.00,1,-1,-1,-1
75,1,698.99,1325.00,30.00,29.00,1,-1,-1,-1
75,2,804.00,1323.23,30.00,29.00,1,-1,-1,-1
76,1,698.99,1325.00,30.00,29.00,1,-1,-1,-1
76,2,804.00,1323.07,30.00,29.00,1,-1,-1,-1
77,1,698.99,1325.00,30.00,29.00,1,-1,-1,-1
77,2,804.00,1323.01,30.00,29.00,1,-1,-1,-1
78,1,698.99,1325.00,30.00,29.00,1,-1,-1,-1
78,2,804.00,1323.65,30.00,29.00,1,-1,-1,-1
79,1,698.99,1325.00,30.00,29.00,1,-1,-1,-1
79,2,804.00,1323.24,30.00,29.00,1,-1,-1,-1
80,1,698.99,1325.00,30.00,29.00,1,-1,-1,-1
80,2,804.00,1323.08,30.00,29.00,1,-1,-1,-1
81,1,698.99,1325.00,30.00,29.00,1,-1,-1,-1
81,2,804.00,1323.68,30.00,29.00,1,-1,-1,-1
82,1,699.00,1325.00,30.00,29.00,1,-1,-1,-1
82,2,804.00,1323.24,30.00,29.00,1,-1,-1,-1
83,1,699.00,1325.00,30.00,29.00,1,-1,-1,-1
83,2,804.00,1323.08,30.00,29.00,1,-1,-1,-1
84,1,699.00,1325.00,30.00,29.00,1,-1,-1,-1
84,2,804.00,1323.68,30.00,29.00,1,-1,-1,-1
85,1,699.00,1325.00,30.00,29.00,1,-1,-1,-1
85,2,804.00,1323.90,30.00,29.00,1,-1,-1,-1
86,1,699.00,1325.00,30.00,29.00,1,-1,-1,-1
86,2,804.00,1323.33,30.00,29.00,1,-1,-1,-1
87,1,699.00,1325.00,30.00,29.00,1,-1,-1,-1
87,2,804.00,1323.77,30.00,29.00,1,-1,-1,-1
88,1,699.00,1325.00,30.00,29.00,1,-1,-1,-1
88,2,804.00,1323.94,30.00,29.00,1,-1,-1,-1
89,1,699.00,1325.00,30.00,29.00,1,-1,-1,-1
89,2,804.00,1324.00,30.00,29.00,1,-1,-1,-1
90,1,699.00,1325.00,30.00,29.00,1,-1,-1,-1
90,2,804.00,1324.02,30.00,29.00,1,-1,-1,-1
91,1,699.00,1325.00,30.00,29.00,1,-1,-1,-1
91,2,804.00,1323.36,30.00,29.00,1,-1,-1,-1
92,1,699.66,1325.00,30.00,29.00,1,-1,-1,-1
92,2,804.00,1323.78,30.00,29.00,1,-1,-1,-1
93,1,699.25,1325.00,30.00,29.00,1,-1,-1,-1
93,2,804.00,1323.27,30.00,29.00,1,-1,-1,-1
94,1,699.09,1325.00,30.00,29.00,1,-1,-1,-1
94,2,804.00,1323.74,30.00,29.00,1,-1,-1,-1
95,1,699.03,1325.00,30.00,29.00,1,-1,-1,-1
95,2,804.00,1323.26,30.00,29.00,1,-1,-1,-1
96,1,699.67,1325.00,30.00,29.00,1,-1,-1,-1
96,2,804.00,1323.74,30.00,29.00,1,-1,-1,-1
97,1,699.91,1325.00,30.00,29.00,1,-1,-1,-1
97,2,804.00,1323.26,30.00,29.00,1,-1,-1,-1
98,1,699.34,1325.00,30.00,29.00,1,-1,-1,-1
98,2,804.00,1323.08,30.00,29.00,1,-1,-1,-1
99,1,699.78,1325.00,30.00,29.00,1,-1,-1,-1
99,2,804.00,1323.01,30.00,29.00,1,-1,-1,-1
100,1,699.28,1325.00,30.00,29.00,1,-1,-1,-1
100,2,804.00,1322.99,30.00,29.00,1,-1,-1,-1
101,1,699.10,1325.00,30.00,29.00,1,-1,-1,-1
101,2,804.00,1323.64,30.00,29.00,1,-1,-1,-1
101,4,487.20,342.00,30.00,30.00,1,-1,-1,-1
102,1,699.02,1325.00,30.00,29.00,1,-1,-1,-1
102,2,804.00,1323.23,30.00,29.00,1,-1,-1,-1
102,4,486.53,342.00,29.27,29.24,1,-1,-1,-1
103,1,699.00,1325.00,30.00,29.00,1,-1,-1,-1
103,2,804.00,1323.07,30.00,29.00,1,-1,-1,-1
103,4,484.48,342.00,29.78,29.74,1,-1,-1,-1
104,1,698.99,1325.00,30.00,29.00,1,-1,-1,-1
104,2,804.00,1323.67,30.00,29.00,1,-1,-1,-1
104,4,483.13,341.29,29.95,29.91,1,-1,-1,-1
105,1,698.99,1325.00,30.00,29.00,1,-1,-1,-1
105,2,804.00,1323.90,30.00,29.00,1,-1,-1,-1
105,4,482.71,341.04,30.01,29.97,1,-1,-1,-1
106,1,698.99,1325.00,30.00,29.00,1,-1,-1,-1
106,2,804.00,1323.32,30.00,29.00,1,-1,-1,-1
106,4,481.92,340.95,30.03,30.00,1,-1,-1,-1
107,1,698.99,1325.00,30.00,29.00,1,-1,-1,-1
107,2,804.00,1323.11,30.00,29.00,1,-1,-1,-1
107,4,481.98,340.93,30.10,30.00,1,-1,-1,-1
108,1,698.99,1325.00,30.00,29.00,1,-1,-1,-1
108,2,804.00,1323.02,30.00,29.00,1,-1,-1,-1
108,4,481.34,341.61,30.17,30.01,1,-1,-1,-1
109,1,698.99,1325.00,30.00,29.00,1,-1,-1,-1
109,2,804.00,1322.99,30.00,29.00,1,-1,-1,-1
109,4,480.15,341.86,30.83,30.68,1,-1,-1,-1
110,1,698.99,1325.00,30.00,29.00,1,-1,-1,-1
110,2,804.00,1323.65,30.00,29.00,1,-1,-1,-1
110,4,479.74,343.28,31.07,30.93,1,-1,-1,-1
111,1,698.99,1324.34,30.00,29.00,1,-1,-1,-1
111,2,804.00,1323.23,30.00,29.00,1,-1,-1,-1
111,4,478.95,343.82,31.81,31.68,1,-1,-1,-1
112,1,698.99,1324.75,30.00,29.00,1,-1,-1,-1
112,2,804.00,1323.73,30.00,29.00,1,-1,-1,-1
112,4,478.68,344.68,32.08,31.96,1,-1,-1,-1
113,1,698.99,1324.91,30.00,29.00,1,-1,-1,-1
113,2,804.00,1323.92,30.00,29.00,1,-1,-1,-1
113,4,477.96,345.65,32.83,32.71,1,-1,-1,-1
114,1,699.00,1324.97,30.00,29.00,1,-1,-1,-1
114,2,804.00,1323.99,30.00,29.00,1,-1,-1,-1
114,4,476.77,346.66,33.01,32.99,1,-1,-1,-1
115,1,699.00,1324.99,30.00,29.00,1,-1,-1,-1
115,2,804.00,1323.36,30.00,29.00,1,-1,-1,-1
115,4,476.94,350.97,31.89,31.78,1,-1,-1,-1
116,1,699.00,1325.00,30.00,29.00,1,-1,-1,-1
116,2,804.00,1323.78,30.00,29.00,1,-1,-1,-1
116,4,475.39,353.94,32.06,31.96,1,-1,-1,-1
117,1,699.00,1325.00,30.00,29.00,1,-1,-1,-1
117,2,804.00,1323.94,30.00,29.00,1,-1,-1,-1
117,4,474.19,356.99,31.46,31.37,1,-1,-1,-1
118,1,699.00,1325.00,30.00,29.00,1,-1,-1,-1
118,2,804.00,1323.33,30.00,29.00,1,-1,-1,-1
118,4,473.39,360.76,30.64,30.47,1,-1,-1,-1
119,1,699.66,1325.00,30.00,29.00,1,-1,-1,-1
119,2,804.00,1323.77,30.00,29.00,1,-1,-1,-1
119,4,472.15,364.12,30.29,30.13,1,-1,-1,-1
120,1,699.25,1325.00,30.00,29.00,1,-1,-1,-1
120,2,804.00,1323.27,30.00,29.00,1,-1,-1,-1
120,4,472.01,367.98,29.57,29.34,1,-1,-1,-1
121,1,699.09,1325.00,30.00,29.00,1,-1,-1,-1
121,2,804.00,1323.08,30.00,29.00,1,-1,-1,-1
121,4,471.69,371.35,29.94,29.73,1,-1,-1,-1
122,1,699.03,1325.00,30.00,29.00,1,-1,-1,-1
122,2,804.00,1323.01,30.00,29.00,1,-1,-1,-1
122,4,470.27,374.51,30.06,29.87,1,-1,-1,-1
123,1,699.01,1325.00,30.00,29.00,1,-1,-1,-1
123,2,804.00,1323.65,30.00,29.00,1,-1,-1,-1
123,4,469.77,378.27,29.44,29.27,1,-1,-1,-1
124,1,699.00,1325.00,30.00,29.00,1,-1,-1,-1
124,2,804.00,1323.23,30.00,29.00,1,-1,-1,-1
124,4,469.62,381.58,29.19,29.04,1,-1,-1,-1
125,1,699.00,1325.00,30.00,29.00,1,-1,-1,-1
125,2,804.00,1323.73,30.00,29.00,1,-1,-1,-1
125,4,468.55,384.05,29.20,28.96,1,-1,-1,-1
126,1,699.00,1325.00,30.00,29.00,1,-1,-1,-1
126,2,804.00,1323.26,30.00,29.00,1,-1,-1,-1
126,4,467.78,386.21,28.67,28.27,1,-1,-1,-1
127,1,699.00,1325.00,30.00,29.00,1,-1,-1,-1
127,2,804.00,1323.08,30.00,29.00,1,-1,-1,-1
127,4,465.85,388.91,29.15,28.69,1,-1,-1,-1
128,1,699.00,1325.00,30.00,29.00,1,-1,-1,-1
128,2,804.00,1323.67,30.00,29.00,1,-1,-1,-1
128,4,464.20,391.81,29.94,29.51,1,-1,-1,-1
129,1,699.00,1325.00,30.00,29.00,1,-1,-1,-1
129,2,804.00,1323.24,30.00,29.00,1,-1,-1,-1
129,4,462.59,394.14,29.65,29.17,1,-1,-1,-1
130,1,699.00,1325.00,30.00,29.00,1,-1,-1,-1
130,2,804.00,1323.07,30.00,29.00,1,-1,-1,-1
130,4,462.01,397.56,28.89,28.37,1,-1,-1,-1
131,1,699.00,1325.00,30.00,29.00,1,-1,-1,-1
131,2,804.00,1323.01,30.00,29.00,1,-1,-1,-1
131,4,460.86,402.08,29.22,28.75,1,-1,-1,-1
132,1,699.00,1325.00,30.00,29.00,1,-1,-1,-1
132,2,804.00,1322.99,30.00,29.00,1,-1,-1,-1
132,4,460.10,405.64,29.41,28.89,1,-1,-1,-1
133,1,699.00,1325.00,30.00,29.00,1,-1,-1,-1
133,2,804.00,1323.64,30.00,29.00,1,-1,-1,-1
133,4,459.18,409.52,29.51,28.94,1,-1,-1,-1
134,1,699.00,1325.00,30.00,29.00,1,-1,-1,-1
134,2,804.00,1323.89,30.00,29.00,1,-1,-1,-1
134,4,459.14,413.51,29.00,28.30,1,-1,-1,-1
135,1,699.00,1325.00,30.00,29.00,1,-1,-1,-1
135,2,804.00,1323.98,30.00,29.00,1,-1,-1,-1
135,4,458.85,417.56,29.47,28.73,1,-1,-1,-1
136,1,699.00,1325.00,30.00,29.00,1,-1,-1,-1
136,2,804.00,1324.02,30.00,29.00,1,-1,-1,-1
136,4,458.47,419.62,29.56,28.89,1,-1,-1,-1
137,1,699.00,1325.00,30.00,29.00,1,-1,-1,-1
137,2,804.00,1323.37,30.00,29.00,1,-1,-1,-1
137,4,458.67,422.25,28.98,28.29,1,-1,-1,-1
138,1,699.00,1325.00,30.00,29.00,1,-1,-1,-1
138,2,804.00,1323.78,30.00,29.00,1,-1,-1,-1
138,4,457.13,425.77,30.05,29.40,1,-1,-1,-1
139,1,699.00,1325.00,30.00,29.00,1,-1,-1,-1
139,2,804.00,1323.27,30.00,29.00,1,-1,-1,-1
139,4,456.61,428.96,29.74,29.16,1,-1,-1,-1
140,1,699.00,1325.00,30.00,29.00,1,-1,-1,-1
140,2,804.00,1323.08,30.00,29.00,1,-1,-1,-1
140,4,455.89,432.09,29.75,29.17,1,-1,-1,-1
141,1,699.00,1325.00,30.00,29.00,1,-1,-1,-1
141,2,804.00,1323.67,30.00,29.00,1,-1,-1,-1
142,1,699.00,1325.00,30.00,29.00,1,-1,-1,-1
142,2,804.00,1323.24,30.00,29.00,1,-1,-1,-1
142,4,456.76,438.05,28.80,28.19,1,-1,-1,-1
143,1,699.00,1325.00,30.00,29.00,1,-1,-1,-1
143,2,804.00,1323.07,30.00,29.00,1,-1,-1,-1
143,4,456.19,439.66,29.39,28.72,1,-1,-1,-1
144,1,699.00,1325.00,30.00,29.00,1,-1,-1,-1
144,2,804.00,1323.67,30.00,29.00,1,-1,-1,-1
144,4,455.70,440.88,30.17,29.56,1,-1,-1,-1
145,1,699.00,1325.00,30.00,29.00,1,-1,-1,-1
145,2,804.00,1323.24,30.00,29.00,1,-1,-1,-1
145,4,455.83,441.91,30.53,29.87,1,-1,-1,-1
146,1,699.00,1325.00,30.00,29.00,1,-1,-1,-1
146,2,804.00,1323.07,30.00,29.00,1,-1,-1,-1
146,4,455.23,442.85,31.35,30.65,1,-1,-1,-1
147,1,699.00,1325.00,30.00,29.00,1,-1,-1,-1
147,2,804.00,1323.67,30.00,29.00,1,-1,-1,-1
147,4,455.00,444.43,31.68,30.94,1,-1,-1,-1
148,1,699.00,1325.00,30.00,29.00,1,-1,-1,-1
148,2,804.00,1323.24,30.00,29.00,1,-1,-1,-1
148,4,454.93,446.26,31.14,30.39,1,-1,-1,-1
149,1,699.00,1325.00,30.00,29.00,1,-1,-1,-1
149,2,804.00,1323.74,30.00,29.00,1,-1,-1,-1
149,4,454.92,448.17,30.94,30.17,1,-1,-1,-1
150,1,699.00,1325.00,30.00,29.00,1,-1,-1,-1
150,2,804.00,1323.26,30.00,29.00,1,-1,-1,-1
150,4,454.26,449.47,30.88,30.08,1,-1,-1,-1
151,1,699.00,1325.00,30.00,29.00,1,-1,-1,-1
151,2,804.00,1323.74,30.00,29.00,1,-1,-1,-1
151,4,454.02,450.54,30.86,30.05,1,-1,-1,-1
152,1,699.00,1325.00,30.00,29.00,1,-1,-1,-1
152,2,804.00,1323.26,30.00,29.00,1,-1,-1,-1
152,4,454.60,452.85,30.19,29.37,1,-1,-1,-1
153,1,699.00,1325.00,30.00,29.00,1,-1,-1,-1
153,2,804.00,1323.08,30.00,29.00,1,-1,-1,-1
153,4,455.50,454.30,29.94,29.11,1,-1,-1,-1
154,1,699.00,1325.00,30.00,29.00,1,-1,-1,-1
154,2,804.00,1323.02,30.00,29.00,1,-1,-1,-1
154,4,455.84,456.09,29.86,29.02,1,-1,-1,-1
155,1,699.00,1325.00,30.00,29.00,1,-1,-1,-1
155,2,804.00,1322.99,30.00,29.00,1,-1,-1,-1
155,4,456.63,457.35,29.84,28.99,1,-1,-1,-1
156,1,699.00,1325.00,30.00,29.00,1,-1,-1,-1
156,2,804.00,1323.64,30.00,29.00,1,-1,-1,-1
156,4,458.26,458.41,29.17,28.31,1,-1,-1,-1
157,1,699.00,1325.00,30.00,29.00,1,-1,-1,-1
157,2,804.00,1323.89,30.00,29.00,1,-1,-1,-1
157,4,458.87,459.40,28.92,28.06,1,-1,-1,-1
158,1,699.00,1325.00,30.00,29.00,1,-1,-1,-1
158,2,804.00,1323.98,30.00,29.00,1,-1,-1,-1
158,4,459.75,459.69,28.85,27.97,1,-1,-1,-1
159,1,699.00,1325.00,30.00,29.00,1,-1,-1,-1
159,2,804.00,1324.02,30.00,29.00,1,-1,-1,-1
159,4,459.10,459.74,29.42,28.61,1,-1,-1,-1
160,1,699.00,1325.00,30.00,29.00,1,-1,-1,-1
160,2,804.00,1323.37,30.00,29.00,1,-1,-1,-1
160,4,458.88,459.72,29.59,28.85,1,-1,-1,-1
161,1,699.00,1325.00,30.00,29.00,1,-1,-1,-1
161,2,804.00,1323.12,30.00,29.00,1,-1,-1,-1
161,4,458.80,459.65,29.61,28.94,1,-1,-1,-1
162,1,699.00,1325.00,30.00,29.00,1,-1,-1,-1
162,2,804.00,1323.03,30.00,29.00,1,-1,-1,-1
162,4,458.12,460.24,30.26,29.64,1,-1,-1,-1
163,1,699.00,1325.00,30.00,29.00,1,-1,-1,-1
163,2,804.00,1322.99,30.00,29.00,1,-1,-1,-1
163,4,457.88,460.43,30.47,29.90,1,-1,-1,-1
164,1,699.00,1325.00,30.00,29.00,1,-1,-1,-1
164,2,804.00,1323.64,30.00,29.00,1,-1,-1,-1
164,4,457.80,461.12,30.51,30.00,1,-1,-1,-1
165,1,699.66,1325.00,30.00,29.00,1,-1,-1,-1
165,2,804.00,1323.23,30.00,29.00,1,-1,-1,-1
165,4,458.45,462.66,29.83,29.38,1,-1,-1,-1
166,1,699.25,1325.00,30.00,29.00,1,-1,-1,-1
166,2,804.00,1323.07,30.00,29.00,1,-1,-1,-1
166,4,459.37,463.87,29.54,29.13,1,-1,-1,-1
167,1,699.09,1325.00,30.00,29.00,1,-1,-1,-1
167,2,804.00,1323.01,30.00,29.00,1,-1,-1,-1
167,4,460.39,464.95,29.41,29.04,1,-1,-1,-1
168,1,699.03,1325.00,30.00,29.00,1,-1,-1,-1
168,2,804.00,1322.99,30.00,29.00,1,-1,-1,-1
168,4,462.10,466.65,29.34,29.01,1,-1,-1,-1
169,1,699.01,1325.00,30.00,29.00,1,-1,-1,-1
169,2,804.00,1322.99,30.00,29.00,1,-1,-1,-1
169,4,463.68,467.91,28.72,28.33,1,-1,-1,-1
170,1,699.00,1325.00,30.00,29.00,1,-1,-1,-1
170,2,804.00,1322.98,30.00,29.00,1,-1,-1,-1
170,4,466.25,469.67,28.53,28.08,1,-1,-1,-1
171,1,699.00,1325.00,30.00,29.00,1,-1,-1,-1
171,2,804.00,1322.98,30.00,29.00,1,-1,-1,-1
171,4,467.84,470.95,28.49,27.99,1,-1,-1,-1
172,1,699.00,1325.00,30.00,29.00,1,-1,-1,-1
172,2,804.00,1322.99,30.00,29.00,1,-1,-1,-1
172,4,469.42,472.04,29.08,28.63,1,-1,-1,-1
173,1,699.00,1325.00,30.00,29.00,1,-1,-1,-1
173,2,804.00,1323.65,30.00,29.00,1,-1,-1,-1
173,4,470.65,473.08,29.95,29.52,1,-1,-1,-1
174,1,699.00,1325.00,30.00,29.00,1,-1,-1,-1
174,2,804.00,1323.24,30.00,29.00,1,-1,-1,-1
174,4,471.38,474.08,30.35,29.86,1,-1,-1,-1
175,1,699.00,1325.00,30.00,29.00,1,-1,-1,-1
175,2,804.00,1323.08,30.00,29.00,1,-1,-1,-1
175,4,471.60,475.08,30.53,29.99,1,-1,-1,-1
176,1,699.00,1325.00,30.00,29.00,1,-1,-1,-1
176,2,804.00,1323.02,30.00,29.00,1,-1,-1,-1
176,4,471.64,476.73,30.62,30.03,1,-1,-1,-1
177,1,699.00,1325.00,30.00,29.00,1,-1,-1,-1
177,2,804.00,1323.00,30.00,29.00,1,-1,-1,-1
177,4,471.33,478.63,30.57,30.05,1,-1,-1,-1
178,1,699.00,1325.00,30.00,29.00,1,-1,-1,-1
178,2,804.00,1322.99,30.00,29.00,1,-1,-1,-1
178,4,470.54,479.96,30.53,30.05,1,-1,-1,-1
179,1,699.00,1325.00,30.00,29.00,1,-1,-1,-1
179,2,804.00,1323.65,30.00,29.00,1,-1,-1,-1
179,4,469.57,482.39,30.48,30.05,1,-1,-1,-1
180,1,699.00,1325.00,30.00,29.00,1,-1,-1,-1
180,2,804.00,1323.24,30.00,29.00,1,-1,-1,-1
180,4,469.19,484.59,30.43,30.04,1,-1,-1,-1
181,1,699.00,1325.00,30.00,29.00,1,-1,-1,-1
181,2,804.00,1323.74,30.00,29.00,1,-1,-1,-1
181,4,469.34,486.68,29.82,29.38,1,-1,-1,-1
182,1,699.00,1325.00,30.00,29.00,1,-1,-1,-1
182,2,804.00,1323.27,30.00,29.00,1,-1,-1,-1
182,4,467.75,488.74,29.52,29.12,1,-1,-1,-1
183,1,699.00,1325.00,30.00,29.00,1,-1,-1,-1
183,2,804.00,1323.09,30.00,29.00,1,-1,-1,-1
183,4,465.83,490.78,29.39,29.03,1,-1,-1,-1
184,1,699.00,1325.00,30.00,29.00,1,-1,-1,-1
184,2,804.00,1323.02,30.00,29.00,1,-1,-1,-1
184,4,464.45,492.81,29.99,29.66,1,-1,-1,-1
185,1,699.00,1325.00,30.00,29.00,1,-1,-1,-1
185,2,804.00,1323.66,30.00,29.00,1,-1,-1,-1
185,4,463.30,494.83,30.19,29.89,1,-1,-1,-1
186,1,699.00,1325.00,30.00,29.00,1,-1,-1,-1
186,2,804.00,1323.24,30.00,29.00,1,-1,-1,-1
186,4,462.88,496.19,30.26,29.98,1,-1,-1,-1
187,1,699.00,1325.00,30.00,29.00,1,-1,-1,-1
187,2,804.00,1323.08,30.00,29.00,1,-1,-1,-1
187,4,462.08,497.96,30.26,30.01,1,-1,-1,-1
188,1,699.00,1325.00,30.00,29.00,1,-1,-1,-1
188,2,804.00,1323.02,30.00,29.00,1,-1,-1,-1
188,4,462.09,499.88,29.68,29.36,1,-1,-1,-1
189,1,699.00,1325.00,30.00,29.00,1,-1,-1,-1
189,2,804.00,1323.00,30.00,29.00,1,-1,-1,-1
189,4,461.14,501.87,30.07,29.78,1,-1,-1,-1
190,1,699.00,1325.00,30.00,29.00,1,-1,-1,-1
190,2,804.00,1322.99,30.00,29.00,1,-1,-1,-1
190,4,460.15,503.87,30.86,30.59,1,-1,-1,-1
191,1,699.00,1325.00,30.00,29.00,1,-1,-1,-1
191,2,804.00,1322.99,30.00,29.00,1,-1,-1,-1
191,4,460.08,507.18,30.58,30.24,1,-1,-1,-1
192,1,699.00,1325.00,30.00,29.00,1,-1,-1,-1
192,2,804.00,1322.99,30.00,29.00,1,-1,-1,-1
192,4,459.77,509.70,30.41,30.10,1,-1,-1,-1
193,1,699.00,1325.00,30.00,29.00,1,-1,-1,-1
193,2,804.00,1322.99,30.00,29.00,1,-1,-1,-1
193,4,459.68,512.56,30.32,30.05,1,-1,-1,-1
194,1,699.00,1325.00,30.00,29.00,1,-1,-1,-1
194,2,804.00,1322.99,30.00,29.00,1,-1,-1,-1
194,4,459.68,515.55,30.28,30.03,1,-1,-1,-1
195,1,699.66,1325.00,30.00,29.00,1,-1,-1,-1
195,2,804.00,1322.99,30.00,29.00,1,-1,-1,-1
195,4,459.98,518.57,29.67,29.36,1,-1,-1,-1
196,1,699.25,1325.00,30.00,29.00,1,-1,-1,-1
196,2,804.00,1323.65,30.00,29.00,1,-1,-1,-1
196,4,459.43,521.62,29.48,29.10,1,-1,-1,-1
197,1,699.09,1325.00,30.00,29.00,1,-1,-1,-1
197,2,804.00,1323.24,30.00,29.00,1,-1,-1,-1
197,4,458.55,524.66,29.45,29.01,1,-1,-1,-1
198,1,699.03,1325.00,30.00,29.00,1,-1,-1,-1
198,2,804.00,1323.75,30.00,29.00,1,-1,-1,-1
198,4,458.22,527.70,29.47,28.98,1,-1,-1,-1
199,1,699.01,1325.00,30.00,29.00,1,-1,-1,-1
199,2,804.00,1323.27,30.00,29.00,1,-1,-1,-1
199,4,457.15,530.74,29.41,28.97,1,-1,-1,-1
200,1,699.00,1325.00,30.00,29.00,1,-1,-1,-1
200,2,804.00,1323.09,30.00,29.00,1,-1,-1,-1
200,4,456.77,533.10,29.37,28.97,1,-1,-1,-1
201,1,699.00,1325.00,30.00,29.00,1,-1,-1,-1
201,2,804.00,1323.03,30.00,29.00,1,-1,-1,-1
201,4,456.66,535.88,29.33,28.97,1,-1,-1,-1
202,1,699.00,1325.00,30.00,29.00,1,-1,-1,-1
202,2,804.00,1323.00,30.00,29.00,1,-1,-1,-1
202,4,456.64,538.16,29.30,28.97,1,-1,-1,-1
203,1,699.00,1325.00,30.00,29.00,1,-1,-1,-1
203,2,804.00,1322.99,30.00,29.00,1,-1,-1,-1
203,4,456.95,540.24,28.70,28.31,1,-1,-1,-1
204,1,699.00,1325.00,30.00,29.00,1,-1,-1,-1
204,2,804.00,1322.99,30.00,29.00,1,-1,-1,-1
204,4,457.73,541.57,28.51,28.07,1,-1,-1,-1
205,1,699.00,1325.00,30.00,29.00,1,-1,-1,-1
205,2,804.00,1323.65,30.00,29.00,1,-1,-1,-1
205,4,457.73,542.64,29.05,28.65,1,-1,-1,-1
206,1,699.00,1325.00,30.00,29.00,1,-1,-1,-1
206,2,804.00,1323.90,30.00,29.00,1,-1,-1,-1
206,4,458.40,544.29,29.24,28.86,1,-1,-1,-1
207,1,699.00,1325.00,30.00,29.00,1,-1,-1,-1
207,2,804.00,1323.33,30.00,29.00,1,-1,-1,-1
207,4,459.61,544.83,29.38,28.95,1,-1,-1,-1
208,1,699.00,1325.00,30.00,29.00,1,-1,-1,-1
208,2,804.00,1323.11,30.00,29.00,1,-1,-1,-1
208,4,460.72,545.61,29.47,28.98,1,-1,-1,-1
209,1,699.00,1325.00,30.00,29.00,1,-1,-1,-1
209,2,804.00,1323.03,30.00,29.00,1,-1,-1,-1
209,4,461.49,546.49,30.10,29.65,1,-1,-1,-1
210,1,699.00,1325.00,30.00,29.00,1,-1,-1,-1
210,2,804.00,1323.00,30.00,29.00,1,-1,-1,-1
210,4,462.44,548.08,30.32,29.90,1,-1,-1,-1
211,1,699.00,1325.00,30.00,29.00,1,-1,-1,-1
211,2,804.00,1323.65,30.00,29.00,1,-1,-1,-1
211,4,462.81,549.27,30.37,30.00,1,-1,-1,-1
212,1,699.00,1325.00,30.00,29.00,1,-1,-1,-1
212,2,804.00,1323.24,30.00,29.00,1,-1,-1,-1
212,4,462.94,550.98,30.37,30.03,1,-1,-1,-1
213,1,699.00,1325.00,30.00,29.00,1,-1,-1,-1
213,2,804.00,1323.74,30.00,29.00,1,-1,-1,-1
213,4,463.28,552.88,29.78,29.38,1,-1,-1,-1
214,1,699.00,1325.00,30.00,29.00,1,-1,-1,-1
214,2,804.00,1323.93,30.00,29.00,1,-1,-1,-1
214,4,462.70,554.86,30.25,29.80,1,-1,-1,-1
215,1,699.00,1325.00,30.00,29.00,1,-1,-1,-1
215,2,804.00,1324.00,30.00,29.00,1,-1,-1,-1
215,4,462.47,557.51,30.46,29.95,1,-1,-1,-1
216,1,699.00,1325.00,30.00,29.00,1,-1,-1,-1
216,2,804.00,1323.36,30.00,29.00,1,-1,-1,-1
216,4,461.70,559.77,30.56,30.00,1,-1,-1,-1
217,1,699.00,1325.00,30.00,29.00,1,-1,-1,-1
217,2,804.00,1323.78,30.00,29.00,1,-1,-1,-1
217,4,460.73,561.88,30.62,30.02,1,-1,-1,-1
218,1,699.00,1325.00,30.00,29.00,1,-1,-1,-1
218,2,804.00,1323.28,30.00,29.00,1,-1,-1,-1
218,4,460.06,564.58,31.24,30.69,1,-1,-1,-1
219,1,699.00,1325.00,30.00,29.00,1,-1,-1,-1
219,2,804.00,1323.09,30.00,29.00,1,-1,-1,-1
219,4,460.11,566.85,30.87,30.28,1,-1,-1,-1
220,1,699.00,1325.00,30.00,29.00,1,-1,-1,-1
220,2,804.00,1323.68,30.00,29.00,1,-1,-1,-1
220,4,459.84,570.28,30.65,30.12,1,-1,-1,-1
221,1,699.00,1325.00,30.00,29.00,1,-1,-1,-1
221,2,804.00,1323.90,30.00,29.00,1,-1,-1,-1
221,4,459.39,573.47,29.96,29.39,1,-1,-1,-1
222,1,699.00,1325.00,30.00,29.00,1,-1,-1,-1
222,2,804.00,1323.32,30.00,29.00,1,-1,-1,-1
222,4,459.50,576.58,29.14,28.45,1,-1,-1,-1
223,1,699.00,1325.00,30.00,29.00,1,-1,-1,-1
223,2,804.00,1323.76,30.00,29.00,1,-1,-1,-1
223,4,459.88,578.31,29.50,28.77,1,-1,-1,-1
224,1,699.00,1325.00,30.00,29.00,1,-1,-1,-1
224,2,804.00,1323.27,30.00,29.00,1,-1,-1,-1
224,4,460.02,579.54,29.65,28.89,1,-1,-1,-1
225,1,699.00,1325.00,30.00,29.00,1,-1,-1,-1
225,2,804.00,1323.74,30.00,29.00,1,-1,-1,-1
225,4,459.78,581.24,30.30,29.60,1,-1,-1,-1
226,1,699.00,1325.00,30.00,29.00,1,-1,-1,-1
226,2,804.00,1323.26,30.00,29.00,1,-1,-1,-1
226,4,461.02,583.12,30.51,29.87,1,-1,-1,-1
227,1,699.00,1325.00,30.00,29.00,1,-1,-1,-1
227,2,804.00,1323.08,30.00,29.00,1,-1,-1,-1
227,4,462.18,586.39,29.88,29.32,1,-1,-1,-1
228,1,699.00,1325.00,30.00,29.00,1,-1,-1,-1
228,2,804.00,1323.01,30.00,29.00,1,-1,-1,-1
228,4,463.96,589.53,28.94,28.44,1,-1,-1,-1
229,1,699.00,1325.00,30.00,29.00,1,-1,-1,-1
229,2,804.00,1323.65,30.00,29.00,1,-1,-1,-1
229,4,464.64,591.95,28.55,28.11,1,-1,-1,-1
230,1,699.00,1325.00,30.00,29.00,1,-1,-1,-1
230,2,804.00,1323.23,30.00,29.00,1,-1,-1,-1
230,4,467.18,594.09,28.49,27.99,1,-1,-1,-1
231,1,699.00,1325.00,30.00,29.00,1,-1,-1,-1
231,2,804.00,1323.73,30.00,29.00,1,-1,-1,-1
231,4,467.80,595.47,29.08,28.62,1,-1,-1,-1
232,1,699.00,1325.00,30.00,29.00,1,-1,-1,-1
232,2,804.00,1323.26,30.00,29.00,1,-1,-1,-1
232,4,468.02,597.23,29.27,28.85,1,-1,-1,-1
233,1,699.00,1325.00,30.00,29.00,1,-1,-1,-1
233,2,804.00,1323.74,30.00,29.00,1,-1,-1,-1
233,4,467.71,599.13,29.42,28.95,1,-1,-1,-1
234,1,699.00,1325.00,30.00,29.00,1,-1,-1,-1
234,2,804.00,1323.26,30.00,29.00,1,-1,-1,-1
234,4,465.58,601.75,29.51,28.98,1,-1,-1,-1
235,1,699.00,1325.00,30.00,29.00,1,-1,-1,-1
235,2,804.00,1323.74,30.00,29.00,1,-1,-1,-1
235,4,463.80,603.97,29.47,28.99,1,-1,-1,-1
236,1,699.00,1325.00,30.00,29.00,1,-1,-1,-1
236,2,804.00,1323.26,30.00,29.00,1,-1,-1,-1
236,4,462.48,606.05,29.43,29.00,1,-1,-1,-1
237,1,699.00,1325.00,30.00,29.00,1,-1,-1,-1
237,2,804.00,1323.74,30.00,29.00,1,-1,-1,-1
237,4,460.00,608.08,30.06,29.66,1,-1,-1,-1
238,1,699.00,1325.00,30.00,29.00,1,-1,-1,-1
238,2,804.00,1323.26,30.00,29.00,1,-1,-1,-1
238,4,458.06,610.08,30.37,29.91,1,-1,-1,-1
239,1,699.00,1325.00,30.00,29.00,1,-1,-1,-1
239,2,804.00,1323.08,30.00,29.00,1,-1,-1,-1
239,4,455.73,611.42,30.42,30.00,1,-1,-1,-1
240,1,699.00,1325.00,30.00,29.00,1,-1,-1,-1
240,2,804.00,1323.01,30.00,29.00,1,-1,-1,-1
240,4,453.55,613.16,31.08,30.69,1,-1,-1,-1
241,1,699.00,1325.00,30.00,29.00,1,-1,-1,-1
241,2,804.00,1323.65,30.00,29.00,1,-1,-1,-1
241,4,451.46,614.41,31.96,31.60,1,-1,-1,-1
242,1,699.00,1325.00,30.00,29.00,1,-1,-1,-1
242,2,804.00,1323.89,30.00,29.00,1,-1,-1,-1
242,4,450.05,616.12,32.27,31.94,1,-1,-1,-1
243,1,699.00,1325.00,30.00,29.00,1,-1,-1,-1
243,2,804.00,1323.32,30.00,29.00,1,-1,-1,-1
243,4,449.18,617.36,32.46,32.07,1,-1,-1,-1
244,1,699.00,1325.00,30.00,29.00,1,-1,-1,-1
244,2,804.00,1323.10,30.00,29.00,1,-1,-1,-1
244,4,448.87,619.73,32.56,32.10,1,-1,-1,-1
245,1,699.00,1325.00,30.00,29.00,1,-1,-1,-1
245,2,804.00,1323.02,30.00,29.00,1,-1,-1,-1
245,4,448.49,622.53,32.52,32.11,1,-1,-1,-1
246,1,699.00,1325.00,30.00,29.00,1,-1,-1,-1
246,2,804.00,1322.99,30.00,29.00,1,-1,-1,-1
246,4,450.37,625.49,31.81,31.45,1,-1,-1,-1
247,1,699.00,1325.00,30.00,29.00,1,-1,-1,-1
247,2,804.00,1322.98,30.00,29.00,1,-1,-1,-1
247,4,451.13,628.52,32.18,31.85,1,-1,-1,-1
248,1,699.00,1325.00,30.00,29.00,1,-1,-1,-1
248,2,804.00,1322.98,30.00,29.00,1,-1,-1,-1
248,4,452.76,632.22,31.63,31.34,1,-1,-1,-1
249,1,699.00,1325.00,30.00,29.00,1,-1,-1,-1
249,2,804.00,1322.98,30.00,29.00,1,-1,-1,-1
249,4,455.40,636.18,30.73,30.47,1,-1,-1,-1
250,1,699.00,1325.00,30.00,29.00,1,-1,-1,-1
250,2,804.00,1322.98,30.00,29.00,1,-1,-1,-1
250,4,457.76,640.24,29.70,29.48,1,-1,-1,-1
251,1,699.00,1325.00,30.00,29.00,1,-1,-1,-1
251,2,804.00,1322.99,30.00,29.00,1,-1,-1,-1
251,4,459.30,642.98,29.99,29.78,1,-1,-1,-1
252,1,699.00,1325.00,30.00,29.00,1,-1,-1,-1
252,2,804.00,1322.99,30.00,29.00,1,-1,-1,-1
252,4,460.53,645.23,29.42,29.23,1,-1,-1,-1
253,1,699.00,1325.00,30.00,29.00,1,-1,-1,-1
253,2,804.00,1322.99,30.00,29.00,1,-1,-1,-1
253,4,461.64,647.96,30.54,30.37,1,-1,-1,-1
254,1,699.00,1325.00,30.00,29.00,1,-1,-1,-1
254,2,804.00,1323.65,30.00,29.00,1,-1,-1,-1
254,4,462.98,650.22,30.38,30.13,1,-1,-1,-1
255,1,699.00,1325.00,30.00,29.00,1,-1,-1,-1
255,2,804.00,1323.24,30.00,29.00,1,-1,-1,-1
255,4,464.11,652.94,29.69,29.37,1,-1,-1,-1
256,1,699.00,1325.00,30.00,29.00,1,-1,-1,-1
256,2,804.00,1323.74,30.00,29.00,1,-1,-1,-1
256,4,464.86,655.19,29.37,29.09,1,-1,-1,-1
257,1,699.00,1325.00,30.00,29.00,1,-1,-1,-1
257,2,804.00,1323.93,30.00,29.00,1,-1,-1,-1
257,4,465.41,656.59,29.34,28.99,1,-1,-1,-1
258,1,699.00,1325.00,30.00,29.00,1,-1,-1,-1
258,2,804.00,1323.34,30.00,29.00,1,-1,-1,-1
258,4,464.62,658.35,29.27,28.96,1,-1,-1,-1
259,1,699.00,1325.00,30.00,29.00,1,-1,-1,-1
259,2,804.00,1323.12,30.00,29.00,1,-1,-1,-1
259,4,464.30,659.58,29.24,28.95,1,-1,-1,-1
260,1,699.00,1325.00,30.00,29.00,1,-1,-1,-1
260,2,804.00,1323.03,30.00,29.00,1,-1,-1,-1
260,4,464.17,660.61,29.88,29.61,1,-1,-1,-1
261,1,699.00,1325.00,30.00,29.00,1,-1,-1,-1
261,2,804.00,1323.00,30.00,29.00,1,-1,-1,-1
261,4,464.40,660.93,30.20,29.86,1,-1,-1,-1
262,1,699.00,1325.00,30.00,29.00,1,-1,-1,-1
262,2,804.00,1323.65,30.00,29.00,1,-1,-1,-1
262,4,464.17,661.63,30.27,29.96,1,-1,-1,-1
263,1,699.00,1325.00,30.00,29.00,1,-1,-1,-1
263,2,804.00,1323.90,30.00,29.00,1,-1,-1,-1
263,4,464.73,663.14,30.27,29.99,1,-1,-1,-1
264,1,699.00,1325.00,30.00,29.00,1,-1,-1,-1
264,2,804.00,1323.33,30.00,29.00,1,-1,-1,-1
264,4,465.60,663.64,30.92,30.67,1,-1,-1,-1
265,1,699.00,1325.00,30.00,29.00,1,-1,-1,-1
265,2,804.00,1323.11,30.00,29.00,1,-1,-1,-1
265,4,466.58,664.43,31.15,30.92,1,-1,-1,-1
266,1,699.00,1325.00,30.00,29.00,1,-1,-1,-1
266,2,804.00,1323.03,30.00,29.00,1,-1,-1,-1
266,4,467.88,665.99,31.32,31.01,1,-1,-1,-1
267,1,699.66,1325.00,30.00,29.00,1,-1,-1,-1
267,2,804.00,1323.66,30.00,29.00,1,-1,-1,-1
267,4,469.37,668.49,31.98,31.70,1,-1,-1,-1
268,1,699.25,1325.00,30.00,29.00,1,-1,-1,-1
268,2,804.00,1323.24,30.00,29.00,1,-1,-1,-1
268,4,470.57,670.69,32.21,31.95,1,-1,-1,-1
269,1,699.09,1325.00,30.00,29.00,1,-1,-1,-1
269,2,804.00,1323.08,30.00,29.00,1,-1,-1,-1
269,4,471.02,673.44,32.28,32.05,1,-1,-1,-1
270,1,699.03,1325.00,30.00,29.00,1,-1,-1,-1
270,2,804.00,1323.02,30.00,29.00,1,-1,-1,-1
270,4,471.83,675.74,32.29,32.07,1,-1,-1,-1
271,1,699.01,1325.00,30.00,29.00,1,-1,-1,-1
271,2,804.00,1323.00,30.00,29.00,1,-1,-1,-1
271,4,472.77,679.17,31.61,31.42,1,-1,-1,-1
272,1,699.00,1325.00,30.00,29.00,1,-1,-1,-1
272,2,804.00,1322.99,30.00,29.00,1,-1,-1,-1
272,4,473.40,683.05,30.10,29.84,1,-1,-1,-1
273,1,699.00,1325.00,30.00,29.00,1,-1,-1,-1
273,2,804.00,1322.99,30.00,29.00,1,-1,-1,-1
273,4,473.29,686.44,29.47,29.24,1,-1,-1,-1
274,1,699.00,1325.00,30.00,29.00,1,-1,-1,-1
274,2,804.00,1322.99,30.00,29.00,1,-1,-1,-1
274,4,473.52,690.27,27.98,27.68,1,-1,-1,-1
275,1,699.00,1325.00,30.00,29.00,1,-1,-1,-1
275,2,804.00,1322.99,30.00,29.00,1,-1,-1,-1
275,4,471.90,692.94,28.06,27.79,1,-1,-1,-1
276,1,699.00,1325.00,30.00,29.00,1,-1,-1,-1
276,2,804.00,1323.65,30.00,29.00,1,-1,-1,-1
276,4,470.93,696.50,27.50,27.17,1,-1,-1,-1
277,1,699.66,1325.00,30.00,29.00,1,-1,-1,-1
277,2,804.00,1323.90,30.00,29.00,1,-1,-1,-1
277,4,468.90,698.38,28.62,28.30,1,-1,-1,-1
278,1,699.25,1325.00,30.00,29.00,1,-1,-1,-1
278,2,804.00,1323.33,30.00,29.00,1,-1,-1,-1
278,4,466.20,700.33,28.34,28.06,1,-1,-1,-1
279,1,699.09,1325.00,30.00,29.00,1,-1,-1,-1
279,2,804.00,1323.78,30.00,29.00,1,-1,-1,-1
279,4,463.84,702.28,28.22,27.97,1,-1,-1,-1
280,1,699.03,1325.00,30.00,29.00,1,-1,-1,-1
280,2,804.00,1323.28,30.00,29.00,1,-1,-1,-1
280,4,460.99,703.57,29.51,29.27,1,-1,-1,-1
281,1,699.01,1325.00,30.00,29.00,1,-1,-1,-1
281,2,804.00,1323.75,30.00,29.00,1,-1,-1,-1
281,4,458.28,704.65,30.07,29.76,1,-1,-1,-1
282,1,699.00,1325.00,30.00,29.00,1,-1,-1,-1
282,2,804.00,1323.93,30.00,29.00,1,-1,-1,-1
282,4,456.31,706.28,30.89,30.60,1,-1,-1,-1
283,1,699.00,1325.00,30.00,29.00,1,-1,-1,-1
283,2,804.00,1324.00,30.00,29.00,1,-1,-1,-1
283,4,454.96,707.49,31.18,30.91,1,-1,-1,-1
284,1,699.00,1325.00,30.00,29.00,1,-1,-1,-1
284,2,804.00,1324.02,30.00,29.00,1,-1,-1,-1
284,4,454.11,709.18,30.71,30.38,1,-1,-1,-1
285,1,699.00,1325.00,30.00,29.00,1,-1,-1,-1
285,2,804.00,1324.03,30.00,29.00,1,-1,-1,-1
285,4,452.22,709.08,31.80,31.48,1,-1,-1,-1
286,1,699.00,1325.00,30.00,29.00,1,-1,-1,-1
286,2,804.00,1323.37,30.00,29.00,1,-1,-1,-1
286,4,450.25,709.65,32.18,31.89,1,-1,-1,-1
287,1,699.00,1325.00,30.00,29.00,1,-1,-1,-1
287,2,804.00,1323.11,30.00,29.00,1,-1,-1,-1
287,4,448.61,711.10,32.86,32.69,1,-1,-1,-1
288,1,699.00,1325.00,30.00,29.00,1,-1,-1,-1
288,2,804.00,1323.68,30.00,29.00,1,-1,-1,-1
288,4,447.69,712.91,33.15,32.99,1,-1,-1,-1
289,1,699.00,1325.00,30.00,29.00,1,-1,-1,-1
289,2,804.00,1323.90,30.00,29.00,1,-1,-1,-1
289,4,447.39,714.84,33.24,33.10,1,-1,-1,-1
290,1,699.00,1325.00,30.00,29.00,1,-1,-1,-1
290,2,804.00,1323.32,30.00,29.00,1,-1,-1,-1
290,4,448.26,717.49,32.70,32.47,1,-1,-1,-1
291,1,699.00,1325.00,30.00,29.00,1,-1,-1,-1
291,2,804.00,1323.10,30.00,29.00,1,-1,-1,-1
291,4,449.95,721.07,31.85,31.56,1,-1,-1,-1
292,1,699.00,1325.00,30.00,29.00,1,-1,-1,-1
292,2,804.00,1323.68,30.00,29.00,1,-1,-1,-1
292,4,451.65,725.01,31.47,31.21,1,-1,-1,-1
293,1,699.00,1325.00,30.00,29.00,1,-1,-1,-1
293,2,804.00,1323.90,30.00,29.00,1,-1,-1,-1
293,4,453.93,728.39,30.74,30.41,1,-1,-1,-1
294,1,699.00,1325.00,30.00,29.00,1,-1,-1,-1
294,2,804.00,1323.98,30.00,29.00,1,-1,-1,-1
294,4,455.46,731.57,31.18,30.78,1,-1,-1,-1
295,1,699.00,1325.00,30.00,29.00,1,-1,-1,-1
295,2,804.00,1323.35,30.00,29.00,1,-1,-1,-1
295,4,457.04,734.66,31.28,30.92,1,-1,-1,-1
296,1,699.00,1325.00,30.00,29.00,1,-1,-1,-1
296,2,804.00,1323.77,30.00,29.00,1,-1,-1,-1
296,4,458.31,737.71,31.30,30.97,1,-1,-1,-1
297,1,699.00,1325.00,30.00,29.00,1,-1,-1,-1
297,2,804.00,1323.27,30.00,29.00,1,-1,-1,-1
297,4,458.79,741.41,30.62,30.33,1,-1,-1,-1
298,1,699.00,1325.00,30.00,29.00,1,-1,-1,-1
298,2,804.00,1323.74,30.00,29.00,1,-1,-1,-1
298,4,459.63,744.70,30.35,30.09,1,-1,-1,-1
299,1,699.66,1325.00,30.00,29.00,1,-1,-1,-1
299,2,804.00,1323.26,30.00,29.00,1,-1,-1,-1
299,4,459.56,747.15,29.66,29.33,1,-1,-1,-1
300,1,699.25,1325.00,30.00,29.00,1,-1,-1,-1
300,2,804.00,1323.07,30.00,29.00,1,-1,-1,-1
300,4,459.50,749.29,29.44,29.06,1,-1,-1,-1
301,1,699.09,1325.00,30.00,29.00,1,-1,-1,-1
301,2,804.00,1323.01,30.00,29.00,1,-1,-1,-1
301,4,459.44,751.31,29.40,28.96,1,-1,-1,-1
302,1,699.03,1325.00,30.00,29.00,1,-1,-1,-1
302,2,804.00,1322.98,30.00,29.00,1,-1,-1,-1
302,4,459.11,753.29,30.01,29.60,1,-1,-1,-1
303,1,699.01,1325.00,30.00,29.00,1,-1,-1,-1
303,2,804.00,1322.98,30.00,29.00,1,-1,-1,-1
303,4,458.99,755.27,30.21,29.84,1,-1,-1,-1
304,1,699.00,1325.00,30.00,29.00,1,-1,-1,-1
304,2,804.00,1322.98,30.00,29.00,1,-1,-1,-1
304,4,459.60,757.90,30.27,29.93,1,-1,-1,-1
305,1,699.00,1325.00,30.00,29.00,1,-1,-1,-1
305,2,804.00,1323.64,30.00,29.00,1,-1,-1,-1
305,4,460.79,760.13,29.71,29.31,1,-1,-1,-1
306,1,699.00,1325.00,30.00,29.00,1,-1,-1,-1
306,2,804.00,1323.23,30.00,29.00,1,-1,-1,-1
306,4,461.59,762.85,29.43,29.07,1,-1,-1,-1
307,1,699.00,1325.00,30.00,29.00,1,-1,-1,-1
307,2,804.00,1323.07,30.00,29.00,1,-1,-1,-1
307,4,462.55,764.44,29.31,28.99,1,-1,-1,-1
308,1,699.00,1325.00,30.00,29.00,1,-1,-1,-1
308,2,804.00,1323.02,30.00,29.00,1,-1,-1,-1
308,4,463.85,765.61,30.02,29.63,1,-1,-1,-1
309,1,699.00,1325.00,30.00,29.00,1,-1,-1,-1
309,2,804.00,1322.99,30.00,29.00,1,-1,-1,-1
309,4,465.61,766.63,30.98,30.52,1,-1,-1,-1
310,1,699.00,1325.00,30.00,29.00,1,-1,-1,-1
310,2,804.00,1323.65,30.00,29.00,1,-1,-1,-1
310,4,467.93,768.91,30.62,30.21,1,-1,-1,-1
311,1,699.00,1325.00,30.00,29.00,1,-1,-1,-1
311,2,804.00,1323.90,30.00,29.00,1,-1,-1,-1
311,4,469.47,771.01,30.46,30.09,1,-1,-1,-1
312,1,699.00,1325.00,30.00,29.00,1,-1,-1,-1
312,2,804.00,1323.99,30.00,29.00,1,-1,-1,-1
312,4,470.69,773.04,30.37,30.04,1,-1,-1,-1
313,1,699.00,1325.00,30.00,29.00,1,-1,-1,-1
313,2,804.00,1324.02,30.00,29.00,1,-1,-1,-1
313,4,471.78,775.71,30.32,30.02,1,-1,-1,-1
314,1,699.00,1325.00,30.00,29.00,1,-1,-1,-1
314,2,804.00,1324.03,30.00,29.00,1,-1,-1,-1
314,4,472.17,778.62,30.95,30.67,1,-1,-1,-1
315,1,699.00,1325.00,30.00,29.00,1,-1,-1,-1
315,2,804.00,1323.37,30.00,29.00,1,-1,-1,-1
315,4,472.57,782.26,30.60,30.26,1,-1,-1,-1
316,1,699.00,1325.00,30.00,29.00,1,-1,-1,-1
316,2,804.00,1323.12,30.00,29.00,1,-1,-1,-1
316,4,471.73,786.21,29.74,29.44,1,-1,-1,-1
317,1,699.00,1325.00,30.00,29.00,1,-1,-1,-1
317,2,804.00,1323.02,30.00,29.00,1,-1,-1,-1
317,4,470.33,789.59,29.49,29.12,1,-1,-1,-1
318,1,699.00,1325.00,30.00,29.00,1,-1,-1,-1
318,2,804.00,1322.99,30.00,29.00,1,-1,-1,-1
318,4,468.15,792.75,30.02,29.68,1,-1,-1,-1
319,1,699.00,1325.00,30.00,29.00,1,-1,-1,-1
319,2,804.00,1322.98,30.00,29.00,1,-1,-1,-1
319,4,466.03,795.82,30.19,29.88,1,-1,-1,-1
320,1,699.00,1325.00,30.00,29.00,1,-1,-1,-1
320,2,804.00,1322.98,30.00,29.00,1,-1,-1,-1
320,4,463.24,799.51,30.24,29.96,1,-1,-1,-1
321,1,699.00,1325.00,30.00,29.00,1,-1,-1,-1
321,2,804.00,1322.98,30.00,29.00,1,-1,-1,-1
321,4,460.22,802.79,30.25,29.99,1,-1,-1,-1
322,1,699.00,1325.00,30.00,29.00,1,-1,-1,-1
322,2,804.00,1322.98,30.00,29.00,1,-1,-1,-1
322,4,457.79,807.21,29.57,29.34,1,-1,-1,-1
323,1,699.00,1325.00,30.00,29.00,1,-1,-1,-1
323,2,804.00,1322.98,30.00,29.00,1,-1,-1,-1
323,4,454.90,810.76,29.30,29.10,1,-1,-1,-1
324,1,699.00,1325.00,30.00,29.00,1,-1,-1,-1
324,2,804.00,1322.98,30.00,29.00,1,-1,-1,-1
324,4,451.87,813.30,30.53,30.34,1,-1,-1,-1
325,1,699.00,1325.00,30.00,29.00,1,-1,-1,-1
325,2,804.00,1322.99,30.00,29.00,1,-1,-1,-1
325,4,448.83,816.12,31.62,31.45,1,-1,-1,-1
326,1,699.00,1325.00,30.00,29.00,1,-1,-1,-1
326,2,804.00,1322.99,30.00,29.00,1,-1,-1,-1
326,4,447.34,819.70,31.48,31.22,1,-1,-1,-1
327,1,699.00,1325.00,30.00,29.00,1,-1,-1,-1
327,2,804.00,1322.99,30.00,29.00,1,-1,-1,-1
327,4,446.52,823.59,31.36,31.12,1,-1,-1,-1
327,5,660.34,1424.60,31.05,30.02,1,-1,-1,-1
328,1,699.00,1325.00,30.00,29.00,1,-1,-1,-1
328,2,804.00,1322.99,30.00,29.00,1,-1,-1,-1
328,4,446.28,828.89,31.29,31.08,1,-1,-1,-1
328,5,661.96,1421.42,30.30,29.29,1,-1,-1,-1
329,1,699.00,1325.00,30.00,29.00,1,-1,-1,-1
329,2,804.00,1322.99,30.00,29.00,1,-1,-1,-1
329,4,446.25,833.41,31.25,31.06,1,-1,-1,-1
329,5,664.63,1418.29,29.27,28.30,1,-1,-1,-1
330,1,699.00,1325.00,30.00,29.00,1,-1,-1,-1
330,2,803.72,1323.65,29.90,29.00,1,-1,-1,-1
330,4,447.23,836.98,31.32,31.05,1,-1,-1,-1
330,5,666.13,1413.74,29.70,28.71,1,-1,-1,-1
331,1,699.00,1325.00,30.00,29.00,1,-1,-1,-1
331,2,803.92,1323.24,29.91,29.00,1,-1,-1,-1
331,4,448.28,841.49,31.38,31.04,1,-1,-1,-1
331,5,667.97,1408.82,29.85,28.86,1,-1,-1,-1
332,1,699.38,1325.00,29.90,29.00,1,-1,-1,-1
332,2,803.71,1323.75,29.83,29.00,1,-1,-1,-1
332,4,450.02,847.02,30.77,30.38,1,-1,-1,-1
332,5,669.92,1404.44,29.92,28.92,1,-1,-1,-1
333,1,699.84,1325.00,29.24,28.34,1,-1,-1,-1
333,2,803.66,1323.27,29.75,29.00,1,-1,-1,-1
333,4,451.73,852.28,31.15,30.79,1,-1,-1,-1
333,5,671.23,1399.59,29.95,28.95,1,-1,-1,-1
334,1,700.01,1325.00,28.99,28.09,1,-1,-1,-1
334,2,803.66,1323.09,29.68,29.00,1,-1,-1,-1
334,4,453.05,857.41,31.27,30.94,1,-1,-1,-1
334,5,672.30,1394.59,30.66,29.64,1,-1,-1,-1
335,1,700.06,1325.00,28.90,28.00,1,-1,-1,-1
335,2,803.96,1323.03,29.71,29.00,1,-1,-1,-1
335,4,455.83,863.16,30.72,30.34,1,-1,-1,-1
335,5,673.97,1389.55,30.92,29.89,1,-1,-1,-1
336,1,700.08,1325.00,28.88,27.97,1,-1,-1,-1
336,2,803.79,1323.66,29.64,29.00,1,-1,-1,-1
336,4,457.25,868.48,31.13,30.77,1,-1,-1,-1
336,5,674.90,1385.15,30.94,29.99,1,-1,-1,-1
337,1,700.08,1325.00,28.88,27.96,1,-1,-1,-1
337,2,803.74,1323.90,29.58,29.00,1,-1,-1,-1
337,4,457.64,872.89,31.15,30.80,1,-1,-1,-1
337,5,675.50,1380.34,30.97,30.02,1,-1,-1,-1
338,1,699.78,1325.00,29.48,28.62,1,-1,-1,-1
338,2,803.74,1323.99,29.52,29.00,1,-1,-1,-1
338,5,676.03,1374.72,31.58,30.69,1,-1,-1,-1
339,1,699.69,1325.00,29.65,28.87,1,-1,-1,-1
339,2,803.75,1323.36,29.47,29.00,1,-1,-1,-1
339,5,677.15,1369.46,31.85,30.94,1,-1,-1,-1
340,1,699.68,1324.34,29.68,28.97,1,-1,-1,-1
340,2,804.06,1323.12,29.52,29.00,1,-1,-1,-1
340,4,459.23,889.55,30.53,30.10,1,-1,-1,-1
340,5,677.89,1364.34,31.86,31.03,1,-1,-1,-1
341,1,697.05,1326.73,30.32,29.66,1,-1,-1,-1
341,2,804.16,1323.03,29.57,29.00,1,-1,-1,-1
341,4,459.37,894.78,29.81,29.32,1,-1,-1,-1
341,5,680.42,1358.61,31.23,30.40,1,-1,-1,-1
342,1,696.73,1327.63,30.52,29.92,1,-1,-1,-1
342,2,804.18,1323.00,29.61,29.00,1,-1,-1,-1
342,4,458.44,899.86,30.17,29.74,1,-1,-1,-1
342,5,681.98,1353.31,31.00,30.16,1,-1,-1,-1
343,1,696.92,1327.31,30.65,30.02,1,-1,-1,-1
343,2,804.18,1322.99,29.65,29.00,1,-1,-1,-1
343,4,457.07,903.57,30.39,29.89,1,-1,-1,-1
343,5,684.79,1346.86,31.01,30.06,1,-1,-1,-1
344,1,691.73,1329.80,32.06,31.36,1,-1,-1,-1
344,2,804.17,1322.98,29.68,29.00,1,-1,-1,-1
344,4,455.58,907.43,30.40,29.95,1,-1,-1,-1
344,5,686.35,1341.92,31.02,30.07,1,-1,-1,-1
345,1,691.06,1327.50,33.91,33.15,1,-1,-1,-1
345,2,804.16,1322.98,29.71,29.00,1,-1,-1,-1
345,4,455.04,911.35,29.70,29.31,1,-1,-1,-1
346,1,690.81,1325.96,34.64,33.84,1,-1,-1,-1
346,2,804.14,1322.99,29.74,29.00,1,-1,-1,-1
346,4,454.18,914.62,30.10,29.74,1,-1,-1,-1
347,1,692.68,1323.41,34.26,33.45,1,-1,-1,-1
347,2,804.13,1322.99,29.76,29.00,1,-1,-1,-1
347,4,453.22,917.68,30.22,29.90,1,-1,-1,-1
348,1,695.39,1319.14,34.77,33.93,1,-1,-1,-1
348,2,804.12,1322.99,29.79,29.00,1,-1,-1,-1
348,4,452.21,920.65,30.25,29.96,1,-1,-1,-1
349,1,698.38,1314.94,34.96,34.11,1,-1,-1,-1
349,2,804.10,1323.65,29.81,29.00,1,-1,-1,-1
349,4,451.19,923.59,30.91,30.65,1,-1,-1,-1
350,1,700.56,1310.08,34.93,34.16,1,-1,-1,-1
350,2,804.09,1323.24,29.82,29.00,1,-1,-1,-1
350,4,450.83,927.19,31.15,30.90,1,-1,-1,-1
351,1,703.66,1310.87,32.96,32.20,1,-1,-1,-1
351,2,804.09,1323.08,29.84,29.00,1,-1,-1,-1
351,4,450.34,930.38,31.32,31.00,1,-1,-1,-1
351,5,708.49,1304.15,31.94,30.96,1,-1,-1,-1
352,1,703.51,1314.60,31.51,30.76,1,-1,-1,-1
352,2,804.08,1323.68,29.86,29.00,1,-1,-1,-1
352,4,449.87,933.42,31.32,31.03,1,-1,-1,-1
352,5,713.04,1298.99,31.99,31.01,1,-1,-1,-1
353,1,701.79,1319.39,30.20,29.55,1,-1,-1,-1
353,2,804.07,1323.91,29.87,29.00,1,-1,-1,-1
353,4,449.72,936.40,31.30,31.04,1,-1,-1,-1
353,5,717.88,1294.59,32.01,31.03,1,-1,-1,-1
354,1,699.42,1323.20,29.79,29.11,1,-1,-1,-1
354,2,804.06,1324.00,29.88,29.00,1,-1,-1,-1
354,4,449.97,939.37,30.71,30.38,1,-1,-1,-1
354,5,724.60,1287.19,32.58,31.69,1,-1,-1,-1
355,1,699.21,1324.57,29.66,28.96,1,-1,-1,-1
355,2,804.06,1324.02,29.89,29.00,1,-1,-1,-1
355,4,450.73,941.66,30.52,30.13,1,-1,-1,-1
355,5,729.95,1281.29,32.84,31.94,1,-1,-1,-1
356,1,699.13,1325.06,29.64,28.91,1,-1,-1,-1
356,2,803.77,1324.03,29.81,29.00,1,-1,-1,-1
356,4,450.72,943.71,30.38,30.03,1,-1,-1,-1
356,5,734.22,1277.27,32.83,32.03,1,-1,-1,-1
357,1,699.77,1325.21,29.66,28.90,1,-1,-1,-1
357,2,803.68,1324.03,29.73,29.00,1,-1,-1,-1
357,4,452.35,946.34,29.74,29.34,1,-1,-1,-1
357,5,739.68,1272.66,32.78,32.06,1,-1,-1,-1
358,1,700.00,1325.25,29.69,28.91,1,-1,-1,-1
358,2,803.67,1324.03,29.66,29.00,1,-1,-1,-1
358,4,454.01,949.19,29.44,29.07,1,-1,-1,-1
358,5,745.21,1267.82,32.14,31.40,1,-1,-1,-1
359,1,700.08,1325.24,29.72,28.92,1,-1,-1,-1
359,2,803.69,1324.03,29.60,29.00,1,-1,-1,-1
359,4,455.96,951.46,29.31,28.98,1,-1,-1,-1
359,5,750.46,1262.22,31.91,31.15,1,-1,-1,-1
360,1,699.43,1325.22,29.75,28.93,1,-1,-1,-1
360,2,803.71,1324.02,29.54,29.00,1,-1,-1,-1
360,4,458.69,952.85,29.25,28.95,1,-1,-1,-1
360,5,755.59,1258.33,31.84,31.05,1,-1,-1,-1
361,1,699.19,1325.20,29.77,28.93,1,-1,-1,-1
361,2,804.02,1324.02,29.58,29.00,1,-1,-1,-1
361,4,459.69,953.91,29.89,29.61,1,-1,-1,-1
361,5,760.66,1255.08,31.82,31.02,1,-1,-1,-1
362,1,699.09,1325.18,29.80,28.94,1,-1,-1,-1
362,2,804.13,1324.02,29.62,29.00,1,-1,-1,-1
362,4,460.72,956.20,29.45,29.20,1,-1,-1,-1
362,5,766.37,1250.74,31.83,31.00,1,-1,-1,-1
363,1,699.05,1325.15,29.82,28.95,1,-1,-1,-1
363,2,804.16,1324.02,29.66,29.00,1,-1,-1,-1
363,4,461.08,960.27,29.27,29.04,1,-1,-1,-1
363,5,772.33,1247.96,31.16,30.34,1,-1,-1,-1
364,1,699.04,1325.14,29.83,28.96,1,-1,-1,-1
364,2,804.16,1324.01,29.69,29.00,1,-1,-1,-1
364,4,460.53,964.35,29.86,29.65,1,-1,-1,-1
364,5,777.70,1245.13,31.60,30.75,1,-1,-1,-1
365,1,699.03,1324.46,29.85,28.96,1,-1,-1,-1
365,2,804.15,1324.01,29.72,29.00,1,-1,-1,-1
365,4,460.97,967.10,30.07,29.88,1,-1,-1,-1
365,5,783.51,1241.58,31.78,30.91,1,-1,-1,-1
366,1,699.02,1324.19,30.55,29.63,1,-1,-1,-1
366,2,804.14,1324.01,29.75,29.00,1,-1,-1,-1
366,4,460.46,969.35,30.14,29.97,1,-1,-1,-1
366,5,789.19,1238.42,32.43,31.63,1,-1,-1,-1
367,1,699.01,1324.09,30.81,29.88,1,-1,-1,-1
367,2,804.12,1324.01,29.77,29.00,1,-1,-1,-1
367,4,458.94,971.41,30.81,30.66,1,-1,-1,-1
367,5,796.07,1236.71,32.06,31.24,1,-1,-1,-1
368,1,699.67,1324.05,30.92,29.97,1,-1,-1,-1
368,2,803.45,1324.01,29.79,29.00,1,-1,-1,-1
368,4,457.05,973.40,31.72,31.57,1,-1,-1,-1
368,5,801.50,1236.25,32.50,31.75,1,-1,-1,-1
369,1,699.92,1324.69,30.96,30.01,1,-1,-1,-1
369,2,803.19,1324.01,29.81,29.00,1,-1,-1,-1
369,4,455.67,976.03,31.40,31.27,1,-1,-1,-1
369,5,807.33,1236.19,32.62,31.94,1,-1,-1,-1
370,1,699.35,1324.93,30.97,30.02,1,-1,-1,-1
370,2,803.09,1324.01,29.83,29.00,1,-1,-1,-1
370,4,455.14,979.56,30.59,30.48,1,-1,-1,-1
370,5,813.98,1236.96,31.96,31.35,1,-1,-1,-1
371,1,699.14,1325.02,30.30,29.36,1,-1,-1,-1
371,2,803.05,1324.01,29.85,29.00,1,-1,-1,-1
371,4,454.29,982.11,29.61,29.51,1,-1,-1,-1
371,5,820.94,1236.73,32.34,31.79,1,-1,-1,-1
372,1,699.06,1325.05,30.05,29.11,1,-1,-1,-1
372,2,803.03,1324.01,29.86,29.00,1,-1,-1,-1
372,4,452.64,984.28,29.91,29.82,1,-1,-1,-1
372,5,828.64,1237.38,32.45,31.95,1,-1,-1,-1
373,1,699.03,1325.05,29.96,29.02,1,-1,-1,-1
373,2,803.03,1324.00,29.87,29.00,1,-1,-1,-1
373,4,450.73,986.32,30.68,30.59,1,-1,-1,-1
373,5,835.60,1237.72,32.56,32.01,1,-1,-1,-1
374,1,699.01,1325.05,29.93,28.99,1,-1,-1,-1
374,2,802.73,1324.00,30.47,29.66,1,-1,-1,-1
374,4,448.71,987.66,30.96,30.88,1,-1,-1,-1
374,5,842.62,1239.25,32.62,32.03,1,-1,-1,-1
375,1,699.01,1325.05,29.93,28.98,1,-1,-1,-1
375,2,802.65,1324.00,30.65,29.91,1,-1,-1,-1
375,4,447.31,990.04,31.06,30.99,1,-1,-1,-1
375,5,849.66,1240.55,32.67,32.03,1,-1,-1,-1
376,1,699.00,1325.04,30.61,29.64,1,-1,-1,-1
376,2,802.93,1324.00,30.10,29.34,1,-1,-1,-1
376,4,447.09,991.51,30.53,30.37,1,-1,-1,-1
376,5,855.38,1242.42,32.70,32.03,1,-1,-1,-1
377,1,698.71,1325.04,30.77,29.88,1,-1,-1,-1
377,2,803.03,1323.34,29.89,29.12,1,-1,-1,-1
377,4,446.35,991.96,31.03,30.79,1,-1,-1,-1
377,5,861.26,1243.17,32.73,32.03,1,-1,-1,-1
378,1,698.63,1325.03,30.79,29.98,1,-1,-1,-1
378,2,802.77,1323.09,30.41,29.70,1,-1,-1,-1
378,4,445.42,992.06,31.93,31.61,1,-1,-1,-1
378,5,868.53,1244.81,32.08,31.37,1,-1,-1,-1
379,1,698.91,1325.03,30.17,29.35,1,-1,-1,-1
379,2,802.99,1323.00,29.99,29.26,1,-1,-1,-1
379,4,445.07,992.69,32.30,31.91,1,-1,-1,-1
379,5,875.38,1246.12,31.76,31.11,1,-1,-1,-1
380,1,698.73,1325.03,30.52,29.78,1,-1,-1,-1
380,2,802.77,1322.97,30.42,29.75,1,-1,-1,-1
380,4,445.61,994.16,32.47,32.03,1,-1,-1,-1
380,5,881.32,1247.29,31.69,31.02,1,-1,-1,-1
381,1,698.96,1325.02,30.71,29.94,1,-1,-1,-1
381,2,802.71,1322.96,30.55,29.94,1,-1,-1,-1
381,4,446.48,995.31,32.56,32.06,1,-1,-1,-1
381,5,887.95,1249.73,31.02,30.32,1,-1,-1,-1
382,1,698.76,1325.02,30.69,29.99,1,-1,-1,-1
382,2,802.99,1322.96,30.65,30.00,1,-1,-1,-1
382,4,448.13,997.66,32.62,32.07,1,-1,-1,-1
382,5,893.88,1251.32,31.37,30.73,1,-1,-1,-1
383,1,698.71,1325.02,30.65,30.01,1,-1,-1,-1
383,2,803.09,1322.96,30.71,30.03,1,-1,-1,-1
383,4,449.13,999.14,33.23,32.73,1,-1,-1,-1
383,5,900.14,1252.55,31.56,30.89,1,-1,-1,-1
384,1,698.99,1325.02,30.02,29.36,1,-1,-1,-1
384,2,803.12,1322.97,30.74,30.03,1,-1,-1,-1
384,4,450.84,1001.61,32.10,31.66,1,-1,-1,-1
384,5,902.93,1254.33,30.31,29.62,1,-1,-1,-1
385,1,699.10,1325.01,29.79,29.11,1,-1,-1,-1
385,2,803.12,1322.97,30.77,30.03,1,-1,-1,-1
385,4,452.19,1003.80,32.31,31.91,1,-1,-1,-1
385,5,903.65,1257.00,29.16,28.47,1,-1,-1,-1
386,1,699.12,1325.01,29.73,29.02,1,-1,-1,-1
386,2,803.11,1322.97,30.79,30.03,1,-1,-1,-1
386,4,454.01,1007.20,31.69,31.33,1,-1,-1,-1
386,5,900.64,1258.63,29.36,28.73,1,-1,-1,-1
387,1,699.13,1325.01,29.73,28.99,1,-1,-1,-1
387,2,803.11,1322.98,30.81,30.03,1,-1,-1,-1
387,4,455.37,1009.74,32.11,31.78,1,-1,-1,-1
387,5,894.40,1259.19,30.18,29.50,1,-1,-1,-1
388,1,698.83,1325.01,30.32,29.64,1,-1,-1,-1
388,2,803.10,1322.98,30.83,30.02,1,-1,-1,-1
388,4,456.24,1013.25,32.15,31.94,1,-1,-1,-1
388,5,888.37,1259.37,30.41,29.79,1,-1,-1,-1
389,1,699.02,1325.01,29.93,29.23,1,-1,-1,-1
389,2,803.09,1322.98,30.85,30.02,1,-1,-1,-1
389,4,457.91,1017.14,32.09,32.00,1,-1,-1,-1
389,5,882.29,1258.75,31.24,30.57,1,-1,-1,-1
390,1,699.09,1325.01,29.80,29.07,1,-1,-1,-1
390,2,802.80,1322.98,30.77,30.02,1,-1,-1,-1
390,4,458.83,1020.51,31.44,31.36,1,-1,-1,-1
390,5,874.69,1258.48,31.57,30.86,1,-1,-1,-1
391,1,699.11,1325.01,29.76,29.01,1,-1,-1,-1
391,2,802.71,1322.99,30.69,30.02,1,-1,-1,-1
391,4,460.10,1023.67,30.62,30.45,1,-1,-1,-1
391,5,866.86,1257.05,31.62,30.97,1,-1,-1,-1
392,1,699.11,1325.01,29.77,28.99,1,-1,-1,-1
392,2,802.98,1322.99,30.05,29.35,1,-1,-1,-1
392,4,461.58,1028.10,30.26,30.11,1,-1,-1,-1
392,5,858.26,1255.16,31.69,31.01,1,-1,-1,-1
393,1,699.10,1325.00,29.78,28.98,1,-1,-1,-1
393,2,803.08,1323.66,29.82,29.10,1,-1,-1,-1
393,4,462.10,1031.63,30.80,30.66,1,-1,-1,-1
393,5,848.79,1251.14,32.98,32.34,1,-1,-1,-1
394,1,699.10,1325.00,29.80,28.98,1,-1,-1,-1
394,2,803.11,1323.90,29.75,29.01,1,-1,-1,-1
394,4,464.91,1036.16,30.99,30.86,1,-1,-1,-1
394,5,838.83,1249.64,33.42,32.84,1,-1,-1,-1
395,1,699.75,1324.34,29.82,28.98,1,-1,-1,-1
395,2,803.11,1323.99,29.74,28.98,1,-1,-1,-1
395,4,465.95,1041.72,30.39,30.28,1,-1,-1,-1
395,5,829.86,1247.11,33.56,33.02,1,-1,-1,-1
396,1,699.33,1324.75,29.84,28.98,1,-1,-1,-1
396,2,803.11,1324.03,29.76,28.97,1,-1,-1,-1
396,4,466.96,1045.69,30.83,30.73,1,-1,-1,-1
396,5,821.59,1245.51,33.00,32.43,1,-1,-1,-1
397,1,699.16,1324.91,29.85,28.99,1,-1,-1,-1
397,2,803.10,1324.03,29.78,28.97,1,-1,-1,-1
397,4,467.97,1050.36,31.65,31.56,1,-1,-1,-1
397,5,814.61,1242.28,32.80,32.20,1,-1,-1,-1
398,1,699.10,1324.97,29.87,28.99,1,-1,-1,-1
398,2,803.09,1324.03,29.80,28.97,1,-1,-1,-1
398,4,468.32,1055.94,31.96,31.87,1,-1,-1,-1
398,5,807.51,1240.43,32.75,32.10,1,-1,-1,-1
399,1,699.07,1324.99,29.88,28.99,1,-1,-1,-1
399,2,803.74,1324.03,29.82,28.97,1,-1,-1,-1
399,4,469.07,1061.87,31.41,31.33,1,-1,-1,-1
399,5,802.35,1238.45,32.74,32.06,1,-1,-1,-1
400,1,699.05,1325.00,29.89,28.99,1,-1,-1,-1
400,2,803.32,1324.03,29.83,28.98,1,-1,-1,-1
400,4,470.64,1067.95,31.19,31.12,1,-1,-1,-1
400,5,797.65,1235.77,33.33,32.70,1,-1,-1,-1
401,1,699.04,1325.00,29.90,28.99,1,-1,-1,-1
401,2,803.82,1324.03,29.85,28.98,1,-1,-1,-1
401,4,471.48,1074.71,31.20,31.04,1,-1,-1,-1
401,5,795.02,1234.14,32.94,32.29,1,-1,-1,-1
402,1,699.04,1325.01,29.91,28.99,1,-1,-1,-1
402,2,803.34,1324.02,29.87,28.98,1,-1,-1,-1
402,4,472.11,1080.40,31.15,31.01,1,-1,-1,-1
402,5,793.56,1232.92,32.81,32.12,1,-1,-1,-1
403,1,699.04,1324.34,29.92,28.99,1,-1,-1,-1
403,2,803.82,1324.02,29.88,28.98,1,-1,-1,-1
403,4,473.64,1087.00,31.13,31.00,1,-1,-1,-1
403,5,791.85,1231.85,32.77,32.06,1,-1,-1,-1
404,1,699.03,1324.76,29.93,28.99,1,-1,-1,-1
404,2,803.99,1324.02,29.89,28.99,1,-1,-1,-1
404,4,474.85,1092.61,31.11,31.00,1,-1,-1,-1
404,5,791.35,1230.83,32.77,32.03,1,-1,-1,-1
405,1,699.03,1324.25,29.93,29.00,1,-1,-1,-1
405,2,803.39,1324.02,29.90,28.99,1,-1,-1,-1
405,4,476.97,1099.17,30.34,30.33,1,-1,-1,-1
405,5,791.30,1230.50,32.78,32.02,1,-1,-1,-1
406,1,699.03,1324.72,29.94,29.00,1,-1,-1,-1
406,2,803.82,1324.01,29.91,28.99,1,-1,-1,-1
406,4,479.37,1106.10,29.42,29.42,1,-1,-1,-1
406,5,792.08,1231.09,32.13,31.35,1,-1,-1,-1
407,1,699.02,1324.90,29.95,29.00,1,-1,-1,-1
407,2,803.98,1324.01,29.92,28.99,1,-1,-1,-1
407,4,480.89,1112.48,29.08,29.08,1,-1,-1,-1
407,5,793.18,1231.36,31.89,31.10,1,-1,-1,-1
408,1,699.02,1324.97,29.95,29.00,1,-1,-1,-1
408,2,804.03,1324.01,29.93,28.99,1,-1,-1,-1
408,4,483.40,1119.32,28.97,28.96,1,-1,-1,-1
408,5,794.73,1231.50,31.72,31.01,1,-1,-1,-1
409,1,699.02,1325.00,29.96,29.00,1,-1,-1,-1
409,2,804.05,1324.01,29.93,28.99,1,-1,-1,-1
409,4,484.95,1124.98,29.60,29.59,1,-1,-1,-1
409,5,796.73,1231.58,31.62,30.98,1,-1,-1,-1
410,1,699.68,1324.35,29.96,29.00,1,-1,-1,-1
410,2,804.05,1324.01,29.94,28.99,1,-1,-1,-1
410,4,487.08,1129.54,29.93,29.83,1,-1,-1,-1
410,5,798.52,1230.98,31.65,30.97,1,-1,-1,-1
411,1,699.93,1324.76,29.96,29.00,1,-1,-1,-1
411,2,804.05,1324.01,29.95,28.99,1,-1,-1,-1
411,4,488.85,1135.01,30.01,29.92,1,-1,-1,-1
411,5,799.90,1231.44,31.68,30.97,1,-1,-1,-1
412,1,700.01,1324.92,29.97,29.00,1,-1,-1,-1
412,2,804.05,1324.01,29.95,28.99,1,-1,-1,-1
412,4,491.72,1139.51,30.14,29.96,1,-1,-1,-1
412,5,802.43,1232.30,31.71,30.97,1,-1,-1,-1
413,1,700.04,1324.98,29.97,29.00,1,-1,-1,-1
413,2,804.04,1324.01,29.96,29.00,1,-1,-1,-1
413,4,494.04,1143.64,31.56,31.30,1,-1,-1,-1
413,5,804.73,1233.30,31.73,30.97,1,-1,-1,-1
414,1,699.39,1325.00,29.97,29.00,1,-1,-1,-1
414,2,803.38,1324.01,29.96,29.00,1,-1,-1,-1
414,4,495.83,1148.89,31.68,31.42,1,-1,-1,-1
414,5,806.64,1234.36,32.34,31.64,1,-1,-1,-1
415,1,699.80,1325.01,29.98,29.00,1,-1,-1,-1
415,2,803.12,1324.00,29.96,29.00,1,-1,-1,-1
415,4,499.70,1154.03,31.46,31.12,1,-1,-1,-1
415,5,809.34,1236.07,32.53,31.89,1,-1,-1,-1
416,1,699.96,1325.01,29.98,29.00,1,-1,-1,-1
416,2,803.03,1324.00,29.97,29.00,1,-1,-1,-1
416,4,503.84,1159.76,30.00,29.72,1,-1,-1,-1
416,5,813.02,1238.04,32.56,31.98,1,-1,-1,-1
417,1,700.01,1325.01,29.98,29.00,1,-1,-1,-1
417,2,803.00,1324.00,29.97,29.00,1,-1,-1,-1
417,4,508.63,1164.34,29.46,29.21,1,-1,-1,-1
417,5,816.01,1240.10,32.64,32.01,1,-1,-1,-1
418,1,699.37,1325.01,29.98,29.00,1,-1,-1,-1
418,2,802.98,1324.00,29.97,29.00,1,-1,-1,-1
418,4,511.92,1168.51,30.03,29.70,1,-1,-1,-1
418,5,819.74,1242.84,32.68,32.03,1,-1,-1,-1
419,1,699.78,1325.01,29.98,29.00,1,-1,-1,-1
419,2,802.98,1324.00,29.98,29.00,1,-1,-1,-1
419,4,516.35,1172.55,30.28,29.88,1,-1,-1,-1
419,5,823.46,1245.84,32.62,32.03,1,-1,-1,-1
420,1,699.28,1325.01,29.99,29.00,1,-1,-1,-1
420,2,802.98,1324.00,29.98,29.00,1,-1,-1,-1
420,4,520.55,1176.51,29.74,29.29,1,-1,-1,-1
420,5,827.09,1248.26,32.66,32.03,1,-1,-1,-1
421,1,699.09,1325.01,29.99,29.00,1,-1,-1,-1
421,2,802.98,1324.00,29.98,29.00,1,-1,-1,-1
421,4,524.37,1179.12,30.15,29.73,1,-1,-1,-1
421,5,831.04,1251.12,32.02,31.36,1,-1,-1,-1
422,1,699.02,1325.01,29.99,29.00,1,-1,-1,-1
422,2,802.99,1324.00,29.98,29.00,1,-1,-1,-1
422,4,528.63,1182.59,30.37,29.90,1,-1,-1,-1
422,5,834.45,1254.15,31.80,31.11,1,-1,-1,-1
423,1,698.99,1325.00,29.99,29.00,1,-1,-1,-1
423,2,802.69,1324.00,30.57,29.66,1,-1,-1,-1
423,4,532.47,1185.70,30.39,29.96,1,-1,-1,-1
423,5,838.95,1257.22,31.73,31.02,1,-1,-1,-1
424,1,698.98,1325.00,29.99,29.00,1,-1,-1,-1
424,2,802.61,1324.00,30.74,29.91,1,-1,-1,-1
424,4,536.07,1188.69,30.47,29.99,1,-1,-1,-1
424,5,842.54,1260.30,31.73,30.98,1,-1,-1,-1
425,1,698.98,1325.00,29.99,29.00,1,-1,-1,-1
425,2,802.61,1323.34,30.75,30.00,1,-1,-1,-1
425,4,539.94,1192.29,29.86,29.34,1,-1,-1,-1
425,5,846.43,1262.71,32.42,31.64,1,-1,-1,-1
426,1,698.98,1325.00,29.99,29.00,1,-1,-1,-1
426,2,802.25,1323.09,30.81,30.03,1,-1,-1,-1
426,4,542.95,1196.14,30.24,29.76,1,-1,-1,-1
426,5,850.42,1264.87,32.69,31.88,1,-1,-1,-1
427,1,698.99,1325.00,29.99,29.00,1,-1,-1,-1
427,2,802.12,1323.00,30.84,30.04,1,-1,-1,-1
427,4,545.58,1199.42,30.45,29.91,1,-1,-1,-1
427,5,854.84,1267.60,32.71,31.98,1,-1,-1,-1
428,1,698.99,1325.00,29.99,29.00,1,-1,-1,-1
428,2,802.06,1322.97,30.86,30.04,1,-1,-1,-1
428,4,547.76,1203.14,30.55,29.97,1,-1,-1,-1
428,5,859.07,1270.53,32.67,32.01,1,-1,-1,-1
429,1,698.99,1325.00,29.99,29.00,1,-1,-1,-1
429,2,802.70,1322.96,30.87,30.04,1,-1,-1,-1
429,4,549.10,1207.04,31.28,30.65,1,-1,-1,-1
429,5,863.49,1272.88,32.04,31.36,1,-1,-1,-1
430,1,698.99,1325.00,29.99,29.00,1,-1,-1,-1
430,2,802.94,1322.96,30.88,30.03,1,-1,-1,-1
430,4,550.15,1210.34,31.58,30.91,1,-1,-1,-1
430,5,867.39,1275.01,32.40,31.78,1,-1,-1,-1
431,1,698.99,1325.00,30.00,29.00,1,-1,-1,-1
431,2,803.03,1323.62,30.89,30.03,1,-1,-1,-1
431,4,551.74,1215.39,31.71,31.00,1,-1,-1,-1
431,5,870.36,1277.05,31.93,31.27,1,-1,-1,-1
432,1,698.99,1325.00,30.00,29.00,1,-1,-1,-1
432,2,802.11,1323.22,30.81,30.03,1,-1,-1,-1
432,4,552.61,1221.11,32.34,31.69,1,-1,-1,-1
432,5,873.71,1279.73,31.67,31.08,1,-1,-1,-1
433,1,698.99,1325.00,30.00,29.00,1,-1,-1,-1
433,2,801.79,1323.06,30.73,30.02,1,-1,-1,-1
433,4,552.87,1227.06,32.54,31.95,1,-1,-1,-1
433,5,877.12,1281.97,31.63,31.01,1,-1,-1,-1
434,1,698.99,1325.00,30.00,29.00,1,-1,-1,-1
434,2,801.69,1323.01,30.66,30.02,1,-1,-1,-1
434,4,554.49,1233.11,32.01,31.39,1,-1,-1,-1
434,5,879.97,1283.40,31.55,30.98,1,-1,-1,-1
435,1,698.99,1325.00,30.00,29.00,1,-1,-1,-1
435,2,801.96,1322.99,30.02,29.36,1,-1,-1,-1
435,4,555.38,1238.55,32.40,31.83,1,-1,-1,-1
435,5,882.92,1285.17,31.49,30.98,1,-1,-1,-1
436,1,699.00,1325.00,30.00,29.00,1,-1,-1,-1
436,2,801.77,1322.98,30.38,29.77,1,-1,-1,-1
436,4,556.60,1245.03,32.60,31.99,1,-1,-1,-1
436,5,885.90,1286.42,32.11,31.64,1,-1,-1,-1
437,1,699.00,1325.00,30.00,29.00,1,-1,-1,-1
437,2,801.72,1322.98,30.48,29.92,1,-1,-1,-1
437,4,557.64,1252.58,32.03,31.39,1,-1,-1,-1
437,5,886.28,1287.48,32.32,31.89,1,-1,-1,-1
438,1,699.00,1325.00,30.00,29.00,1,-1,-1,-1
438,2,801.72,1322.98,30.48,29.98,1,-1,-1,-1
438,4,559.26,1259.23,31.82,31.15,1,-1,-1,-1
438,5,885.28,1288.47,31.14,30.67,1,-1,-1,-1
439,1,699.00,1325.00,30.00,29.00,1,-1,-1,-1
439,2,801.73,1322.98,30.46,30.00,1,-1,-1,-1
439,4,561.12,1265.50,31.76,31.06,1,-1,-1,-1
439,5,883.76,1288.74,31.29,30.86,1,-1,-1,-1
440,1,699.00,1325.00,30.00,29.00,1,-1,-1,-1
440,2,802.04,1322.98,29.85,29.35,1,-1,-1,-1
440,4,563.06,1271.63,32.43,31.69,1,-1,-1,-1
440,5,881.17,1288.14,32.00,31.60,1,-1,-1,-1
441,1,699.00,1325.00,30.00,29.00,1,-1,-1,-1
441,2,801.86,1322.99,30.22,29.77,1,-1,-1,-1
441,4,565.41,1277.04,32.60,31.92,1,-1,-1,-1
441,5,878.84,1286.55,32.24,31.88,1,-1,-1,-1
442,1,699.00,1325.00,30.00,29.00,1,-1,-1,-1
442,2,801.81,1322.99,30.34,29.92,1,-1,-1,-1
442,4,569.17,1282.83,32.05,31.35,1,-1,-1,-1
442,5,875.92,1284.58,32.97,32.64,1,-1,-1,-1
443,1,699.00,1325.00,30.00,29.00,1,-1,-1,-1
443,2,801.80,1323.65,30.36,29.98,1,-1,-1,-1
443,4,573.83,1288.78,31.85,31.13,1,-1,-1,-1
443,5,873.12,1282.49,33.32,32.92,1,-1,-1,-1
444,1,699.00,1325.00,30.00,29.00,1,-1,-1,-1
444,2,802.09,1323.24,30.44,30.00,1,-1,-1,-1
444,4,577.19,1294.77,31.69,31.04,1,-1,-1,-1
444,5,870.69,1281.01,33.49,33.03,1,-1,-1,-1
445,1,699.66,1325.00,30.00,29.00,1,-1,-1,-1
445,2,802.19,1323.74,30.50,30.01,1,-1,-1,-1
445,4,581.31,1300.13,31.70,31.01,1,-1,-1,-1
445,5,868.42,1278.46,33.57,33.06,1,-1,-1,-1
446,1,699.25,1325.00,30.00,29.00,1,-1,-1,-1
446,2,802.21,1323.93,30.55,30.01,1,-1,-1,-1
446,4,585.12,1305.24,32.29,31.66,1,-1,-1,-1
446,5,867.55,1277.48,32.96,32.41,1,-1,-1,-1
447,1,699.09,1325.00,30.00,29.00,1,-1,-1,-1
447,2,802.21,1324.00,30.59,30.01,1,-1,-1,-1
447,4,589.39,1310.26,31.91,31.25,1,-1,-1,-1
447,5,866.55,1276.44,32.75,32.16,1,-1,-1,-1
448,1,699.03,1325.00,30.00,29.00,1,-1,-1,-1
448,2,802.19,1324.03,30.63,30.01,1,-1,-1,-1
448,4,594.20,1314.58,31.78,31.09,1,-1,-1,-1
448,5,866.18,1275.40,33.36,32.72,1,-1,-1,-1
449,1,699.01,1325.00,30.00,29.00,1,-1,-1,-1
449,2,802.18,1324.03,30.67,30.01,1,-1,-1,-1
449,4,597.87,1319.31,31.75,31.03,1,-1,-1,-1
449,5,866.41,1275.02,33.51,32.93,1,-1,-1,-1
450,1,699.00,1325.00,30.00,29.00,1,-1,-1,-1
450,2,802.16,1324.03,30.70,30.01,1,-1,-1,-1
450,4,602.43,1324.20,31.75,31.00,1,-1,-1,-1
450,5,867.19,1274.89,33.54,33.01,1,-1,-1,-1
451,1,699.00,1325.00,30.00,29.00,1,-1,-1,-1
451,2,802.14,1324.03,30.73,30.01,1,-1,-1,-1
451,4,606.00,1327.82,32.44,31.66,1,-1,-1,-1
451,5,868.45,1274.85,32.94,32.38,1,-1,-1,-1
452,1,699.00,1325.00,30.00,29.00,1,-1,-1,-1
452,2,802.13,1323.37,30.75,30.01,1,-1,-1,-1
452,4,609.19,1330.99,32.71,31.90,1,-1,-1,-1
452,5,870.26,1275.52,32.73,32.13,1,-1,-1,-1
453,1,698.70,1325.00,30.59,29.66,1,-1,-1,-1
453,2,802.12,1323.11,30.78,30.01,1,-1,-1,-1
453,4,612.90,1334.63,32.82,31.99,1,-1,-1,-1
453,5,872.91,1276.44,32.68,32.04,1,-1,-1,-1
454,1,698.62,1325.00,30.75,29.91,1,-1,-1,-1
454,2,802.11,1323.02,30.80,30.00,1,-1,-1,-1
454,4,616.81,1337.80,32.87,32.03,1,-1,-1,-1
454,5,875.59,1277.45,32.58,32.01,1,-1,-1,-1
455,1,698.61,1325.00,30.76,30.00,1,-1,-1,-1
455,2,802.10,1322.99,30.82,30.00,1,-1,-1,-1
455,4,620.80,1340.80,32.90,32.03,1,-1,-1,-1
455,5,877.26,1279.16,32.52,31.99,1,-1,-1,-1
456,1,698.63,1325.00,30.72,30.03,1,-1,-1,-1
456,2,802.47,1322.98,30.74,30.00,1,-1,-1,-1
456,4,625.18,1343.75,32.81,32.03,1,-1,-1,-1
456,5,878.54,1281.78,31.79,31.33,1,-1,-1,-1
457,1,698.95,1325.00,30.09,29.38,1,-1,-1,-1
457,2,802.91,1322.97,30.09,29.34,1,-1,-1,-1
457,4,629.37,1346.67,32.74,32.03,1,-1,-1,-1
457,5,879.96,1285.43,30.91,30.41,1,-1,-1,-1
458,1,699.07,1325.00,29.86,29.13,1,-1,-1,-1
458,2,803.08,1322.98,29.86,29.09,1,-1,-1,-1
458,4,632.81,1348.94,33.34,32.69,1,-1,-1,-1
458,5,879.76,1289.46,30.62,30.07,1,-1,-1,-1
459,1,699.10,1325.00,29.79,29.04,1,-1,-1,-1
459,2,803.13,1322.98,29.79,29.00,1,-1,-1,-1
459,4,637.56,1351.63,32.96,32.28,1,-1,-1,-1
459,5,878.02,1292.91,31.13,30.63,1,-1,-1,-1
460,1,699.11,1325.00,29.78,29.00,1,-1,-1,-1
460,2,803.13,1322.98,29.78,28.97,1,-1,-1,-1
460,4,642.90,1354.47,32.73,32.12,1,-1,-1,-1
460,5,876.33,1296.12,31.39,30.83,1,-1,-1,-1
461,1,698.82,1325.00,29.69,28.99,1,-1,-1,-1
461,2,802.84,1322.98,30.37,29.63,1,-1,-1,-1
461,4,648.38,1356.72,32.03,31.39,1,-1,-1,-1
461,5,873.39,1300.59,31.42,30.92,1,-1,-1,-1
462,1,698.73,1325.00,29.62,28.99,1,-1,-1,-1
462,2,802.74,1322.98,30.55,29.87,1,-1,-1,-1
462,4,652.64,1359.41,32.36,31.78,1,-1,-1,-1
462,5,870.58,1304.85,31.50,30.95,1,-1,-1,-1
463,1,699.38,1325.00,29.56,28.99,1,-1,-1,-1
463,2,802.73,1322.99,30.58,29.97,1,-1,-1,-1
463,4,657.03,1360.96,32.55,31.93,1,-1,-1,-1
463,5,868.86,1309.02,31.56,30.97,1,-1,-1,-1
464,1,699.64,1325.00,29.51,28.99,1,-1,-1,-1
464,2,802.74,1322.99,30.56,30.00,1,-1,-1,-1
464,4,660.88,1363.40,32.55,31.98,1,-1,-1,-1
464,5,867.55,1314.48,31.61,30.97,1,-1,-1,-1
465,1,699.75,1325.00,29.46,28.99,1,-1,-1,-1
465,2,802.38,1322.99,30.61,30.01,1,-1,-1,-1
465,4,665.12,1364.86,32.61,32.00,1,-1,-1,-1
465,5,866.41,1318.42,32.32,31.64,1,-1,-1,-1
466,1,699.80,1325.00,29.42,28.99,1,-1,-1,-1
466,2,802.61,1322.99,30.56,30.02,1,-1,-1,-1
466,4,668.25,1366.61,32.56,32.01,1,-1,-1,-1
466,5,865.33,1322.43,32.60,31.89,1,-1,-1,-1
467,1,700.12,1325.00,29.47,28.99,1,-1,-1,-1
467,2,802.71,1322.99,30.51,30.02,1,-1,-1,-1
467,4,672.22,1368.48,32.60,32.01,1,-1,-1,-1
467,5,865.60,1325.82,32.73,31.98,1,-1,-1,-1
468,1,700.22,1325.00,29.52,28.99,1,-1,-1,-1
468,2,802.77,1322.99,30.46,30.01,1,-1,-1,-1
468,4,675.91,1370.40,32.55,32.01,1,-1,-1,-1
468,5,866.38,1328.31,32.78,32.02,1,-1,-1,-1
469,1,700.24,1325.00,29.57,28.99,1,-1,-1,-1
469,2,802.80,1322.99,30.41,30.01,1,-1,-1,-1
469,4,678.77,1372.35,32.59,32.01,1,-1,-1,-1
469,5,868.01,1330.46,32.82,32.03,1,-1,-1,-1
470,1,700.23,1325.00,29.61,28.99,1,-1,-1,-1
470,2,802.82,1322.99,30.37,30.01,1,-1,-1,-1
470,4,681.01,1374.30,32.63,32.01,1,-1,-1,-1
470,5,869.29,1332.47,32.84,32.03,1,-1,-1,-1
471,1,699.93,1325.00,29.55,28.99,1,-1,-1,-1
471,2,803.12,1323.66,29.77,29.35,1,-1,-1,-1
471,4,685.01,1377.59,31.99,31.35,1,-1,-1,-1
471,5,870.82,1334.44,32.76,32.03,1,-1,-1,-1
472,1,700.12,1325.00,28.92,28.33,1,-1,-1,-1
472,2,803.22,1323.91,29.57,29.10,1,-1,-1,-1
472,4,689.01,1380.72,31.77,31.10,1,-1,-1,-1
472,5,872.08,1336.40,32.69,32.03,1,-1,-1,-1
473,1,699.89,1325.00,29.29,28.75,1,-1,-1,-1
473,2,803.91,1324.00,29.53,29.01,1,-1,-1,-1
473,4,693.01,1383.12,31.71,31.00,1,-1,-1,-1
473,5,873.52,1338.36,32.05,31.36,1,-1,-1,-1
474,1,700.10,1325.00,29.49,28.91,1,-1,-1,-1
474,2,804.15,1324.03,29.54,28.98,1,-1,-1,-1
474,4,696.06,1386.57,32.29,31.64,1,-1,-1,-1
474,5,873.39,1340.31,31.14,30.44,1,-1,-1,-1
475,1,700.16,1324.34,29.59,28.97,1,-1,-1,-1
475,2,803.56,1324.04,29.57,28.97,1,-1,-1,-1
475,4,699.74,1390.41,31.80,31.22,1,-1,-1,-1
475,5,871.97,1342.27,30.82,30.10,1,-1,-1,-1
476,1,700.18,1324.09,29.65,28.99,1,-1,-1,-1
476,2,803.69,1324.04,30.19,29.63,1,-1,-1,-1
476,4,702.31,1393.74,31.58,31.06,1,-1,-1,-1
476,5,870.77,1342.90,30.72,29.98,1,-1,-1,-1
477,1,700.17,1324.66,29.69,29.00,1,-1,-1,-1
477,2,803.39,1323.38,29.82,29.22,1,-1,-1,-1
477,4,704.77,1396.88,30.89,30.34,1,-1,-1,-1
477,5,868.98,1343.05,30.71,29.94,1,-1,-1,-1
478,1,700.16,1324.88,29.72,29.00,1,-1,-1,-1
478,2,803.26,1323.12,29.70,29.06,1,-1,-1,-1
478,4,707.53,1399.93,30.66,30.07,1,-1,-1,-1
478,5,866.97,1343.02,31.40,30.60,1,-1,-1,-1
479,1,699.48,1324.30,29.75,29.00,1,-1,-1,-1
479,2,802.91,1323.03,30.25,29.67,1,-1,-1,-1
479,4,710.13,1402.95,30.51,29.97,1,-1,-1,-1
479,5,864.91,1342.95,31.67,30.85,1,-1,-1,-1
480,1,699.88,1324.08,29.78,29.00,1,-1,-1,-1
480,2,802.79,1322.99,30.43,29.90,1,-1,-1,-1
480,4,712.31,1405.30,30.43,29.94,1,-1,-1,-1
480,5,862.82,1344.17,31.79,30.94,1,-1,-1,-1
481,1,699.37,1324.00,29.80,29.00,1,-1,-1,-1
481,2,802.76,1322.98,30.46,29.98,1,-1,-1,-1
481,4,713.69,1407.39,30.38,29.94,1,-1,-1,-1
481,5,861.10,1343.25,32.42,31.64,1,-1,-1,-1
482,1,699.83,1323.98,29.82,29.00,1,-1,-1,-1
482,2,803.05,1322.98,29.88,29.35,1,-1,-1,-1
482,4,715.04,1408.73,30.43,29.94,1,-1,-1,-1
482,5,860.79,1343.52,32.04,31.25,1,-1,-1,-1
483,1,700.00,1323.97,29.83,29.00,1,-1,-1,-1
483,2,802.86,1322.98,30.26,29.78,1,-1,-1,-1
483,4,715.42,1409.13,30.49,29.95,1,-1,-1,-1
483,5,860.04,1342.90,32.58,31.75,1,-1,-1,-1
484,1,699.40,1323.97,29.85,29.00,1,-1,-1,-1
484,2,802.81,1322.98,30.37,29.93,1,-1,-1,-1
484,4,715.82,1409.84,31.11,30.61,1,-1,-1,-1
484,5,860.44,1343.29,32.12,31.29,1,-1,-1,-1
485,1,699.16,1323.97,29.86,29.00,1,-1,-1,-1
485,2,802.80,1322.98,30.39,29.99,1,-1,-1,-1
485,4,715.91,1410.04,31.32,30.87,1,-1,-1,-1
485,5,860.62,1343.40,31.95,31.10,1,-1,-1,-1
486,1,699.07,1323.97,29.88,29.00,1,-1,-1,-1
486,2,802.81,1322.99,30.37,30.01,1,-1,-1,-1
486,4,715.50,1409.37,31.47,30.96,1,-1,-1,-1
486,5,861.75,1342.75,32.47,31.70,1,-1,-1,-1
487,1,699.70,1323.98,29.89,29.00,1,-1,-1,-1
487,2,802.82,1322.99,30.34,30.02,1,-1,-1,-1
487,4,714.59,1409.70,31.55,31.00,1,-1,-1,-1
487,5,863.15,1342.48,32.05,31.26,1,-1,-1,-1
488,1,699.27,1324.64,29.90,29.00,1,-1,-1,-1
488,2,802.84,1322.99,30.31,30.02,1,-1,-1,-1
488,4,713.51,1409.76,31.61,31.01,1,-1,-1,-1
488,5,864.07,1341.02,32.48,31.75,1,-1,-1,-1
489,1,699.11,1324.23,29.91,29.00,1,-1,-1,-1
489,2,802.85,1322.99,30.28,30.02,1,-1,-1,-1
489,4,711.43,1409.73,31.56,31.01,1,-1,-1,-1
489,5,865.39,1341.12,31.35,30.62,1,-1,-1,-1
490,1,699.05,1324.74,29.92,29.00,1,-1,-1,-1
490,2,802.87,1322.99,30.25,30.02,1,-1,-1,-1
490,4,709.30,1410.32,31.50,31.01,1,-1,-1,-1
490,5,866.27,1339.80,31.52,30.85,1,-1,-1,-1
491,1,699.02,1324.93,29.93,29.00,1,-1,-1,-1
491,2,802.88,1322.99,30.23,30.01,1,-1,-1,-1
491,4,705.84,1411.16,31.46,31.01,1,-1,-1,-1
491,5,867.94,1337.99,31.54,30.94,1,-1,-1,-1
492,1,699.67,1325.00,29.93,29.00,1,-1,-1,-1
492,2,802.89,1322.99,30.21,30.01,1,-1,-1,-1
492,4,702.83,1412.10,30.84,30.35,1,-1,-1,-1
492,5,868.57,1335.98,31.52,30.97,1,-1,-1,-1
493,1,699.92,1325.02,29.94,29.00,1,-1,-1,-1
493,2,802.90,1322.99,30.19,30.01,1,-1,-1,-1
493,4,699.68,1413.07,30.63,30.10,1,-1,-1,-1
493,5,869.11,1334.57,30.91,30.32,1,-1,-1,-1
494,1,699.35,1325.03,29.94,29.00,1,-1,-1,-1
494,2,802.91,1322.99,30.17,30.01,1,-1,-1,-1
494,4,696.89,1414.72,30.49,30.01,1,-1,-1,-1
494,5,869.28,1332.71,30.70,30.08,1,-1,-1,-1
495,1,699.79,1325.03,29.95,29.00,1,-1,-1,-1
495,2,802.92,1323.00,30.15,30.01,1,-1,-1,-1
495,4,694.85,1415.29,29.84,29.31,1,-1,-1,-1
495,5,868.65,1331.37,30.64,29.99,1,-1,-1,-1
496,1,699.29,1325.03,29.95,29.00,1,-1,-1,-1
496,2,802.93,1323.00,30.14,30.01,1,-1,-1,-1
496,4,692.76,1416.12,29.62,29.05,1,-1,-1,-1
496,5,867.73,1329.57,31.32,30.63,1,-1,-1,-1
497,1,699.11,1325.02,29.96,29.00,1,-1,-1,-1
497,2,802.94,1323.00,30.12,30.01,1,-1,-1,-1
497,4,690.01,1417.06,29.57,28.96,1,-1,-1,-1
497,5,867.00,1328.26,31.02,30.21,1,-1,-1,-1
498,1,699.03,1325.02,29.96,29.00,1,-1,-1,-1
498,2,802.94,1323.00,30.11,30.01,1,-1,-1,-1
498,4,686.36,1418.03,29.58,28.94,1,-1,-1,-1
498,5,865.73,1327.13,31.56,30.71,1,-1,-1,-1
499,1,699.01,1325.02,29.97,29.00,1,-1,-1,-1
499,2,803.23,1323.00,30.20,30.01,1,-1,-1,-1
499,4,682.09,1419.69,30.19,29.60,1,-1,-1,-1
499,5,865.25,1326.74,31.76,30.90,1,-1,-1,-1
500,1,699.00,1325.02,29.97,29.00,1,-1,-1,-1
500,2,803.04,1323.00,30.18,30.00,1,-1,-1,-1
500,4,679.24,1420.27,31.06,30.50,1,-1,-1,-1
500,5,864.41,1325.31,31.85,30.97,1,-1,-1,-1
