0,1,826,666,40,40,1,1,1
0,2,887,1093,40,40,1,1,1
0,3,1229,852,40,40,1,1,1
0,4,1243,1091,40,40,1,1,1
1,1,822,664,40,40,1,1,1
1,2,886,1094,40,40,1,1,1
1,3,1228,848,40,40,1,1,1
1,4,1240,1080,40,40,1,1,1
2,1,823,664,40,40,1,1,1
2,2,884,1092,40,40,1,1,1
2,3,1227,850,40,40,1,1,1
2,4,1241,1081,40,40,1,1,1
3,1,826,663,40,40,1,1,1
3,2,882,1092,40,40,1,1,1
3,3,1229,850,40,40,1,1,1
3,4,1244,1077,40,40,1,1,1
4,1,828,662,40,40,1,1,1
4,2,880,1092,40,40,1,1,1
4,3,1230,848,40,40,1,1,1
4,4,1247,1074,40,40,1,1,1
5,1,830,660,40,40,1,1,1
5,2,878,1091,40,40,1,1,1
5,3,1231,850,40,40,1,1,1
5,4,1250,1070,40,40,1,1,1
6,1,830,660,40,40,1,1,1
6,2,876,1091,40,40,1,1,1
6,3,1232,848,40,40,1,1,1
6,4,1252,1068,40,40,1,1,1
7,1,832,658,40,40,1,1,1
7,2,874,1092,40,40,1,1,1
7,3,1234,848,40,40,1,1,1
7,4,1254,1066,40,40,1,1,1
8,1,830,656,40,40,1,1,1
8,2,874,1092,40,40,1,1,1
8,3,1235,850,40,40,1,1,1
8,4,1257,1062,40,40,1,1,1
9,1,828,656,40,40,1,1,1
9,2,872,1092,40,40,1,1,1
9,3,1236,850,40,40,1,1,1
9,4,1260,1062,40,40,1,1,1
10,1,829,654,40,40,1,1,1
10,2,870,1091,40,40,1,1,1
10,3,1237,852,40,40,1,1,1
10,4,1264,1057,40,40,1,1,1
11,1,826,654,40,40,1,1,1
11,2,869,1090,40,40,1,1,1
11,3,1237,853,40,40,1,1,1
11,4,1266,1056,40,40,1,1,1
12,1,826,653,40,40,1,1,1
12,2,868,1090,40,40,1,1,1
12,3,1236,854,40,40,1,1,1
12,4,1270,1052,40,40,1,1,1
13,1,825,654,40,40,1,1,1
13,2,866,1092,40,40,1,1,1
13,3,1236,854,40,40,1,1,1
13,4,1274,1049,40,40,1,1,1
14,1,823,655,40,40,1,1,1
14,2,864,1093,40,40,1,1,1
14,3,1236,856,40,40,1,1,1
14,4,1279,1046,40,40,1,1,1
15,1,822,656,40,40,1,1,1
15,2,860,1095,40,40,1,1,1
15,3,1236,856,40,40,1,1,1
15,4,1284,1042,40,40,1,1,1
16,1,821,656,40,40,1,1,1
16,2,860,1094,40,40,1,1,1
16,3,1236,856,40,40,1,1,1
16,4,1287,1040,40,40,1,1,1
17,1,821,656,40,40,1,1,1
17,2,858,1095,40,40,1,1,1
17,3,1236,858,40,40,1,1,1
17,4,1293,1040,40,40,1,1,1
18,1,822,656,40,40,1,1,1
18,2,854,1094,40,40,1,1,1
18,3,1237,858,40,40,1,1,1
18,4,1296,1036,40,40,1,1,1
19,1,821,656,40,40,1,1,1
19,2,854,1095,40,40,1,1,1
19,3,1236,861,40,40,1,1,1
19,4,1300,1034,40,40,1,1,1
20,1,821,657,40,40,1,1,1
20,2,852,1096,40,40,1,1,1
20,3,1234,863,40,40,1,1,1
20,4,1303,1028,40,40,1,1,1
21,1,821,658,40,40,1,1,1
21,2,850,1096,40,40,1,1,1
21,3,1231,867,40,40,1,1,1
21,4,1306,1026,40,40,1,1,1
22,1,822,658,40,40,1,1,1
22,2,850,1095,40,40,1,1,1
22,3,1229,870,40,40,1,1,1
22,4,1308,1020,40,40,1,1,1
23,1,823,658,40,40,1,1,1
23,2,849,1094,40,40,1,1,1
23,3,1226,873,40,40,1,1,1
23,4,1310,1016,40,40,1,1,1
24,1,823,660,40,40,1,1,1
24,2,850,1093,40,40,1,1,1
24,3,1222,876,40,40,1,1,1
24,4,1314,1008,40,40,1,1,1
25,1,822,661,40,40,1,1,1
25,2,850,1091,40,40,1,1,1
25,3,1218,876,40,40,1,1,1
25,4,1314,1006,40,40,1,1,1
26,1,823,662,40,40,1,1,1
26,2,852,1090,40,40,1,1,1
26,3,1215,876,40,40,1,1,1
26,4,1314,1000,40,40,1,1,1
27,1,822,664,40,40,1,1,1
27,2,852,1089,40,40,1,1,1
27,3,1210,877,40,40,1,1,1
27,4,1314,994,40,40,1,1,1
28,1,822,666,40,40,1,1,1
28,2,852,1087,40,40,1,1,1
28,3,1208,876,40,40,1,1,1
28,4,1314,989,40,40,1,1,1
29,1,821,666,40,40,1,1,1
29,2,852,1086,40,40,1,1,1
29,3,1205,877,40,40,1,1,1
29,4,1314,984,40,40,1,1,1
30,1,822,666,40,40,1,1,1
30,2,850,1084,40,40,1,1,1
30,3,1204,876,40,40,1,1,1
30,4,1312,978,40,40,1,1,1
31,1,824,668,40,40,1,1,1
31,2,850,1082,40,40,1,1,1
31,3,1202,878,40,40,1,1,1
31,4,1310,974,40,40,1,1,1
32,1,825,668,40,40,1,1,1
32,2,848,1082,40,40,1,1,1
32,3,1202,878,40,40,1,1,1
32,4,1308,972,40,40,1,1,1
33,1,826,668,40,40,1,1,1
33,2,846,1081,40,40,1,1,1
33,3,1202,878,40,40,1,1,1
33,4,1306,964,40,40,1,1,1
34,1,829,668,40,40,1,1,1
34,2,844,1081,40,40,1,1,1
34,3,1202,880,40,40,1,1,1
34,4,1305,960,40,40,1,1,1
35,1,831,666,40,40,1,1,1
35,2,842,1080,40,40,1,1,1
35,3,1204,880,40,40,1,1,1
35,4,1304,952,40,40,1,1,1
36,1,835,666,40,40,1,1,1
36,2,839,1078,40,40,1,1,1
36,3,1206,880,40,40,1,1,1
36,4,1300,947,40,40,1,1,1
37,1,838,666,40,40,1,1,1
37,2,837,1078,40,40,1,1,1
37,3,1207,880,40,40,1,1,1
37,4,1302,942,40,40,1,1,1
38,1,842,664,40,40,1,1,1
38,2,834,1078,40,40,1,1,1
38,3,1210,878,40,40,1,1,1
38,4,1302,935,40,40,1,1,1
39,1,844,665,40,40,1,1,1
39,2,832,1078,40,40,1,1,1
39,3,1212,878,40,40,1,1,1
39,4,1302,929,40,40,1,1,1
40,1,847,663,40,40,1,1,1
40,2,829,1076,40,40,1,1,1
40,3,1216,878,40,40,1,1,1
40,4,1302,922,40,40,1,1,1
41,1,850,664,40,40,1,1,1
41,2,828,1074,40,40,1,1,1
41,3,1218,876,40,40,1,1,1
41,4,1302,917,40,40,1,1,1
42,1,851,662,40,40,1,1,1
42,2,828,1072,40,40,1,1,1
42,3,1222,874,40,40,1,1,1
42,4,1304,912,40,40,1,1,1
43,1,853,661,40,40,1,1,1
43,2,828,1069,40,40,1,1,1
43,3,1222,868,40,40,1,1,1
43,4,1304,908,40,40,1,1,1
44,1,854,660,40,40,1,1,1
44,2,828,1068,40,40,1,1,1
44,3,1224,868,40,40,1,1,1
44,4,1306,902,40,40,1,1,1
45,1,855,658,40,40,1,1,1
45,2,828,1068,40,40,1,1,1
45,3,1228,866,40,40,1,1,1
45,4,1308,894,40,40,1,1,1
46,1,855,656,40,40,1,1,1
46,2,828,1066,40,40,1,1,1
46,3,1232,865,40,40,1,1,1
46,4,1308,890,40,40,1,1,1
47,1,855,656,40,40,1,1,1
47,2,828,1065,40,40,1,1,1
47,3,1236,860,40,40,1,1,1
47,4,1312,882,40,40,1,1,1
48,1,858,656,40,40,1,1,1
48,2,828,1065,40,40,1,1,1
48,3,1240,858,40,40,1,1,1
48,4,1314,878,40,40,1,1,1
49,1,858,656,40,40,1,1,1
49,2,828,1064,40,40,1,1,1
49,3,1244,854,40,40,1,1,1
49,4,1318,870,40,40,1,1,1
50,1,858,656,40,40,1,1,1
50,2,827,1062,40,40,1,1,1
50,3,1248,849,40,40,1,1,1
50,4,1319,864,40,40,1,1,1
51,1,858,656,40,40,1,1,1
51,2,827,1060,40,40,1,1,1
51,3,1252,846,40,40,1,1,1
51,4,1322,858,40,40,1,1,1
52,1,858,656,40,40,1,1,1
52,2,826,1060,40,40,1,1,1
52,3,1256,840,40,40,1,1,1
52,4,1324,852,40,40,1,1,1
53,1,858,656,40,40,1,1,1
53,2,827,1057,40,40,1,1,1
53,3,1260,834,40,40,1,1,1
53,4,1327,844,40,40,1,1,1
54,1,858,656,40,40,1,1,1
54,2,827,1056,40,40,1,1,1
54,3,1274,826,40,40,1,1,1
54,4,1327,840,40,40,1,1,1
55,1,860,656,40,40,1,1,1
55,2,826,1054,40,40,1,1,1
55,3,1277,822,40,40,1,1,1
55,4,1328,832,40,40,1,1,1
56,1,860,656,40,40,1,1,1
56,2,826,1052,40,40,1,1,1
56,3,1282,812,40,40,1,1,1
56,4,1327,828,40,40,1,1,1
57,1,860,656,40,40,1,1,1
57,2,826,1048,40,40,1,1,1
57,3,1282,808,40,40,1,1,1
57,4,1329,822,40,40,1,1,1
58,1,863,656,40,40,1,1,1
58,2,826,1048,40,40,1,1,1
58,3,1292,803,40,40,1,1,1
58,4,1328,820,40,40,1,1,1
59,1,863,655,40,40,1,1,1
59,2,824,1046,40,40,1,1,1
59,3,1292,803,40,40,1,1,1
59,4,1330,816,40,40,1,1,1
60,1,863,655,40,40,1,1,1
60,2,822,1046,40,40,1,1,1
60,3,1292,803,40,40,1,1,1
60,4,1329,814,40,40,1,1,1
61,1,866,654,40,40,1,1,1
61,2,821,1046,40,40,1,1,1
61,3,1301,803,40,40,1,1,1
61,4,1329,812,40,40,1,1,1
62,1,866,653,40,40,1,1,1
62,2,818,1046,40,40,1,1,1
62,3,1301,803,40,40,1,1,1
62,4,1335,812,40,40,1,1,1
63,1,868,654,40,40,1,1,1
63,2,816,1044,40,40,1,1,1
63,3,1306,798,40,40,1,1,1
63,4,1328,810,40,40,1,1,1
64,1,868,654,40,40,1,1,1
64,2,814,1045,40,40,1,1,1
64,3,1311,795,40,40,1,1,1
64,4,1327,812,40,40,1,1,1
65,1,870,655,40,40,1,1,1
65,2,810,1046,40,40,1,1,1
65,3,1306,791,40,40,1,1,1
65,4,1325,817,40,40,1,1,1
66,1,870,656,40,40,1,1,1
66,2,809,1046,40,40,1,1,1
66,3,1314,793,40,40,1,1,1
66,4,1322,812,40,40,1,1,1
67,1,872,656,40,40,1,1,1
67,2,806,1048,40,40,1,1,1
67,3,1314,793,40,40,1,1,1
67,4,1320,812,40,40,1,1,1
68,1,874,656,40,40,1,1,1
68,2,804,1048,40,40,1,1,1
68,3,1324,793,40,40,1,1,1
68,4,1319,814,40,40,1,1,1
69,1,874,656,40,40,1,1,1
69,2,803,1048,40,40,1,1,1
69,3,1324,803,40,40,1,1,1
69,4,1316,814,40,40,1,1,1
70,1,876,658,40,40,1,1,1
70,2,800,1048,40,40,1,1,1
70,3,1324,803,40,40,1,1,1
70,4,1311,826,40,40,1,1,1
71,1,878,658,40,40,1,1,1
71,2,798,1048,40,40,1,1,1
71,3,1333,803,40,40,1,1,1
71,4,1311,822,40,40,1,1,1
72,1,880,658,40,40,1,1,1
72,2,796,1048,40,40,1,1,1
72,3,1335,809,40,40,1,1,1
72,4,1309,822,40,40,1,1,1
73,1,881,658,40,40,1,1,1
73,2,794,1046,40,40,1,1,1
73,3,1341,812,40,40,1,1,1
73,4,1306,824,40,40,1,1,1
74,1,884,658,40,40,1,1,1
74,2,791,1046,40,40,1,1,1
74,3,1340,809,40,40,1,1,1
74,4,1304,826,40,40,1,1,1
75,1,886,660,40,40,1,1,1
75,2,790,1048,40,40,1,1,1
75,3,1340,809,40,40,1,1,1
75,4,1306,833,40,40,1,1,1
76,1,888,659,40,40,1,1,1
76,2,788,1047,40,40,1,1,1
76,3,1354,805,40,40,1,1,1
76,4,1300,834,40,40,1,1,1
77,1,890,658,40,40,1,1,1
77,2,786,1046,40,40,1,1,1
77,3,1357,809,40,40,1,1,1
77,4,1300,833,40,40,1,1,1
78,1,891,659,40,40,1,1,1
78,2,784,1046,40,40,1,1,1
78,3,1365,812,40,40,1,1,1
78,4,1298,833,40,40,1,1,1
79,1,894,659,40,40,1,1,1
79,2,783,1046,40,40,1,1,1
79,3,1369,812,40,40,1,1,1
79,4,1296,834,40,40,1,1,1
80,1,898,660,40,40,1,1,1
80,2,780,1043,40,40,1,1,1
80,3,1373,817,40,40,1,1,1
80,4,1295,834,40,40,1,1,1
81,1,901,662,40,40,1,1,1
81,2,780,1040,40,40,1,1,1
81,3,1380,817,40,40,1,1,1
81,4,1292,836,40,40,1,1,1
82,1,904,662,40,40,1,1,1
82,2,780,1039,40,40,1,1,1
82,3,1379,817,40,40,1,1,1
82,4,1292,836,40,40,1,1,1
83,1,906,664,40,40,1,1,1
83,2,778,1038,40,40,1,1,1
83,3,1384,820,40,40,1,1,1
83,4,1290,838,40,40,1,1,1
84,1,910,666,40,40,1,1,1
84,2,778,1034,40,40,1,1,1
84,3,1390,824,40,40,1,1,1
84,4,1290,836,40,40,1,1,1
85,1,912,666,40,40,1,1,1
85,2,777,1032,40,40,1,1,1
85,3,1395,826,40,40,1,1,1
85,4,1291,838,40,40,1,1,1
86,1,916,666,40,40,1,1,1
86,2,776,1030,40,40,1,1,1
86,3,1401,830,40,40,1,1,1
86,4,1292,835,40,40,1,1,1
87,1,919,666,40,40,1,1,1
87,2,776,1028,40,40,1,1,1
87,3,1406,832,40,40,1,1,1
87,4,1295,836,40,40,1,1,1
88,1,922,667,40,40,1,1,1
88,2,775,1026,40,40,1,1,1
88,3,1412,834,40,40,1,1,1
88,4,1298,832,40,40,1,1,1
89,1,925,668,40,40,1,1,1
89,2,774,1023,40,40,1,1,1
89,3,1418,835,40,40,1,1,1
89,4,1300,826,40,40,1,1,1
90,1,930,667,40,40,1,1,1
90,2,773,1021,40,40,1,1,1
90,3,1422,838,40,40,1,1,1
90,4,1304,824,40,40,1,1,1
91,1,933,666,40,40,1,1,1
91,2,772,1020,40,40,1,1,1
91,3,1428,838,40,40,1,1,1
91,4,1306,818,40,40,1,1,1
92,1,936,666,40,40,1,1,1
92,2,770,1018,40,40,1,1,1
92,3,1432,840,40,40,1,1,1
92,4,1310,813,40,40,1,1,1
93,1,938,666,40,40,1,1,1
93,2,769,1015,40,40,1,1,1
93,3,1436,840,40,40,1,1,1
93,4,1314,806,40,40,1,1,1
94,1,940,666,40,40,1,1,1
94,2,768,1014,40,40,1,1,1
94,3,1440,842,40,40,1,1,1
94,4,1316,802,40,40,1,1,1
95,1,944,664,40,40,1,1,1
95,2,766,1012,40,40,1,1,1
95,3,1444,842,40,40,1,1,1
95,4,1320,798,40,40,1,1,1
96,1,946,664,40,40,1,1,1
96,2,764,1010,40,40,1,1,1
96,3,1448,844,40,40,1,1,1
96,4,1323,794,40,40,1,1,1
97,1,949,665,40,40,1,1,1
97,2,762,1010,40,40,1,1,1
97,3,1454,846,40,40,1,1,1
97,4,1326,790,40,40,1,1,1
98,1,950,666,40,40,1,1,1
98,2,762,1010,40,40,1,1,1
98,3,1458,848,40,40,1,1,1
98,4,1329,786,40,40,1,1,1
99,1,951,665,40,40,1,1,1
99,2,760,1008,40,40,1,1,1
99,3,1462,853,40,40,1,1,1
99,4,1330,780,40,40,1,1,1
100,1,954,666,40,40,1,1,1
100,2,758,1008,40,40,1,1,1
100,3,1467,856,40,40,1,1,1
100,4,1330,776,40,40,1,1,1
101,1,954,666,40,40,1,1,1
101,2,756,1006,40,40,1,1,1
101,3,1472,859,40,40,1,1,1
101,4,1330,770,40,40,1,1,1
102,1,955,667,40,40,1,1,1
102,2,754,1006,40,40,1,1,1
102,3,1478,860,40,40,1,1,1
102,4,1330,766,40,40,1,1,1
103,1,956,668,40,40,1,1,1
103,2,754,1004,40,40,1,1,1
103,3,1484,864,40,40,1,1,1
103,4,1326,762,40,40,1,1,1
104,1,956,668,40,40,1,1,1
104,2,752,1004,40,40,1,1,1
104,3,1489,866,40,40,1,1,1
104,4,1326,758,40,40,1,1,1
105,1,956,669,40,40,1,1,1
105,2,752,1004,40,40,1,1,1
105,3,1494,868,40,40,1,1,1
105,4,1322,754,40,40,1,1,1
106,1,958,669,40,40,1,1,1
106,2,750,1004,40,40,1,1,1
106,3,1500,868,40,40,1,1,1
106,4,1320,750,40,40,1,1,1
107,1,960,668,40,40,1,1,1
107,2,748,1004,40,40,1,1,1
107,3,1506,870,40,40,1,1,1
107,4,1318,746,40,40,1,1,1
108,1,960,669,40,40,1,1,1
108,2,748,1002,40,40,1,1,1
108,3,1512,868,40,40,1,1,1
108,4,1314,744,40,40,1,1,1
109,1,961,668,40,40,1,1,1
109,2,746,1002,40,40,1,1,1
109,3,1518,868,40,40,1,1,1
109,4,1308,741,40,40,1,1,1
110,1,962,668,40,40,1,1,1
110,2,744,1000,40,40,1,1,1
110,3,1522,870,40,40,1,1,1
110,4,1306,738,40,40,1,1,1
111,1,964,666,40,40,1,1,1
111,2,742,1002,40,40,1,1,1
111,3,1526,868,40,40,1,1,1
111,4,1300,735,40,40,1,1,1
112,1,964,666,40,40,1,1,1
112,2,740,1000,40,40,1,1,1
112,3,1530,868,40,40,1,1,1
112,4,1298,733,40,40,1,1,1
113,1,965,664,40,40,1,1,1
113,2,738,999,40,40,1,1,1
113,3,1532,866,40,40,1,1,1
113,4,1292,732,40,40,1,1,1
114,1,964,663,40,40,1,1,1
114,2,735,996,40,40,1,1,1
114,3,1534,864,40,40,1,1,1
114,4,1288,730,40,40,1,1,1
115,1,964,662,40,40,1,1,1
115,2,732,995,40,40,1,1,1
115,3,1536,863,40,40,1,1,1
115,4,1284,730,40,40,1,1,1
116,1,965,662,40,40,1,1,1
116,2,732,992,40,40,1,1,1
116,3,1540,860,40,40,1,1,1
116,4,1280,730,40,40,1,1,1
117,1,964,662,40,40,1,1,1
117,2,729,992,40,40,1,1,1
117,3,1540,860,40,40,1,1,1
117,4,1277,728,40,40,1,1,1
118,1,964,662,40,40,1,1,1
118,2,728,991,40,40,1,1,1
118,3,1539,858,40,40,1,1,1
118,4,1274,728,40,40,1,1,1
119,1,964,663,40,40,1,1,1
119,2,726,990,40,40,1,1,1
119,3,1539,858,40,40,1,1,1
119,4,1271,728,40,40,1,1,1
120,1,962,662,40,40,1,1,1
120,2,724,988,40,40,1,1,1
120,3,1539,858,40,40,1,1,1
120,4,1268,726,40,40,1,1,1
121,1,962,662,40,40,1,1,1
121,2,724,989,40,40,1,1,1
121,3,1539,858,40,40,1,1,1
121,4,1263,728,40,40,1,1,1
122,1,960,662,40,40,1,1,1
122,2,724,990,40,40,1,1,1
122,3,1539,858,40,40,1,1,1
122,4,1261,728,40,40,1,1,1
123,1,959,662,40,40,1,1,1
123,2,723,990,40,40,1,1,1
123,3,1537,858,40,40,1,1,1
123,4,1258,728,40,40,1,1,1
124,1,958,662,40,40,1,1,1
124,2,724,990,40,40,1,1,1
124,3,1536,858,40,40,1,1,1
124,4,1256,729,40,40,1,1,1
125,1,956,662,40,40,1,1,1
125,2,724,988,40,40,1,1,1
125,3,1533,856,40,40,1,1,1
125,4,1253,727,40,40,1,1,1
126,1,955,662,40,40,1,1,1
126,2,724,988,40,40,1,1,1
126,3,1534,856,40,40,1,1,1
126,4,1250,728,40,40,1,1,1
127,1,953,662,40,40,1,1,1
127,2,723,989,40,40,1,1,1
127,3,1533,856,40,40,1,1,1
127,4,1248,726,40,40,1,1,1
128,1,951,662,40,40,1,1,1
128,2,722,988,40,40,1,1,1
128,3,1534,857,40,40,1,1,1
128,4,1245,724,40,40,1,1,1
129,1,950,662,40,40,1,1,1
129,2,722,988,40,40,1,1,1
129,3,1534,857,40,40,1,1,1
129,4,1242,723,40,40,1,1,1
130,1,947,662,40,40,1,1,1
130,2,720,988,40,40,1,1,1
130,3,1534,857,40,40,1,1,1
130,4,1240,720,40,40,1,1,1
131,1,945,663,40,40,1,1,1
131,2,718,989,40,40,1,1,1
131,3,1534,857,40,40,1,1,1
131,4,1237,718,40,40,1,1,1
132,1,944,664,40,40,1,1,1
132,2,718,990,40,40,1,1,1
132,3,1537,857,40,40,1,1,1
132,4,1234,714,40,40,1,1,1
133,1,942,665,40,40,1,1,1
133,2,716,992,40,40,1,1,1
133,3,1539,858,40,40,1,1,1
133,4,1232,714,40,40,1,1,1
134,1,940,666,40,40,1,1,1
134,2,714,992,40,40,1,1,1
134,3,1540,856,40,40,1,1,1
134,4,1228,712,40,40,1,1,1
135,1,938,667,40,40,1,1,1
135,2,712,993,40,40,1,1,1
135,3,1542,858,40,40,1,1,1
135,4,1226,710,40,40,1,1,1
136,1,936,668,40,40,1,1,1
136,2,709,994,40,40,1,1,1
136,3,1544,856,40,40,1,1,1
136,4,1224,708,40,40,1,1,1
137,1,934,669,40,40,1,1,1
137,2,708,994,40,40,1,1,1
137,3,1544,856,40,40,1,1,1
137,4,1221,709,40,40,1,1,1
138,1,932,670,40,40,1,1,1
138,2,706,996,40,40,1,1,1
138,3,1546,854,40,40,1,1,1
138,4,1218,706,40,40,1,1,1
139,1,932,669,40,40,1,1,1
139,2,706,996,40,40,1,1,1
139,3,1549,852,40,40,1,1,1
139,4,1216,706,40,40,1,1,1
140,1,930,670,40,40,1,1,1
140,2,702,996,40,40,1,1,1
140,3,1550,850,40,40,1,1,1
140,4,1212,703,40,40,1,1,1
141,1,927,668,40,40,1,1,1
141,2,700,996,40,40,1,1,1
141,3,1552,850,40,40,1,1,1
141,4,1210,702,40,40,1,1,1
142,1,925,668,40,40,1,1,1
142,2,700,996,40,40,1,1,1
142,3,1554,847,40,40,1,1,1
142,4,1208,702,40,40,1,1,1
143,1,925,666,40,40,1,1,1
143,2,698,993,40,40,1,1,1
143,3,1554,845,40,40,1,1,1
143,4,1204,702,40,40,1,1,1
144,1,924,665,40,40,1,1,1
144,2,698,993,40,40,1,1,1
144,3,1554,846,40,40,1,1,1
144,4,1200,702,40,40,1,1,1
145,1,924,663,40,40,1,1,1
145,2,696,990,40,40,1,1,1
145,3,1550,848,40,40,1,1,1
145,4,1196,700,40,40,1,1,1
146,1,924,662,40,40,1,1,1
146,2,696,990,40,40,1,1,1
146,3,1554,850,40,40,1,1,1
146,4,1194,698,40,40,1,1,1
147,1,925,660,40,40,1,1,1
147,2,693,986,40,40,1,1,1
147,3,1555,850,40,40,1,1,1
147,4,1190,698,40,40,1,1,1
148,1,925,660,40,40,1,1,1
148,2,693,985,40,40,1,1,1
148,3,1555,852,40,40,1,1,1
148,4,1186,694,40,40,1,1,1
149,1,926,659,40,40,1,1,1
149,2,692,982,40,40,1,1,1
149,3,1554,854,40,40,1,1,1
149,4,1184,692,40,40,1,1,1
150,1,926,659,40,40,1,1,1
150,2,690,980,40,40,1,1,1
150,3,1555,854,40,40,1,1,1
150,4,1181,692,40,40,1,1,1
151,1,926,660,40,40,1,1,1
151,2,691,978,40,40,1,1,1
151,3,1556,857,40,40,1,1,1
151,4,1179,690,40,40,1,1,1
152,1,925,660,40,40,1,1,1
152,2,690,978,40,40,1,1,1
152,3,1557,858,40,40,1,1,1
152,4,1176,690,40,40,1,1,1
153,1,925,660,40,40,1,1,1
153,2,689,976,40,40,1,1,1
153,3,1557,858,40,40,1,1,1
153,4,1173,690,40,40,1,1,1
154,1,926,662,40,40,1,1,1
154,2,688,976,40,40,1,1,1
154,3,1558,856,40,40,1,1,1
154,4,1172,690,40,40,1,1,1
155,1,926,663,40,40,1,1,1
155,2,687,976,40,40,1,1,1
155,4,1171,690,40,40,1,1,1
156,1,924,664,40,40,1,1,1
156,2,685,975,40,40,1,1,1
156,4,1170,688,40,40,1,1,1
157,1,924,664,40,40,1,1,1
157,2,684,974,40,40,1,1,1
157,4,1168,688,40,40,1,1,1
158,1,924,664,40,40,1,1,1
158,2,682,973,40,40,1,1,1
158,4,1168,686,40,40,1,1,1
159,1,922,666,40,40,1,1,1
159,2,680,972,40,40,1,1,1
159,4,1166,688,40,40,1,1,1
160,1,920,666,40,40,1,1,1
160,2,677,972,40,40,1,1,1
160,4,1166,688,40,40,1,1,1
161,1,918,666,40,40,1,1,1
161,2,675,972,40,40,1,1,1
161,4,1166,686,40,40,1,1,1
162,1,918,666,40,40,1,1,1
162,2,672,970,40,40,1,1,1
162,4,1166,688,40,40,1,1,1
163,1,916,666,40,40,1,1,1
163,2,668,968,40,40,1,1,1
163,4,1166,686,40,40,1,1,1
164,1,914,666,40,40,1,1,1
164,2,664,968,40,40,1,1,1
164,4,1164,686,40,40,1,1,1
165,1,913,666,40,40,1,1,1
165,2,662,967,40,40,1,1,1
165,4,1162,684,40,40,1,1,1
166,1,911,664,40,40,1,1,1
166,2,659,967,40,40,1,1,1
166,4,1162,684,40,40,1,1,1
167,1,910,663,40,40,1,1,1
167,2,656,965,40,40,1,1,1
167,4,1160,684,40,40,1,1,1
168,1,908,661,40,40,1,1,1
168,2,652,965,40,40,1,1,1
168,4,1160,684,40,40,1,1,1
169,1,906,660,40,40,1,1,1
169,2,650,964,40,40,1,1,1
169,4,1156,680,40,40,1,1,1
170,1,905,660,40,40,1,1,1
170,2,648,964,40,40,1,1,1
170,4,1154,680,40,40,1,1,1
171,1,903,658,40,40,1,1,1
171,2,646,964,40,40,1,1,1
171,4,1150,680,40,40,1,1,1
171,5,1553,891,40,40,1,1,1
172,1,902,658,40,40,1,1,1
172,2,644,964,40,40,1,1,1
172,4,1146,679,40,40,1,1,1
172,5,1552,888,40,40,1,1,1
173,1,900,658,40,40,1,1,1
173,2,642,964,40,40,1,1,1
173,4,1142,678,40,40,1,1,1
173,5,1552,888,40,40,1,1,1
174,1,898,658,40,40,1,1,1
174,2,641,964,40,40,1,1,1
174,4,1138,674,40,40,1,1,1
174,5,1550,888,40,40,1,1,1
175,1,898,658,40,40,1,1,1
175,2,639,962,40,40,1,1,1
175,4,1136,673,40,40,1,1,1
175,5,1546,888,40,40,1,1,1
176,1,898,660,40,40,1,1,1
176,2,638,962,40,40,1,1,1
176,4,1130,672,40,40,1,1,1
176,5,1542,887,40,40,1,1,1
177,1,896,661,40,40,1,1,1
177,2,636,962,40,40,1,1,1
177,4,1126,670,40,40,1,1,1
177,5,1536,891,40,40,1,1,1
178,1,894,662,40,40,1,1,1
178,2,635,962,40,40,1,1,1
178,4,1124,667,40,40,1,1,1
178,5,1532,890,40,40,1,1,1
179,1,892,664,40,40,1,1,1
179,2,632,960,40,40,1,1,1
179,4,1120,667,40,40,1,1,1
179,5,1528,890,40,40,1,1,1
180,1,891,664,40,40,1,1,1
180,2,632,960,40,40,1,1,1
180,4,1118,666,40,40,1,1,1
180,5,1522,891,40,40,1,1,1
181,1,889,664,40,40,1,1,1
181,2,630,959,40,40,1,1,1
181,4,1116,666,40,40,1,1,1
181,5,1516,892,40,40,1,1,1
182,1,887,665,40,40,1,1,1
182,2,628,960,40,40,1,1,1
182,4,1112,666,40,40,1,1,1
182,5,1510,892,40,40,1,1,1
183,1,884,664,40,40,1,1,1
183,2,626,962,40,40,1,1,1
183,4,1110,667,40,40,1,1,1
183,5,1506,890,40,40,1,1,1
184,1,881,664,40,40,1,1,1
184,2,624,964,40,40,1,1,1
184,4,1109,668,40,40,1,1,1
184,5,1502,890,40,40,1,1,1
185,1,876,664,40,40,1,1,1
185,2,624,964,40,40,1,1,1
185,4,1106,666,40,40,1,1,1
185,5,1496,890,40,40,1,1,1
186,1,874,664,40,40,1,1,1
186,2,623,964,40,40,1,1,1
186,4,1104,666,40,40,1,1,1
186,5,1492,891,40,40,1,1,1
187,1,871,664,40,40,1,1,1
187,2,622,966,40,40,1,1,1
187,4,1102,666,40,40,1,1,1
187,5,1488,890,40,40,1,1,1
188,1,867,663,40,40,1,1,1
188,2,620,966,40,40,1,1,1
188,4,1100,667,40,40,1,1,1
188,5,1486,892,40,40,1,1,1
189,1,863,662,40,40,1,1,1
189,2,620,968,40,40,1,1,1
189,4,1096,666,40,40,1,1,1
189,5,1482,890,40,40,1,1,1
190,1,860,664,40,40,1,1,1
190,2,618,972,40,40,1,1,1
190,4,1094,668,40,40,1,1,1
190,5,1480,890,40,40,1,1,1
191,1,856,664,40,40,1,1,1
191,2,618,975,40,40,1,1,1
191,4,1092,667,40,40,1,1,1
191,5,1478,890,40,40,1,1,1
192,1,854,665,40,40,1,1,1
192,2,618,978,40,40,1,1,1
192,4,1086,666,40,40,1,1,1
192,5,1474,888,40,40,1,1,1
193,1,850,667,40,40,1,1,1
193,2,618,980,40,40,1,1,1
193,4,1082,664,40,40,1,1,1
193,5,1472,888,40,40,1,1,1
194,1,846,669,40,40,1,1,1
194,2,618,984,40,40,1,1,1
194,4,1078,663,40,40,1,1,1
194,5,1470,886,40,40,1,1,1
195,1,844,671,40,40,1,1,1
195,2,618,988,40,40,1,1,1
195,4,1072,661,40,40,1,1,1
195,5,1466,884,40,40,1,1,1
196,1,839,673,40,40,1,1,1
196,2,618,990,40,40,1,1,1
196,4,1070,661,40,40,1,1,1
196,5,1466,883,40,40,1,1,1
197,1,837,674,40,40,1,1,1
197,2,616,993,40,40,1,1,1
197,4,1064,660,40,40,1,1,1
197,5,1464,880,40,40,1,1,1
198,1,833,676,40,40,1,1,1
198,2,618,996,40,40,1,1,1
198,4,1060,659,40,40,1,1,1
198,5,1462,880,40,40,1,1,1
199,1,830,678,40,40,1,1,1
199,2,617,998,40,40,1,1,1
199,4,1056,658,40,40,1,1,1
199,5,1460,878,40,40,1,1,1
200,1,828,679,40,40,1,1,1
200,2,616,1001,40,40,1,1,1
200,4,1052,658,40,40,1,1,1
200,5,1458,877,40,40,1,1,1
201,1,826,680,40,40,1,1,1
201,2,616,1002,40,40,1,1,1
201,4,1048,658,40,40,1,1,1
201,5,1456,876,40,40,1,1,1
202,1,820,680,40,40,1,1,1
202,2,615,1004,40,40,1,1,1
202,4,1044,658,40,40,1,1,1
202,5,1454,876,40,40,1,1,1
203,1,817,680,40,40,1,1,1
203,2,614,1005,40,40,1,1,1
203,4,1044,660,40,40,1,1,1
203,5,1453,876,40,40,1,1,1
204,1,812,680,40,40,1,1,1
204,2,613,1005,40,40,1,1,1
204,4,1038,661,40,40,1,1,1
204,5,1451,876,40,40,1,1,1
205,1,809,678,40,40,1,1,1
205,2,612,1007,40,40,1,1,1
205,4,1036,662,40,40,1,1,1
205,5,1448,877,40,40,1,1,1
206,1,806,677,40,40,1,1,1
206,2,610,1008,40,40,1,1,1
206,4,1030,663,40,40,1,1,1
206,5,1445,878,40,40,1,1,1
207,1,802,675,40,40,1,1,1
207,2,608,1006,40,40,1,1,1
207,4,1028,663,40,40,1,1,1
207,5,1441,878,40,40,1,1,1
208,1,798,674,40,40,1,1,1
208,2,606,1006,40,40,1,1,1
208,4,1022,662,40,40,1,1,1
208,5,1438,876,40,40,1,1,1
209,1,794,672,40,40,1,1,1
209,2,604,1008,40,40,1,1,1
209,4,1019,663,40,40,1,1,1
209,5,1435,876,40,40,1,1,1
210,1,792,670,40,40,1,1,1
210,2,603,1009,40,40,1,1,1
210,4,1014,663,40,40,1,1,1
210,5,1432,876,40,40,1,1,1
211,1,788,670,40,40,1,1,1
211,2,602,1008,40,40,1,1,1
211,4,1011,662,40,40,1,1,1
211,5,1429,876,40,40,1,1,1
212,1,784,668,40,40,1,1,1
212,2,600,1008,40,40,1,1,1
212,4,1006,661,40,40,1,1,1
212,5,1424,874,40,40,1,1,1
213,1,780,668,40,40,1,1,1
213,2,600,1010,40,40,1,1,1
213,4,1003,661,40,40,1,1,1
213,5,1422,873,40,40,1,1,1
214,1,777,668,40,40,1,1,1
214,2,598,1010,40,40,1,1,1
214,4,998,662,40,40,1,1,1
214,5,1420,871,40,40,1,1,1
215,1,775,668,40,40,1,1,1
215,2,596,1010,40,40,1,1,1
215,4,994,662,40,40,1,1,1
215,5,1418,870,40,40,1,1,1
216,1,772,666,40,40,1,1,1
216,2,596,1010,40,40,1,1,1
216,4,992,662,40,40,1,1,1
216,5,1414,866,40,40,1,1,1
217,1,768,666,40,40,1,1,1
217,2,594,1010,40,40,1,1,1
217,4,988,663,40,40,1,1,1
217,5,1412,864,40,40,1,1,1
218,1,762,666,40,40,1,1,1
218,2,592,1010,40,40,1,1,1
218,4,983,664,40,40,1,1,1
218,5,1410,862,40,40,1,1,1
219,1,760,666,40,40,1,1,1
219,2,590,1010,40,40,1,1,1
219,4,981,666,40,40,1,1,1
219,5,1406,858,40,40,1,1,1
220,1,756,663,40,40,1,1,1
220,2,588,1010,40,40,1,1,1
220,4,977,664,40,40,1,1,1
220,5,1406,856,40,40,1,1,1
221,1,752,666,40,40,1,1,1
221,2,586,1010,40,40,1,1,1
221,4,972,663,40,40,1,1,1
221,5,1404,853,40,40,1,1,1
222,1,750,669,40,40,1,1,1
222,2,584,1008,40,40,1,1,1
222,4,970,663,40,40,1,1,1
222,5,1404,850,40,40,1,1,1
223,1,748,669,40,40,1,1,1
223,2,582,1008,40,40,1,1,1
223,4,966,665,40,40,1,1,1
223,5,1400,846,40,40,1,1,1
224,1,740,669,40,40,1,1,1
224,2,579,1007,40,40,1,1,1
224,4,961,663,40,40,1,1,1
224,5,1402,842,40,40,1,1,1
225,1,738,668,40,40,1,1,1
225,2,577,1005,40,40,1,1,1
225,4,958,666,40,40,1,1,1
225,5,1400,836,40,40,1,1,1
226,1,734,672,40,40,1,1,1
226,2,574,1004,40,40,1,1,1
226,4,955,667,40,40,1,1,1
226,5,1398,834,40,40,1,1,1
227,1,730,672,40,40,1,1,1
227,2,572,1004,40,40,1,1,1
227,4,950,668,40,40,1,1,1
227,5,1398,830,40,40,1,1,1
228,1,727,674,40,40,1,1,1
228,2,570,1002,40,40,1,1,1
228,4,947,668,40,40,1,1,1
228,5,1396,826,40,40,1,1,1
229,1,724,674,40,40,1,1,1
229,2,567,1001,40,40,1,1,1
229,4,943,670,40,40,1,1,1
229,5,1396,821,40,40,1,1,1
230,1,719,674,40,40,1,1,1
230,2,564,999,40,40,1,1,1
230,4,938,672,40,40,1,1,1
230,5,1394,819,40,40,1,1,1
231,1,718,675,40,40,1,1,1
231,2,562,998,40,40,1,1,1
231,4,934,671,40,40,1,1,1
231,5,1392,816,40,40,1,1,1
232,1,714,674,40,40,1,1,1
232,2,560,998,40,40,1,1,1
232,4,928,670,40,40,1,1,1
232,5,1390,816,40,40,1,1,1
233,1,710,670,40,40,1,1,1
233,2,558,996,40,40,1,1,1
233,4,924,671,40,40,1,1,1
233,5,1390,812,40,40,1,1,1
234,1,706,671,40,40,1,1,1
234,2,556,993,40,40,1,1,1
234,4,920,672,40,40,1,1,1
234,5,1388,812,40,40,1,1,1
235,1,703,670,40,40,1,1,1
235,2,554,992,40,40,1,1,1
235,4,916,670,40,40,1,1,1
235,5,1386,810,40,40,1,1,1
236,1,700,670,40,40,1,1,1
236,2,550,990,40,40,1,1,1
236,4,912,667,40,40,1,1,1
236,5,1382,808,40,40,1,1,1
237,1,696,668,40,40,1,1,1
237,2,550,989,40,40,1,1,1
237,4,908,664,40,40,1,1,1
237,5,1380,806,40,40,1,1,1
238,1,694,667,40,40,1,1,1
238,2,547,987,40,40,1,1,1
238,4,906,661,40,40,1,1,1
238,5,1376,804,40,40,1,1,1
239,1,690,666,40,40,1,1,1
239,2,546,985,40,40,1,1,1
239,4,902,656,40,40,1,1,1
239,5,1372,802,40,40,1,1,1
240,1,686,665,40,40,1,1,1
240,2,544,985,40,40,1,1,1
240,4,898,652,40,40,1,1,1
240,5,1368,802,40,40,1,1,1
241,1,684,664,40,40,1,1,1
241,2,542,982,40,40,1,1,1
241,4,895,651,40,40,1,1,1
241,5,1364,800,40,40,1,1,1
242,1,682,664,40,40,1,1,1
242,2,541,982,40,40,1,1,1
242,4,892,648,40,40,1,1,1
242,5,1358,798,40,40,1,1,1
243,1,678,663,40,40,1,1,1
243,2,540,982,40,40,1,1,1
243,4,891,648,40,40,1,1,1
243,5,1354,798,40,40,1,1,1
244,1,676,662,40,40,1,1,1
244,2,538,978,40,40,1,1,1
244,4,889,648,40,40,1,1,1
244,5,1350,800,40,40,1,1,1
245,1,672,662,40,40,1,1,1
245,2,537,980,40,40,1,1,1
245,4,888,648,40,40,1,1,1
245,5,1346,800,40,40,1,1,1
246,1,670,662,40,40,1,1,1
246,2,534,979,40,40,1,1,1
246,4,887,650,40,40,1,1,1
246,5,1340,800,40,40,1,1,1
247,1,667,663,40,40,1,1,1
247,2,532,978,40,40,1,1,1
247,4,887,650,40,40,1,1,1
247,5,1337,800,40,40,1,1,1
248,1,663,664,40,40,1,1,1
248,2,530,978,40,40,1,1,1
248,4,886,648,40,40,1,1,1
248,5,1332,801,40,40,1,1,1
249,1,660,664,40,40,1,1,1
249,2,526,976,40,40,1,1,1
249,4,885,648,40,40,1,1,1
249,5,1329,803,40,40,1,1,1
250,1,658,666,40,40,1,1,1
250,2,524,976,40,40,1,1,1
250,4,884,648,40,40,1,1,1
250,5,1326,803,40,40,1,1,1
251,1,654,668,40,40,1,1,1
251,2,521,976,40,40,1,1,1
251,4,884,650,40,40,1,1,1
251,5,1324,805,40,40,1,1,1
252,1,650,669,40,40,1,1,1
252,2,518,976,40,40,1,1,1
252,4,883,650,40,40,1,1,1
252,5,1320,808,40,40,1,1,1
253,1,648,670,40,40,1,1,1
253,2,516,976,40,40,1,1,1
253,4,881,655,40,40,1,1,1
253,5,1319,810,40,40,1,1,1
254,1,645,672,40,40,1,1,1
254,2,512,973,40,40,1,1,1
254,4,880,656,40,40,1,1,1
254,5,1316,814,40,40,1,1,1
255,1,642,672,40,40,1,1,1
255,2,510,973,40,40,1,1,1
255,4,879,658,40,40,1,1,1
255,5,1316,818,40,40,1,1,1
256,1,638,674,40,40,1,1,1
256,2,507,973,40,40,1,1,1
256,4,876,660,40,40,1,1,1
256,5,1314,822,40,40,1,1,1
257,1,634,675,40,40,1,1,1
257,2,505,973,40,40,1,1,1
257,4,873,660,40,40,1,1,1
257,5,1314,826,40,40,1,1,1
258,1,632,674,40,40,1,1,1
258,2,502,973,40,40,1,1,1
258,4,869,663,40,40,1,1,1
258,5,1312,830,40,40,1,1,1
259,1,628,675,40,40,1,1,1
259,2,498,973,40,40,1,1,1
259,4,866,664,40,40,1,1,1
259,5,1311,834,40,40,1,1,1
260,1,624,674,40,40,1,1,1
260,2,496,972,40,40,1,1,1
260,4,860,666,40,40,1,1,1
260,5,1311,838,40,40,1,1,1
261,1,622,674,40,40,1,1,1
261,2,494,972,40,40,1,1,1
261,4,857,668,40,40,1,1,1
261,5,1310,842,40,40,1,1,1
262,1,618,673,40,40,1,1,1
262,2,490,972,40,40,1,1,1
262,4,852,668,40,40,1,1,1
262,5,1311,846,40,40,1,1,1
263,1,616,672,40,40,1,1,1
263,2,489,970,40,40,1,1,1
263,4,850,668,40,40,1,1,1
263,5,1310,850,40,40,1,1,1
264,1,611,670,40,40,1,1,1
264,2,486,970,40,40,1,1,1
264,4,847,668,40,40,1,1,1
264,5,1310,853,40,40,1,1,1
265,1,610,670,40,40,1,1,1
265,2,484,968,40,40,1,1,1
265,4,844,668,40,40,1,1,1
265,5,1310,857,40,40,1,1,1
266,1,608,670,40,40,1,1,1
266,2,483,970,40,40,1,1,1
266,4,840,668,40,40,1,1,1
266,5,1312,860,40,40,1,1,1
267,1,606,670,40,40,1,1,1
267,2,481,969,40,40,1,1,1
267,4,839,666,40,40,1,1,1
267,5,1312,864,40,40,1,1,1
268,1,604,669,40,40,1,1,1
268,2,478,969,40,40,1,1,1
268,4,838,666,40,40,1,1,1
268,5,1312,868,40,40,1,1,1
269,1,602,668,40,40,1,1,1
269,2,479,969,40,40,1,1,1
269,4,838,664,40,40,1,1,1
269,5,1314,870,40,40,1,1,1
270,1,600,668,40,40,1,1,1
270,2,478,967,40,40,1,1,1
270,4,840,663,40,40,1,1,1
270,5,1314,872,40,40,1,1,1
271,1,598,668,40,40,1,1,1
271,2,476,967,40,40,1,1,1
271,4,842,662,40,40,1,1,1
271,5,1314,873,40,40,1,1,1
272,1,596,668,40,40,1,1,1
272,2,476,966,40,40,1,1,1
272,4,844,660,40,40,1,1,1
272,5,1316,874,40,40,1,1,1
273,1,594,669,40,40,1,1,1
273,2,476,965,40,40,1,1,1
273,4,847,658,40,40,1,1,1
273,5,1318,874,40,40,1,1,1
274,1,593,670,40,40,1,1,1
274,2,475,964,40,40,1,1,1
274,4,848,658,40,40,1,1,1
274,5,1320,874,40,40,1,1,1
275,1,590,672,40,40,1,1,1
275,2,475,962,40,40,1,1,1
275,4,852,656,40,40,1,1,1
275,5,1322,874,40,40,1,1,1
276,1,587,674,40,40,1,1,1
276,2,472,962,40,40,1,1,1
276,4,855,656,40,40,1,1,1
276,5,1322,874,40,40,1,1,1
277,1,584,676,40,40,1,1,1
277,2,472,962,40,40,1,1,1
277,4,856,656,40,40,1,1,1
277,5,1322,872,40,40,1,1,1
278,1,582,676,40,40,1,1,1
278,2,470,964,40,40,1,1,1
278,4,859,656,40,40,1,1,1
278,5,1321,870,40,40,1,1,1
279,1,578,678,40,40,1,1,1
279,2,470,964,40,40,1,1,1
279,4,861,656,40,40,1,1,1
279,5,1322,868,40,40,1,1,1
280,1,572,678,40,40,1,1,1
280,2,466,965,40,40,1,1,1
280,4,863,656,40,40,1,1,1
280,5,1322,868,40,40,1,1,1
281,1,569,678,40,40,1,1,1
281,2,465,966,40,40,1,1,1
281,4,864,656,40,40,1,1,1
281,5,1322,868,40,40,1,1,1
282,1,565,678,40,40,1,1,1
282,2,462,966,40,40,1,1,1
282,4,866,656,40,40,1,1,1
282,5,1320,870,40,40,1,1,1
283,1,560,678,40,40,1,1,1
283,2,458,967,40,40,1,1,1
283,4,869,656,40,40,1,1,1
283,5,1319,872,40,40,1,1,1
284,1,556,678,40,40,1,1,1
284,2,454,968,40,40,1,1,1
284,4,869,656,40,40,1,1,1
284,5,1318,874,40,40,1,1,1
285,1,551,678,40,40,1,1,1
285,2,454,968,40,40,1,1,1
285,4,870,656,40,40,1,1,1
285,5,1315,876,40,40,1,1,1
286,1,546,678,40,40,1,1,1
286,2,450,972,40,40,1,1,1
286,4,872,656,40,40,1,1,1
286,5,1310,876,40,40,1,1,1
287,1,544,678,40,40,1,1,1
287,2,449,973,40,40,1,1,1
287,4,874,656,40,40,1,1,1
287,5,1306,878,40,40,1,1,1
288,1,538,678,40,40,1,1,1
288,2,447,974,40,40,1,1,1
288,4,876,656,40,40,1,1,1
288,5,1302,878,40,40,1,1,1
289,1,534,678,40,40,1,1,1
289,2,445,978,40,40,1,1,1
289,4,878,656,40,40,1,1,1
289,5,1298,880,40,40,1,1,1
290,1,530,678,40,40,1,1,1
290,2,444,980,40,40,1,1,1
290,4,880,656,40,40,1,1,1
290,5,1296,880,40,40,1,1,1
291,1,526,680,40,40,1,1,1
291,2,441,982,40,40,1,1,1
291,4,882,658,40,40,1,1,1
291,5,1290,878,40,40,1,1,1
292,1,523,681,40,40,1,1,1
292,2,442,984,40,40,1,1,1
292,4,884,656,40,40,1,1,1
292,5,1288,877,40,40,1,1,1
293,1,520,681,40,40,1,1,1
293,2,440,986,40,40,1,1,1
293,4,884,656,40,40,1,1,1
293,5,1284,873,40,40,1,1,1
294,1,518,682,40,40,1,1,1
294,2,439,987,40,40,1,1,1
294,4,889,656,40,40,1,1,1
294,5,1282,872,40,40,1,1,1
295,1,514,682,40,40,1,1,1
295,2,438,989,40,40,1,1,1
295,4,891,656,40,40,1,1,1
295,5,1280,868,40,40,1,1,1
296,1,512,682,40,40,1,1,1
296,2,436,990,40,40,1,1,1
296,4,892,656,40,40,1,1,1
296,5,1278,866,40,40,1,1,1
297,1,508,680,40,40,1,1,1
297,2,436,992,40,40,1,1,1
297,4,898,656,40,40,1,1,1
297,5,1278,864,40,40,1,1,1
298,1,504,680,40,40,1,1,1
298,2,433,992,40,40,1,1,1
298,4,900,656,40,40,1,1,1
298,5,1276,862,40,40,1,1,1
299,1,499,678,40,40,1,1,1
299,2,430,992,40,40,1,1,1
299,4,899,656,40,40,1,1,1
299,5,1276,858,40,40,1,1,1
300,1,496,677,40,40,1,1,1
300,2,428,992,40,40,1,1,1
300,4,906,656,40,40,1,1,1
300,5,1276,856,40,40,1,1,1
301,1,494,676,40,40,1,1,1
301,2,425,992,40,40,1,1,1
301,4,910,658,40,40,1,1,1
301,5,1278,854,40,40,1,1,1
302,1,492,674,40,40,1,1,1
302,2,420,991,40,40,1,1,1
302,4,913,658,40,40,1,1,1
302,5,1280,852,40,40,1,1,1
303,1,490,674,40,40,1,1,1
303,2,418,994,40,40,1,1,1
303,4,918,660,40,40,1,1,1
303,5,1282,848,40,40,1,1,1
304,1,487,673,40,40,1,1,1
304,2,415,994,40,40,1,1,1
304,4,924,660,40,40,1,1,1
304,5,1282,846,40,40,1,1,1
305,1,485,673,40,40,1,1,1
305,2,412,994,40,40,1,1,1
305,4,929,660,40,40,1,1,1
305,5,1284,844,40,40,1,1,1
306,1,482,672,40,40,1,1,1
306,2,406,996,40,40,1,1,1
306,4,932,660,40,40,1,1,1
306,5,1287,842,40,40,1,1,1
307,1,481,674,40,40,1,1,1
307,2,402,996,40,40,1,1,1
307,4,935,660,40,40,1,1,1
307,5,1290,842,40,40,1,1,1
308,1,478,676,40,40,1,1,1
308,2,398,999,40,40,1,1,1
308,4,938,663,40,40,1,1,1
308,5,1291,841,40,40,1,1,1
309,1,477,678,40,40,1,1,1
309,2,396,999,40,40,1,1,1
309,4,943,664,40,40,1,1,1
309,5,1292,840,40,40,1,1,1
310,1,476,682,40,40,1,1,1
310,2,390,999,40,40,1,1,1
310,4,946,667,40,40,1,1,1
310,5,1294,838,40,40,1,1,1
311,1,472,682,40,40,1,1,1
311,2,392,1000,40,40,1,1,1
311,4,949,668,40,40,1,1,1
311,5,1294,836,40,40,1,1,1
312,1,470,685,40,40,1,1,1
312,2,389,1000,40,40,1,1,1
312,4,953,670,40,40,1,1,1
312,5,1292,836,40,40,1,1,1
313,1,468,686,40,40,1,1,1
313,2,388,1000,40,40,1,1,1
313,4,955,671,40,40,1,1,1
313,5,1292,836,40,40,1,1,1
314,1,466,688,40,40,1,1,1
314,2,386,999,40,40,1,1,1
314,4,959,670,40,40,1,1,1
314,5,1290,834,40,40,1,1,1
315,1,462,687,40,40,1,1,1
315,2,385,998,40,40,1,1,1
315,4,960,671,40,40,1,1,1
315,5,1288,834,40,40,1,1,1
316,1,460,688,40,40,1,1,1
316,2,384,997,40,40,1,1,1
316,4,964,670,40,40,1,1,1
316,5,1286,835,40,40,1,1,1
317,1,452,686,40,40,1,1,1
317,2,384,996,40,40,1,1,1
317,4,968,671,40,40,1,1,1
317,5,1284,837,40,40,1,1,1
318,1,452,686,40,40,1,1,1
318,2,384,995,40,40,1,1,1
318,4,972,669,40,40,1,1,1
318,5,1282,838,40,40,1,1,1
319,1,448,685,40,40,1,1,1
319,2,384,994,40,40,1,1,1
319,4,974,668,40,40,1,1,1
319,5,1282,840,40,40,1,1,1
320,1,446,684,40,40,1,1,1
320,2,384,994,40,40,1,1,1
320,4,976,666,40,40,1,1,1
320,5,1280,840,40,40,1,1,1
321,1,443,683,40,40,1,1,1
321,2,384,994,40,40,1,1,1
321,4,986,666,40,40,1,1,1
321,5,1276,842,40,40,1,1,1
322,1,440,682,40,40,1,1,1
322,2,383,993,40,40,1,1,1
322,4,988,668,40,40,1,1,1
322,5,1274,842,40,40,1,1,1
323,1,438,680,40,40,1,1,1
323,2,382,994,40,40,1,1,1
323,4,993,666,40,40,1,1,1
323,5,1270,844,40,40,1,1,1
324,1,435,681,40,40,1,1,1
324,2,382,993,40,40,1,1,1
324,4,1001,667,40,40,1,1,1
324,5,1268,844,40,40,1,1,1
325,1,434,681,40,40,1,1,1
325,2,381,993,40,40,1,1,1
325,4,1006,668,40,40,1,1,1
325,5,1266,842,40,40,1,1,1
326,1,431,680,40,40,1,1,1
326,2,380,992,40,40,1,1,1
326,4,1008,668,40,40,1,1,1
326,5,1262,842,40,40,1,1,1
327,1,429,680,40,40,1,1,1
327,2,380,992,40,40,1,1,1
327,4,1017,670,40,40,1,1,1
327,5,1260,841,40,40,1,1,1
328,1,428,682,40,40,1,1,1
328,2,380,992,40,40,1,1,1
328,4,1022,671,40,40,1,1,1
328,5,1258,840,40,40,1,1,1
329,1,425,680,40,40,1,1,1
329,2,378,992,40,40,1,1,1
329,4,1024,673,40,40,1,1,1
329,5,1256,840,40,40,1,1,1
330,1,423,679,40,40,1,1,1
330,2,377,992,40,40,1,1,1
330,4,1031,674,40,40,1,1,1
330,5,1252,838,40,40,1,1,1
331,1,421,680,40,40,1,1,1
331,2,375,992,40,40,1,1,1
331,4,1035,676,40,40,1,1,1
331,5,1250,838,40,40,1,1,1
332,1,420,680,40,40,1,1,1
332,2,372,992,40,40,1,1,1
332,4,1042,676,40,40,1,1,1
332,5,1248,837,40,40,1,1,1
333,1,420,682,40,40,1,1,1
333,2,368,992,40,40,1,1,1
333,4,1046,676,40,40,1,1,1
333,5,1244,837,40,40,1,1,1
334,1,420,682,40,40,1,1,1
334,2,365,992,40,40,1,1,1
334,4,1052,676,40,40,1,1,1
334,5,1244,836,40,40,1,1,1
335,1,417,684,40,40,1,1,1
335,2,360,992,40,40,1,1,1
335,4,1056,676,40,40,1,1,1
335,5,1242,834,40,40,1,1,1
336,1,416,684,40,40,1,1,1
336,2,356,994,40,40,1,1,1
336,4,1064,674,40,40,1,1,1
336,5,1240,834,40,40,1,1,1
337,1,414,686,40,40,1,1,1
337,2,352,994,40,40,1,1,1
337,4,1068,674,40,40,1,1,1
337,5,1238,832,40,40,1,1,1
338,1,412,687,40,40,1,1,1
338,2,348,995,40,40,1,1,1
338,4,1074,673,40,40,1,1,1
338,5,1236,832,40,40,1,1,1
339,1,412,689,40,40,1,1,1
339,2,344,996,40,40,1,1,1
339,4,1078,673,40,40,1,1,1
339,5,1236,832,40,40,1,1,1
340,1,410,688,40,40,1,1,1
340,2,342,998,40,40,1,1,1
340,4,1084,671,40,40,1,1,1
340,5,1234,831,40,40,1,1,1
341,1,409,688,40,40,1,1,1
341,2,340,996,40,40,1,1,1
341,4,1086,667,40,40,1,1,1
341,5,1234,831,40,40,1,1,1
342,1,410,689,40,40,1,1,1
342,2,340,996,40,40,1,1,1
342,4,1090,665,40,40,1,1,1
342,5,1232,831,40,40,1,1,1
343,1,408,690,40,40,1,1,1
343,2,338,998,40,40,1,1,1
343,4,1092,659,40,40,1,1,1
343,5,1232,831,40,40,1,1,1
344,1,409,690,40,40,1,1,1
344,2,338,998,40,40,1,1,1
344,4,1094,656,40,40,1,1,1
344,5,1232,829,40,40,1,1,1
345,1,409,689,40,40,1,1,1
345,2,338,996,40,40,1,1,1
345,4,1096,652,40,40,1,1,1
345,5,1230,828,40,40,1,1,1
346,1,409,688,40,40,1,1,1
346,2,338,996,40,40,1,1,1
346,4,1098,650,40,40,1,1,1
346,5,1230,830,40,40,1,1,1
347,1,410,686,40,40,1,1,1
347,2,338,996,40,40,1,1,1
347,4,1100,649,40,40,1,1,1
347,5,1230,828,40,40,1,1,1
348,1,411,686,40,40,1,1,1
348,2,340,996,40,40,1,1,1
348,4,1102,648,40,40,1,1,1
348,5,1230,829,40,40,1,1,1
349,1,414,686,40,40,1,1,1
349,2,340,996,40,40,1,1,1
349,4,1102,650,40,40,1,1,1
349,5,1228,830,40,40,1,1,1
350,1,414,684,40,40,1,1,1
350,2,342,996,40,40,1,1,1
350,4,1104,652,40,40,1,1,1
350,5,1228,830,40,40,1,1,1
351,1,417,683,40,40,1,1,1
351,2,344,994,40,40,1,1,1
351,4,1108,654,40,40,1,1,1
351,5,1228,828,40,40,1,1,1
352,1,420,680,40,40,1,1,1
352,2,346,994,40,40,1,1,1
352,4,1110,658,40,40,1,1,1
352,5,1228,828,40,40,1,1,1
353,1,422,680,40,40,1,1,1
353,2,349,992,40,40,1,1,1
353,4,1112,660,40,40,1,1,1
353,5,1226,827,40,40,1,1,1
354,1,426,680,40,40,1,1,1
354,2,352,990,40,40,1,1,1
354,4,1112,664,40,40,1,1,1
354,5,1226,826,40,40,1,1,1
355,1,428,679,40,40,1,1,1
355,2,354,987,40,40,1,1,1
355,4,1116,666,40,40,1,1,1
355,5,1224,824,40,40,1,1,1
356,1,432,678,40,40,1,1,1
356,2,356,986,40,40,1,1,1
356,4,1118,670,40,40,1,1,1
356,5,1224,820,40,40,1,1,1
357,1,435,677,40,40,1,1,1
357,2,359,984,40,40,1,1,1
357,4,1120,672,40,40,1,1,1
357,5,1222,816,40,40,1,1,1
358,1,438,677,40,40,1,1,1
358,2,362,982,40,40,1,1,1
358,4,1122,675,40,40,1,1,1
358,5,1222,813,40,40,1,1,1
359,1,440,676,40,40,1,1,1
359,2,365,982,40,40,1,1,1
359,4,1126,674,40,40,1,1,1
359,5,1220,810,40,40,1,1,1
360,1,444,675,40,40,1,1,1
360,2,366,980,40,40,1,1,1
360,4,1128,676,40,40,1,1,1
360,5,1218,806,40,40,1,1,1
361,1,446,675,40,40,1,1,1
361,2,369,979,40,40,1,1,1
361,4,1131,676,40,40,1,1,1
361,5,1218,802,40,40,1,1,1
362,1,448,674,40,40,1,1,1
362,2,371,978,40,40,1,1,1
362,4,1133,678,40,40,1,1,1
362,5,1216,798,40,40,1,1,1
363,1,452,674,40,40,1,1,1
363,2,372,976,40,40,1,1,1
363,4,1136,678,40,40,1,1,1
363,5,1216,796,40,40,1,1,1
364,1,454,673,40,40,1,1,1
364,2,372,976,40,40,1,1,1
364,4,1141,678,40,40,1,1,1
364,5,1216,791,40,40,1,1,1
365,1,456,676,40,40,1,1,1
365,2,374,976,40,40,1,1,1
365,4,1144,680,40,40,1,1,1
365,5,1214,788,40,40,1,1,1
366,1,458,675,40,40,1,1,1
366,2,374,976,40,40,1,1,1
366,4,1148,680,40,40,1,1,1
366,5,1215,786,40,40,1,1,1
367,1,458,677,40,40,1,1,1
367,2,374,973,40,40,1,1,1
367,4,1152,682,40,40,1,1,1
367,5,1212,780,40,40,1,1,1
368,1,459,678,40,40,1,1,1
368,2,372,972,40,40,1,1,1
368,4,1156,684,40,40,1,1,1
368,5,1212,778,40,40,1,1,1
369,1,460,681,40,40,1,1,1
369,2,372,972,40,40,1,1,1
369,4,1160,684,40,40,1,1,1
369,5,1212,772,40,40,1,1,1
370,1,461,680,40,40,1,1,1
370,2,372,972,40,40,1,1,1
370,4,1165,684,40,40,1,1,1
370,5,1212,770,40,40,1,1,1
371,1,461,683,40,40,1,1,1
371,2,370,971,40,40,1,1,1
371,4,1168,688,40,40,1,1,1
371,5,1212,766,40,40,1,1,1
372,1,460,684,40,40,1,1,1
372,2,370,970,40,40,1,1,1
372,4,1171,688,40,40,1,1,1
372,5,1212,766,40,40,1,1,1
373,1,460,685,40,40,1,1,1
373,2,367,971,40,40,1,1,1
373,4,1173,690,40,40,1,1,1
373,5,1212,762,40,40,1,1,1
374,1,459,685,40,40,1,1,1
374,2,365,972,40,40,1,1,1
374,4,1174,692,40,40,1,1,1
374,5,1212,759,40,40,1,1,1
375,1,462,684,40,40,1,1,1
375,2,362,970,40,40,1,1,1
375,4,1176,690,40,40,1,1,1
375,5,1214,758,40,40,1,1,1
376,1,462,684,40,40,1,1,1
376,2,360,970,40,40,1,1,1
376,4,1176,690,40,40,1,1,1
376,5,1212,751,40,40,1,1,1
377,1,462,682,40,40,1,1,1
377,2,358,970,40,40,1,1,1
377,4,1174,688,40,40,1,1,1
377,5,1216,752,40,40,1,1,1
378,1,464,680,40,40,1,1,1
378,2,356,970,40,40,1,1,1
378,4,1174,686,40,40,1,1,1
378,5,1216,748,40,40,1,1,1
379,1,466,680,40,40,1,1,1
379,2,354,969,40,40,1,1,1
379,4,1172,684,40,40,1,1,1
379,5,1218,747,40,40,1,1,1
380,1,468,678,40,40,1,1,1
380,2,352,968,40,40,1,1,1
380,4,1170,680,40,40,1,1,1
380,5,1218,744,40,40,1,1,1
381,1,470,678,40,40,1,1,1
381,2,350,967,40,40,1,1,1
381,4,1168,681,40,40,1,1,1
381,5,1220,744,40,40,1,1,1
382,1,470,678,40,40,1,1,1
382,2,348,968,40,40,1,1,1
382,4,1166,676,40,40,1,1,1
382,5,1220,744,40,40,1,1,1
383,1,474,676,40,40,1,1,1
383,2,348,966,40,40,1,1,1
383,4,1164,676,40,40,1,1,1
383,5,1222,745,40,40,1,1,1
384,1,474,676,40,40,1,1,1
384,2,347,965,40,40,1,1,1
384,4,1160,674,40,40,1,1,1
384,5,1220,746,40,40,1,1,1
385,1,476,676,40,40,1,1,1
385,2,346,964,40,40,1,1,1
385,4,1156,670,40,40,1,1,1
385,5,1222,748,40,40,1,1,1
386,1,480,678,40,40,1,1,1
386,2,345,964,40,40,1,1,1
386,4,1154,668,40,40,1,1,1
386,5,1222,749,40,40,1,1,1
387,1,482,676,40,40,1,1,1
387,2,346,962,40,40,1,1,1
387,4,1152,668,40,40,1,1,1
387,5,1222,752,40,40,1,1,1
388,1,484,676,40,40,1,1,1
388,2,346,960,40,40,1,1,1
388,4,1146,666,40,40,1,1,1
388,5,1220,754,40,40,1,1,1
389,1,485,676,40,40,1,1,1
389,2,346,958,40,40,1,1,1
389,4,1144,663,40,40,1,1,1
389,5,1220,760,40,40,1,1,1
390,1,490,676,40,40,1,1,1
390,2,346,956,40,40,1,1,1
390,4,1142,662,40,40,1,1,1
390,5,1218,762,40,40,1,1,1
391,1,490,676,40,40,1,1,1
391,2,346,956,40,40,1,1,1
391,4,1136,660,40,40,1,1,1
391,5,1216,765,40,40,1,1,1
392,1,492,675,40,40,1,1,1
392,2,347,953,40,40,1,1,1
392,4,1134,658,40,40,1,1,1
392,5,1216,769,40,40,1,1,1
393,1,492,675,40,40,1,1,1
393,2,347,953,40,40,1,1,1
393,4,1132,660,40,40,1,1,1
393,5,1212,772,40,40,1,1,1
394,1,492,673,40,40,1,1,1
394,2,345,950,40,40,1,1,1
394,4,1128,660,40,40,1,1,1
394,5,1212,776,40,40,1,1,1
395,1,494,674,40,40,1,1,1
395,2,346,950,40,40,1,1,1
395,4,1126,660,40,40,1,1,1
395,5,1210,778,40,40,1,1,1
396,1,494,674,40,40,1,1,1
396,2,346,950,40,40,1,1,1
396,4,1122,660,40,40,1,1,1
396,5,1210,782,40,40,1,1,1
397,1,497,674,40,40,1,1,1
397,2,346,948,40,40,1,1,1
397,4,1122,660,40,40,1,1,1
397,5,1208,785,40,40,1,1,1
398,1,497,672,40,40,1,1,1
398,2,346,947,40,40,1,1,1
398,4,1120,660,40,40,1,1,1
398,5,1207,789,40,40,1,1,1
399,1,500,672,40,40,1,1,1
399,2,346,947,40,40,1,1,1
399,4,1118,662,40,40,1,1,1
399,5,1207,793,40,40,1,1,1
400,1,501,672,40,40,1,1,1
400,2,346,946,40,40,1,1,1
400,4,1114,664,40,40,1,1,1
400,5,1210,797,40,40,1,1,1
401,1,502,672,40,40,1,1,1
401,2,344,945,40,40,1,1,1
401,4,1112,666,40,40,1,1,1
401,5,1210,799,40,40,1,1,1
402,1,506,672,40,40,1,1,1
402,2,344,944,40,40,1,1,1
402,4,1111,666,40,40,1,1,1
402,5,1212,803,40,40,1,1,1
403,1,508,673,40,40,1,1,1
403,2,344,942,40,40,1,1,1
403,4,1108,666,40,40,1,1,1
403,5,1213,806,40,40,1,1,1
404,1,508,674,40,40,1,1,1
404,2,343,940,40,40,1,1,1
404,4,1106,666,40,40,1,1,1
404,5,1215,808,40,40,1,1,1
405,1,511,674,40,40,1,1,1
405,2,342,938,40,40,1,1,1
405,4,1104,668,40,40,1,1,1
405,5,1218,810,40,40,1,1,1
406,1,512,674,40,40,1,1,1
406,2,342,935,40,40,1,1,1
406,4,1101,670,40,40,1,1,1
406,5,1221,813,40,40,1,1,1
407,1,513,674,40,40,1,1,1
407,2,342,932,40,40,1,1,1
407,4,1099,670,40,40,1,1,1
407,5,1223,817,40,40,1,1,1
408,1,515,674,40,40,1,1,1
408,2,340,928,40,40,1,1,1
408,4,1095,671,40,40,1,1,1
408,5,1226,820,40,40,1,1,1
409,1,515,674,40,40,1,1,1
409,2,340,927,40,40,1,1,1
409,4,1092,671,40,40,1,1,1
409,5,1228,824,40,40,1,1,1
410,1,516,674,40,40,1,1,1
410,2,340,924,40,40,1,1,1
410,4,1088,670,40,40,1,1,1
410,5,1232,830,40,40,1,1,1
411,1,516,674,40,40,1,1,1
411,2,339,922,40,40,1,1,1
411,4,1086,670,40,40,1,1,1
411,5,1234,834,40,40,1,1,1
412,1,516,678,40,40,1,1,1
412,2,338,920,40,40,1,1,1
412,4,1083,670,40,40,1,1,1
412,5,1237,837,40,40,1,1,1
413,1,516,678,40,40,1,1,1
413,2,339,918,40,40,1,1,1
413,4,1077,670,40,40,1,1,1
413,5,1240,839,40,40,1,1,1
414,1,516,677,40,40,1,1,1
414,2,339,914,40,40,1,1,1
414,4,1073,670,40,40,1,1,1
414,5,1243,842,40,40,1,1,1
415,1,513,676,40,40,1,1,1
415,2,339,913,40,40,1,1,1
415,4,1069,668,40,40,1,1,1
415,5,1247,844,40,40,1,1,1
416,1,513,676,40,40,1,1,1
416,2,339,910,40,40,1,1,1
416,4,1065,671,40,40,1,1,1
416,5,1250,846,40,40,1,1,1
417,1,512,675,40,40,1,1,1
417,2,340,907,40,40,1,1,1
417,4,1059,671,40,40,1,1,1
417,5,1253,850,40,40,1,1,1
418,1,513,675,40,40,1,1,1
418,2,340,905,40,40,1,1,1
418,4,1054,670,40,40,1,1,1
418,5,1256,850,40,40,1,1,1
419,1,512,672,40,40,1,1,1
419,2,340,902,40,40,1,1,1
419,4,1051,672,40,40,1,1,1
419,5,1259,854,40,40,1,1,1
420,1,513,672,40,40,1,1,1
420,2,340,901,40,40,1,1,1
420,4,1046,672,40,40,1,1,1
420,5,1261,854,40,40,1,1,1
421,1,514,670,40,40,1,1,1
421,2,340,898,40,40,1,1,1
421,4,1041,672,40,40,1,1,1
421,5,1263,856,40,40,1,1,1
422,1,514,667,40,40,1,1,1
422,2,340,894,40,40,1,1,1
422,4,1037,672,40,40,1,1,1
422,5,1265,856,40,40,1,1,1
423,1,516,668,40,40,1,1,1
423,2,339,892,40,40,1,1,1
423,4,1032,672,40,40,1,1,1
423,5,1266,858,40,40,1,1,1
424,1,516,668,40,40,1,1,1
424,2,338,888,40,40,1,1,1
424,4,1028,673,40,40,1,1,1
424,5,1268,859,40,40,1,1,1
425,1,516,668,40,40,1,1,1
425,2,338,887,40,40,1,1,1
425,4,1024,672,40,40,1,1,1
425,5,1269,860,40,40,1,1,1
426,1,516,668,40,40,1,1,1
426,2,338,884,40,40,1,1,1
426,4,1017,670,40,40,1,1,1
426,5,1268,862,40,40,1,1,1
427,1,518,667,40,40,1,1,1
427,2,339,882,40,40,1,1,1
427,4,1013,668,40,40,1,1,1
427,5,1268,862,40,40,1,1,1
428,1,518,668,40,40,1,1,1
428,2,340,880,40,40,1,1,1
428,4,1007,666,40,40,1,1,1
428,5,1269,862,40,40,1,1,1
429,1,518,671,40,40,1,1,1
429,2,339,878,40,40,1,1,1
429,4,1003,664,40,40,1,1,1
429,5,1270,862,40,40,1,1,1
430,1,516,670,40,40,1,1,1
430,2,341,876,40,40,1,1,1
430,4,1000,662,40,40,1,1,1
430,5,1269,861,40,40,1,1,1
431,1,516,670,40,40,1,1,1
431,2,343,874,40,40,1,1,1
431,4,993,658,40,40,1,1,1
431,5,1269,861,40,40,1,1,1
432,1,516,670,40,40,1,1,1
432,2,344,874,40,40,1,1,1
432,4,988,658,40,40,1,1,1
432,5,1270,858,40,40,1,1,1
433,1,515,668,40,40,1,1,1
433,2,347,874,40,40,1,1,1
433,4,984,656,40,40,1,1,1
433,5,1268,858,40,40,1,1,1
434,1,514,667,40,40,1,1,1
434,2,349,875,40,40,1,1,1
434,4,980,656,40,40,1,1,1
434,5,1268,856,40,40,1,1,1
435,1,510,664,40,40,1,1,1
435,2,349,874,40,40,1,1,1
435,4,974,656,40,40,1,1,1
435,5,1266,854,40,40,1,1,1
436,1,509,664,40,40,1,1,1
436,2,351,874,40,40,1,1,1
436,4,969,658,40,40,1,1,1
436,5,1264,852,40,40,1,1,1
437,1,506,664,40,40,1,1,1
437,2,353,874,40,40,1,1,1
437,4,966,658,40,40,1,1,1
437,5,1264,848,40,40,1,1,1
438,1,504,662,40,40,1,1,1
438,2,354,874,40,40,1,1,1
438,4,960,660,40,40,1,1,1
438,5,1260,846,40,40,1,1,1
439,1,503,661,40,40,1,1,1
439,2,354,874,40,40,1,1,1
439,4,956,660,40,40,1,1,1
439,5,1258,842,40,40,1,1,1
440,1,500,660,40,40,1,1,1
440,2,354,874,40,40,1,1,1
440,4,951,658,40,40,1,1,1
440,5,1256,840,40,40,1,1,1
441,1,498,663,40,40,1,1,1
441,2,354,876,40,40,1,1,1
441,4,945,658,40,40,1,1,1
441,5,1254,840,40,40,1,1,1
442,1,498,663,40,40,1,1,1
442,2,354,876,40,40,1,1,1
442,4,942,656,40,40,1,1,1
442,5,1250,838,40,40,1,1,1
443,1,494,666,40,40,1,1,1
443,2,354,878,40,40,1,1,1
443,4,937,655,40,40,1,1,1
443,5,1248,836,40,40,1,1,1
444,1,494,668,40,40,1,1,1
444,2,354,877,40,40,1,1,1
444,4,933,654,40,40,1,1,1
444,5,1246,837,40,40,1,1,1
445,1,492,671,40,40,1,1,1
445,2,352,878,40,40,1,1,1
445,4,930,654,40,40,1,1,1
445,5,1244,836,40,40,1,1,1
446,1,490,673,40,40,1,1,1
446,2,351,878,40,40,1,1,1
446,4,926,654,40,40,1,1,1
446,5,1242,836,40,40,1,1,1
447,1,490,676,40,40,1,1,1
447,2,349,880,40,40,1,1,1
447,4,922,655,40,40,1,1,1
447,5,1238,834,40,40,1,1,1
448,1,488,677,40,40,1,1,1
448,2,346,878,40,40,1,1,1
448,4,919,656,40,40,1,1,1
448,5,1236,834,40,40,1,1,1
449,1,486,680,40,40,1,1,1
449,2,346,880,40,40,1,1,1
449,4,916,657,40,40,1,1,1
449,5,1234,834,40,40,1,1,1
450,1,486,680,40,40,1,1,1
450,2,343,878,40,40,1,1,1
450,4,914,658,40,40,1,1,1
450,5,1232,830,40,40,1,1,1
451,1,484,680,40,40,1,1,1
451,2,341,878,40,40,1,1,1
451,4,910,658,40,40,1,1,1
451,5,1228,830,40,40,1,1,1
452,1,482,681,40,40,1,1,1
452,2,338,878,40,40,1,1,1
452,4,908,658,40,40,1,1,1
452,5,1224,830,40,40,1,1,1
453,1,482,681,40,40,1,1,1
453,2,336,878,40,40,1,1,1
453,4,904,658,40,40,1,1,1
453,5,1220,828,40,40,1,1,1
454,1,478,682,40,40,1,1,1
454,2,333,878,40,40,1,1,1
454,4,903,660,40,40,1,1,1
454,5,1218,827,40,40,1,1,1
455,1,476,681,40,40,1,1,1
455,2,330,880,40,40,1,1,1
455,4,902,660,40,40,1,1,1
455,5,1214,827,40,40,1,1,1
456,1,474,682,40,40,1,1,1
456,2,328,881,40,40,1,1,1
456,4,898,660,40,40,1,1,1
456,5,1210,826,40,40,1,1,1
457,1,474,682,40,40,1,1,1
457,2,323,882,40,40,1,1,1
457,4,895,658,40,40,1,1,1
457,5,1205,822,40,40,1,1,1
458,1,470,683,40,40,1,1,1
458,2,320,884,40,40,1,1,1
458,4,892,660,40,40,1,1,1
458,5,1201,822,40,40,1,1,1
459,1,468,683,40,40,1,1,1
459,2,317,886,40,40,1,1,1
459,4,888,660,40,40,1,1,1
459,5,1197,820,40,40,1,1,1
460,1,468,683,40,40,1,1,1
460,2,314,888,40,40,1,1,1
460,4,886,661,40,40,1,1,1
460,5,1192,816,40,40,1,1,1
461,1,466,685,40,40,1,1,1
461,2,309,888,40,40,1,1,1
461,4,883,658,40,40,1,1,1
461,5,1186,813,40,40,1,1,1
462,1,464,686,40,40,1,1,1
462,2,306,891,40,40,1,1,1
462,4,881,658,40,40,1,1,1
462,5,1181,810,40,40,1,1,1
463,1,460,687,40,40,1,1,1
463,2,300,892,40,40,1,1,1
463,4,876,656,40,40,1,1,1
463,5,1177,808,40,40,1,1,1
464,1,460,687,40,40,1,1,1
464,4,874,656,40,40,1,1,1
464,5,1172,806,40,40,1,1,1
465,1,458,688,40,40,1,1,1
465,4,871,654,40,40,1,1,1
465,5,1167,806,40,40,1,1,1
466,1,456,690,40,40,1,1,1
466,4,869,654,40,40,1,1,1
466,5,1163,804,40,40,1,1,1
467,1,454,692,40,40,1,1,1
467,4,867,654,40,40,1,1,1
467,5,1157,806,40,40,1,1,1
468,1,452,692,40,40,1,1,1
468,4,865,654,40,40,1,1,1
468,5,1153,806,40,40,1,1,1
469,1,450,692,40,40,1,1,1
469,4,863,656,40,40,1,1,1
469,5,1149,806,40,40,1,1,1
470,1,448,692,40,40,1,1,1
470,4,862,656,40,40,1,1,1
470,5,1144,806,40,40,1,1,1
471,1,446,692,40,40,1,1,1
471,4,861,658,40,40,1,1,1
471,5,1141,806,40,40,1,1,1
472,1,444,692,40,40,1,1,1
472,4,860,660,40,40,1,1,1
472,5,1136,805,40,40,1,1,1
473,1,444,694,40,40,1,1,1
473,4,858,660,40,40,1,1,1
473,5,1133,805,40,40,1,1,1
474,1,442,695,40,40,1,1,1
474,4,856,664,40,40,1,1,1
474,5,1130,805,40,40,1,1,1
475,1,441,694,40,40,1,1,1
475,4,854,665,40,40,1,1,1
475,5,1128,806,40,40,1,1,1
476,1,442,695,40,40,1,1,1
476,4,852,666,40,40,1,1,1
476,5,1125,806,40,40,1,1,1
477,1,438,696,40,40,1,1,1
477,4,850,666,40,40,1,1,1
477,5,1123,805,40,40,1,1,1
478,1,440,698,40,40,1,1,1
478,4,847,667,40,40,1,1,1
478,5,1123,806,40,40,1,1,1
479,1,436,698,40,40,1,1,1
479,4,843,670,40,40,1,1,1
479,5,1121,808,40,40,1,1,1
480,1,434,700,40,40,1,1,1
480,4,839,670,40,40,1,1,1
480,5,1120,808,40,40,1,1,1
481,1,432,700,40,40,1,1,1
481,4,835,671,40,40,1,1,1
481,5,1118,810,40,40,1,1,1
482,1,431,702,40,40,1,1,1
482,4,831,672,40,40,1,1,1
482,5,1117,810,40,40,1,1,1
483,1,428,702,40,40,1,1,1
483,4,826,674,40,40,1,1,1
483,5,1115,810,40,40,1,1,1
484,1,425,702,40,40,1,1,1
484,4,822,672,40,40,1,1,1
484,5,1114,812,40,40,1,1,1
485,1,422,702,40,40,1,1,1
485,4,819,674,40,40,1,1,1
485,5,1112,812,40,40,1,1,1
486,1,419,700,40,40,1,1,1
486,4,815,674,40,40,1,1,1
486,5,1109,814,40,40,1,1,1
487,1,416,700,40,40,1,1,1
487,4,812,671,40,40,1,1,1
487,5,1109,815,40,40,1,1,1
488,1,413,700,40,40,1,1,1
488,4,807,671,40,40,1,1,1
488,5,1107,818,40,40,1,1,1
489,1,411,700,40,40,1,1,1
489,4,805,669,40,40,1,1,1
489,5,1104,822,40,40,1,1,1
490,1,409,702,40,40,1,1,1
490,4,801,671,40,40,1,1,1
490,5,1102,824,40,40,1,1,1
491,1,406,701,40,40,1,1,1
491,4,799,671,40,40,1,1,1
491,5,1102,829,40,40,1,1,1
492,1,406,700,40,40,1,1,1
492,4,794,672,40,40,1,1,1
492,5,1099,832,40,40,1,1,1
493,1,402,701,40,40,1,1,1
493,4,791,674,40,40,1,1,1
493,5,1096,834,40,40,1,1,1
494,1,396,701,40,40,1,1,1
494,4,788,674,40,40,1,1,1
494,5,1093,836,40,40,1,1,1
495,4,786,676,40,40,1,1,1
495,5,1092,840,40,40,1,1,1
496,4,782,678,40,40,1,1,1
496,5,1091,842,40,40,1,1,1
497,4,778,680,40,40,1,1,1
497,5,1089,844,40,40,1,1,1
498,4,772,684,40,40,1,1,1
498,5,1088,844,40,40,1,1,1
499,4,770,685,40,40,1,1,1
499,5,1087,844,40,40,1,1,1
500,4,770,687,40,40,1,1,1
500,5,1085,844,40,40,1,1,1
