1,1,664,232,40,40,1,1,1
2,1,664,233,40,40,1,1,1
3,1,667,236,40,40,1,1,1
4,1,670,241,40,40,1,1,1
5,1,671,243,40,40,1,1,1
6,1,671,247,40,40,1,1,1
7,1,672,248,40,40,1,1,1
8,1,674,251,40,40,1,1,1
9,1,672,253,40,40,1,1,1
10,1,672,255,40,40,1,1,1
11,1,671,258,40,40,1,1,1
12,1,671,259,40,40,1,1,1
13,1,670,257,40,40,1,1,1
14,1,670,258,40,40,1,1,1
15,1,670,257,40,40,1,1,1
16,1,670,257,40,40,1,1,1
17,1,662,258,40,40,1,1,1
18,1,660,262,40,40,1,1,1
19,1,657,261,40,40,1,1,1
20,1,652,260,40,40,1,1,1
21,1,650,263,40,40,1,1,1
22,1,648,263,40,40,1,1,1
23,1,646,263,40,40,1,1,1
24,1,644,263,40,40,1,1,1
25,1,640,264,40,40,1,1,1
26,1,640,268,40,40,1,1,1
27,1,637,270,40,40,1,1,1
28,1,636,272,40,40,1,1,1
29,1,636,272,40,40,1,1,1
30,1,632,274,40,40,1,1,1
31,1,630,274,40,40,1,1,1
32,1,630,276,40,40,1,1,1
33,1,626,277,40,40,1,1,1
34,1,624,280,40,40,1,1,1
35,1,622,282,40,40,1,1,1
36,1,620,282,40,40,1,1,1
37,1,618,284,40,40,1,1,1
38,1,617,286,40,40,1,1,1
39,1,614,287,40,40,1,1,1
40,1,611,289,40,40,1,1,1
41,1,608,289,40,40,1,1,1
42,1,605,290,40,40,1,1,1
43,1,600,290,40,40,1,1,1
44,1,598,290,40,40,1,1,1
45,1,594,290,40,40,1,1,1
46,1,590,292,40,40,1,1,1
47,1,587,292,40,40,1,1,1
48,1,584,294,40,40,1,1,1
49,1,582,295,40,40,1,1,1
50,1,576,295,40,40,1,1,1
51,1,574,295,40,40,1,1,1
52,1,572,296,40,40,1,1,1
53,1,568,297,40,40,1,1,1
54,1,566,297,40,40,1,1,1
55,1,564,297,40,40,1,1,1
56,1,560,297,40,40,1,1,1
57,1,558,296,40,40,1,1,1
58,1,554,297,40,40,1,1,1
59,1,553,298,40,40,1,1,1
60,1,550,300,40,40,1,1,1
61,1,550,300,40,40,1,1,1
62,1,550,301,40,40,1,1,1
63,1,548,302,40,40,1,1,1
64,1,546,304,40,40,1,1,1
65,1,545,306,40,40,1,1,1
74,1,546,309,40,40,1,1,1
81,1,508,316,40,40,1,1,1
82,1,508,316,40,40,1,1,1
83,1,506,312,40,40,1,1,1
84,1,502,312,40,40,1,1,1
85,1,502,312,40,40,1,1,1
86,1,500,310,40,40,1,1,1
87,1,498,311,40,40,1,1,1
88,1,496,313,40,40,1,1,1
89,1,494,314,40,40,1,1,1
90,1,492,316,40,40,1,1,1
91,1,490,318,40,40,1,1,1
92,1,489,320,40,40,1,1,1
93,1,487,322,40,40,1,1,1
94,1,487,326,40,40,1,1,1
95,1,487,329,40,40,1,1,1
96,1,484,332,40,40,1,1,1
97,1,484,334,40,40,1,1,1
98,1,484,335,40,40,1,1,1
99,1,484,336,40,40,1,1,1
100,1,482,336,40,40,1,1,1
101,1,482,336,40,40,1,1,1
102,1,481,336,40,40,1,1,1
103,1,481,335,40,40,1,1,1
104,1,479,334,40,40,1,1,1
105,1,476,334,40,40,1,1,1
106,1,476,334,40,40,1,1,1
107,1,476,334,40,40,1,1,1
108,1,476,334,40,40,1,1,1
109,1,476,334,40,40,1,1,1
110,1,476,334,40,40,1,1,1
111,1,476,336,40,40,1,1,1
112,1,474,339,40,40,1,1,1
113,1,474,342,40,40,1,1,1
114,1,474,342,40,40,1,1,1
115,1,472,345,40,40,1,1,1
116,1,471,348,40,40,1,1,1
117,1,469,350,40,40,1,1,1
118,1,468,353,40,40,1,1,1
119,1,466,355,40,40,1,1,1
120,1,465,358,40,40,1,1,1
121,1,465,362,40,40,1,1,1
122,1,465,364,40,40,1,1,1
123,1,464,368,40,40,1,1,1
124,1,465,370,40,40,1,1,1
125,1,464,373,40,40,1,1,1
126,1,463,377,40,40,1,1,1
127,1,462,379,40,40,1,1,1
128,1,460,383,40,40,1,1,1
129,1,460,385,40,40,1,1,1
130,1,458,390,40,40,1,1,1
131,1,456,392,40,40,1,1,1
132,1,456,396,40,40,1,1,1
133,1,455,400,40,40,1,1,1
134,1,456,402,40,40,1,1,1
135,1,455,408,40,40,1,1,1
136,1,452,412,40,40,1,1,1
137,1,452,414,40,40,1,1,1
138,1,452,415,40,40,1,1,1
139,1,452,420,40,40,1,1,1
140,1,450,422,40,40,1,1,1
141,1,450,424,40,40,1,1,1
142,1,450,428,40,40,1,1,1
143,1,450,429,40,40,1,1,1
144,1,450,430,40,40,1,1,1
145,1,450,432,40,40,1,1,1
146,1,450,436,40,40,1,1,1
147,1,450,437,40,40,1,1,1
148,1,450,438,40,40,1,1,1
149,1,450,441,40,40,1,1,1
150,1,450,442,40,40,1,1,1
151,1,450,443,40,40,1,1,1
152,1,450,444,40,40,1,1,1
153,1,450,446,40,40,1,1,1
154,1,450,448,40,40,1,1,1
155,1,450,448,40,40,1,1,1
156,1,452,449,40,40,1,1,1
157,1,453,450,40,40,1,1,1
158,1,453,452,40,40,1,1,1
159,1,453,453,40,40,1,1,1
160,1,453,454,40,40,1,1,1
161,1,452,454,40,40,1,1,1
162,1,453,454,40,40,1,1,1
163,1,453,454,40,40,1,1,1
164,1,452,454,40,40,1,1,1
165,1,453,456,40,40,1,1,1
166,1,452,457,40,40,1,1,1
167,1,454,458,40,40,1,1,1
168,1,455,460,40,40,1,1,1
169,1,457,461,40,40,1,1,1
170,1,457,460,40,40,1,1,1
171,1,460,462,40,40,1,1,1
172,1,462,464,40,40,1,1,1
173,1,463,466,40,40,1,1,1
174,1,464,467,40,40,1,1,1
175,1,466,468,40,40,1,1,1
176,1,466,470,40,40,1,1,1
177,1,466,470,40,40,1,1,1
178,1,466,472,40,40,1,1,1
179,1,464,475,40,40,1,1,1
180,1,463,476,40,40,1,1,1
181,1,463,478,40,40,1,1,1
182,1,462,481,40,40,1,1,1
183,1,460,482,40,40,1,1,1
184,1,460,485,40,40,1,1,1
185,1,458,488,40,40,1,1,1
186,1,458,490,40,40,1,1,1
187,1,457,490,40,40,1,1,1
188,1,457,494,40,40,1,1,1
189,1,455,495,40,40,1,1,1
190,1,456,497,40,40,1,1,1
191,1,455,500,40,40,1,1,1
192,1,454,501,40,40,1,1,1
193,1,454,504,40,40,1,1,1
194,1,454,508,40,40,1,1,1
195,1,455,510,40,40,1,1,1
196,1,454,513,40,40,1,1,1
197,1,452,515,40,40,1,1,1
198,1,452,519,40,40,1,1,1
199,1,452,520,40,40,1,1,1
200,1,450,524,40,40,1,1,1
201,1,450,526,40,40,1,1,1
202,1,450,528,40,40,1,1,1
203,1,450,530,40,40,1,1,1
204,1,450,532,40,40,1,1,1
205,1,452,535,40,40,1,1,1
206,1,452,536,40,40,1,1,1
207,1,454,537,40,40,1,1,1
208,1,454,539,40,40,1,1,1
209,1,455,540,40,40,1,1,1
210,1,455,541,40,40,1,1,1
211,1,457,542,40,40,1,1,1
212,1,458,544,40,40,1,1,1
213,1,457,546,40,40,1,1,1
214,1,457,548,40,40,1,1,1
215,1,458,549,40,40,1,1,1
216,1,457,552,40,40,1,1,1
217,1,457,554,40,40,1,1,1
218,1,455,556,40,40,1,1,1
219,1,455,558,40,40,1,1,1
220,1,455,560,40,40,1,1,1
221,1,455,563,40,40,1,1,1
222,1,454,565,40,40,1,1,1
223,1,454,568,40,40,1,1,1
224,1,455,570,40,40,1,1,1
225,1,454,573,40,40,1,1,1
226,1,456,575,40,40,1,1,1
227,1,457,578,40,40,1,1,1
228,1,458,580,40,40,1,1,1
229,1,460,583,40,40,1,1,1
230,1,460,586,40,40,1,1,1
231,1,460,586,40,40,1,1,1
232,1,462,589,40,40,1,1,1
233,1,461,592,40,40,1,1,1
234,1,461,593,40,40,1,1,1
235,1,460,596,40,40,1,1,1
236,1,459,598,40,40,1,1,1
237,1,458,599,40,40,1,1,1
238,1,455,602,40,40,1,1,1
239,1,452,603,40,40,1,1,1
240,1,450,604,40,40,1,1,1
241,1,447,607,40,40,1,1,1
242,1,446,608,40,40,1,1,1
243,1,444,610,40,40,1,1,1
244,1,442,612,40,40,1,1,1
245,1,443,614,40,40,1,1,1
246,1,443,618,40,40,1,1,1
247,1,444,620,40,40,1,1,1
248,1,444,624,40,40,1,1,1
249,1,449,627,40,40,1,1,1
250,1,451,631,40,40,1,1,1
251,1,453,633,40,40,1,1,1
252,1,455,637,40,40,1,1,1
253,1,456,640,40,40,1,1,1
254,1,457,642,40,40,1,1,1
255,1,458,644,40,40,1,1,1
256,1,458,646,40,40,1,1,1
257,1,458,648,40,40,1,1,1
258,1,457,650,40,40,1,1,1
259,1,457,652,40,40,1,1,1
260,1,458,654,40,40,1,1,1
261,1,458,654,40,40,1,1,1
262,1,458,653,40,40,1,1,1
263,1,458,654,40,40,1,1,1
264,1,460,656,40,40,1,1,1
265,1,460,658,40,40,1,1,1
266,1,462,658,40,40,1,1,1
267,1,463,660,40,40,1,1,1
268,1,464,664,40,40,1,1,1
269,1,466,666,40,40,1,1,1
270,1,466,668,40,40,1,1,1
271,1,467,671,40,40,1,1,1
272,1,468,673,40,40,1,1,1
273,1,467,676,40,40,1,1,1
274,1,467,680,40,40,1,1,1
275,1,466,684,40,40,1,1,1
276,1,463,686,40,40,1,1,1
277,1,463,689,40,40,1,1,1
278,1,462,692,40,40,1,1,1
279,1,460,694,40,40,1,1,1
280,1,458,694,40,40,1,1,1
281,1,455,696,40,40,1,1,1
282,1,454,697,40,40,1,1,1
283,1,451,698,40,40,1,1,1
284,1,449,702,40,40,1,1,1
285,1,449,702,40,40,1,1,1
286,1,447,704,40,40,1,1,1
287,1,446,705,40,40,1,1,1
288,1,444,708,40,40,1,1,1
289,1,445,710,40,40,1,1,1
290,1,444,712,40,40,1,1,1
291,1,445,714,40,40,1,1,1
292,1,447,718,40,40,1,1,1
293,1,449,722,40,40,1,1,1
294,1,449,724,40,40,1,1,1
295,1,452,728,40,40,1,1,1
296,1,453,730,40,40,1,1,1
297,1,454,734,40,40,1,1,1
298,1,455,736,40,40,1,1,1
299,1,454,739,40,40,1,1,1
300,1,454,743,40,40,1,1,1
301,1,453,744,40,40,1,1,1
302,1,453,746,40,40,1,1,1
303,1,453,749,40,40,1,1,1
304,1,454,750,40,40,1,1,1
305,1,455,753,40,40,1,1,1
306,1,455,754,40,40,1,1,1
307,1,456,756,40,40,1,1,1
308,1,458,758,40,40,1,1,1
309,1,458,758,40,40,1,1,1
310,1,460,762,40,40,1,1,1
311,1,463,764,40,40,1,1,1
312,1,464,766,40,40,1,1,1
313,1,466,768,40,40,1,1,1
314,1,465,770,40,40,1,1,1
315,1,466,772,40,40,1,1,1
316,1,465,776,40,40,1,1,1
317,1,464,780,40,40,1,1,1
318,1,463,782,40,40,1,1,1
319,1,462,786,40,40,1,1,1
320,1,460,790,40,40,1,1,1
321,1,455,794,40,40,1,1,1
322,1,454,798,40,40,1,1,1
323,1,450,800,40,40,1,1,1
324,1,447,804,40,40,1,1,1
325,1,444,808,40,40,1,1,1
325,2,649,1433,40,40,1,1,1
326,1,442,812,40,40,1,1,1
326,2,649,1432,40,40,1,1,1
327,1,440,816,40,40,1,1,1
327,2,649,1430,40,40,1,1,1
328,1,439,820,40,40,1,1,1
328,2,654,1424,40,40,1,1,1
329,1,439,824,40,40,1,1,1
329,2,656,1418,40,40,1,1,1
330,1,439,828,40,40,1,1,1
330,2,658,1412,40,40,1,1,1
331,1,440,834,40,40,1,1,1
331,2,660,1408,40,40,1,1,1
332,1,442,838,40,40,1,1,1
332,2,662,1403,40,40,1,1,1
333,1,444,842,40,40,1,1,1
333,2,664,1398,40,40,1,1,1
334,1,447,848,40,40,1,1,1
334,2,666,1394,40,40,1,1,1
335,1,449,853,40,40,1,1,1
335,2,666,1389,40,40,1,1,1
336,1,451,858,40,40,1,1,1
336,2,668,1384,40,40,1,1,1
337,1,453,864,40,40,1,1,1
337,2,668,1378,40,40,1,1,1
338,1,455,868,40,40,1,1,1
338,2,670,1374,40,40,1,1,1
339,1,455,875,40,40,1,1,1
339,2,670,1368,40,40,1,1,1
340,1,455,880,40,40,1,1,1
340,2,671,1363,40,40,1,1,1
341,1,455,885,40,40,1,1,1
341,2,672,1358,40,40,1,1,1
342,1,455,890,40,40,1,1,1
342,2,673,1352,40,40,1,1,1
343,1,453,895,40,40,1,1,1
343,2,674,1346,40,40,1,1,1
344,1,453,898,40,40,1,1,1
344,2,676,1340,40,40,1,1,1
345,1,450,902,40,40,1,1,1
345,2,680,1335,40,40,1,1,1
346,1,449,906,40,40,1,1,1
346,2,686,1324,40,40,1,1,1
347,1,446,910,40,40,1,1,1
347,2,687,1322,40,40,1,1,1
348,1,446,912,40,40,1,1,1
348,2,689,1317,40,40,1,1,1
349,1,446,915,40,40,1,1,1
349,2,692,1313,40,40,1,1,1
350,1,444,918,40,40,1,1,1
350,2,696,1312,40,40,1,1,1
351,1,444,922,40,40,1,1,1
351,2,699,1308,40,40,1,1,1
352,1,444,924,40,40,1,1,1
352,2,706,1297,40,40,1,1,1
353,1,442,928,40,40,1,1,1
353,2,712,1292,40,40,1,1,1
354,1,441,930,40,40,1,1,1
354,2,716,1287,40,40,1,1,1
355,1,442,934,40,40,1,1,1
355,2,721,1282,40,40,1,1,1
356,1,444,936,40,40,1,1,1
356,2,726,1278,40,40,1,1,1
357,1,446,938,40,40,1,1,1
357,2,730,1273,40,40,1,1,1
358,1,447,940,40,40,1,1,1
358,2,736,1268,40,40,1,1,1
359,1,448,944,40,40,1,1,1
359,2,740,1262,40,40,1,1,1
360,1,450,944,40,40,1,1,1
360,2,745,1258,40,40,1,1,1
361,1,454,946,40,40,1,1,1
361,2,751,1254,40,40,1,1,1
362,1,455,949,40,40,1,1,1
362,2,757,1250,40,40,1,1,1
363,1,455,952,40,40,1,1,1
363,2,761,1246,40,40,1,1,1
364,1,455,954,40,40,1,1,1
364,2,767,1244,40,40,1,1,1
365,1,456,959,40,40,1,1,1
365,2,772,1241,40,40,1,1,1
366,1,455,960,40,40,1,1,1
366,2,778,1238,40,40,1,1,1
367,1,454,961,40,40,1,1,1
367,2,784,1236,40,40,1,1,1
368,1,454,968,40,40,1,1,1
368,2,790,1234,40,40,1,1,1
369,1,452,968,40,40,1,1,1
369,2,796,1234,40,40,1,1,1
370,1,450,972,40,40,1,1,1
370,2,803,1232,40,40,1,1,1
371,1,450,974,40,40,1,1,1
371,2,810,1233,40,40,1,1,1
372,1,446,976,40,40,1,1,1
372,2,816,1234,40,40,1,1,1
373,1,447,978,40,40,1,1,1
373,2,823,1234,40,40,1,1,1
374,1,446,981,40,40,1,1,1
374,2,830,1236,40,40,1,1,1
375,1,444,983,40,40,1,1,1
375,2,838,1237,40,40,1,1,1
376,1,444,984,40,40,1,1,1
376,2,844,1238,40,40,1,1,1
377,1,441,985,40,40,1,1,1
377,2,850,1240,40,40,1,1,1
378,1,441,986,40,40,1,1,1
378,2,856,1240,40,40,1,1,1
379,1,440,988,40,40,1,1,1
379,2,863,1240,40,40,1,1,1
380,1,439,988,40,40,1,1,1
380,2,870,1242,40,40,1,1,1
381,1,441,990,40,40,1,1,1
381,2,876,1244,40,40,1,1,1
382,1,442,992,40,40,1,1,1
382,2,882,1245,40,40,1,1,1
383,1,444,994,40,40,1,1,1
383,2,887,1246,40,40,1,1,1
384,1,444,996,40,40,1,1,1
384,2,892,1248,40,40,1,1,1
385,1,446,1000,40,40,1,1,1
385,2,893,1250,40,40,1,1,1
386,1,447,1002,40,40,1,1,1
386,2,892,1251,40,40,1,1,1
387,1,450,1004,40,40,1,1,1
387,2,888,1253,40,40,1,1,1
388,1,452,1008,40,40,1,1,1
388,2,884,1253,40,40,1,1,1
389,1,452,1010,40,40,1,1,1
389,2,880,1256,40,40,1,1,1
390,1,454,1014,40,40,1,1,1
390,2,874,1253,40,40,1,1,1
391,1,454,1016,40,40,1,1,1
391,2,865,1251,40,40,1,1,1
392,1,454,1020,40,40,1,1,1
392,2,858,1250,40,40,1,1,1
393,1,456,1024,40,40,1,1,1
393,2,848,1250,40,40,1,1,1
394,1,456,1028,40,40,1,1,1
394,2,839,1247,40,40,1,1,1
395,1,458,1032,40,40,1,1,1
395,2,830,1244,40,40,1,1,1
396,1,458,1036,40,40,1,1,1
396,2,822,1242,40,40,1,1,1
397,1,460,1042,40,40,1,1,1
397,2,814,1240,40,40,1,1,1
398,1,462,1047,40,40,1,1,1
398,2,807,1238,40,40,1,1,1
399,1,463,1052,40,40,1,1,1
399,2,802,1235,40,40,1,1,1
400,1,463,1056,40,40,1,1,1
400,2,797,1232,40,40,1,1,1
401,1,465,1064,40,40,1,1,1
401,2,793,1230,40,40,1,1,1
402,1,466,1070,40,40,1,1,1
402,2,790,1228,40,40,1,1,1
403,1,468,1076,40,40,1,1,1
403,2,789,1228,40,40,1,1,1
404,1,468,1082,40,40,1,1,1
404,2,787,1228,40,40,1,1,1
405,1,471,1088,40,40,1,1,1
405,2,787,1227,40,40,1,1,1
406,1,472,1096,40,40,1,1,1
406,2,788,1225,40,40,1,1,1
407,1,474,1102,40,40,1,1,1
407,2,788,1227,40,40,1,1,1
408,1,476,1107,40,40,1,1,1
408,2,788,1227,40,40,1,1,1
409,1,477,1112,40,40,1,1,1
409,2,790,1225,40,40,1,1,1
410,1,479,1118,40,40,1,1,1
410,2,792,1226,40,40,1,1,1
411,1,481,1125,40,40,1,1,1
411,2,794,1228,40,40,1,1,1
412,1,484,1130,40,40,1,1,1
412,2,796,1228,40,40,1,1,1
413,1,487,1134,40,40,1,1,1
413,2,798,1228,40,40,1,1,1
414,1,489,1138,40,40,1,1,1
414,2,800,1230,40,40,1,1,1
415,1,492,1142,40,40,1,1,1
415,2,802,1230,40,40,1,1,1
416,1,495,1147,40,40,1,1,1
416,2,805,1232,40,40,1,1,1
417,1,500,1154,40,40,1,1,1
417,2,809,1234,40,40,1,1,1
418,1,503,1158,40,40,1,1,1
418,2,812,1236,40,40,1,1,1
419,1,507,1160,40,40,1,1,1
419,2,815,1239,40,40,1,1,1
420,1,512,1166,40,40,1,1,1
420,2,818,1242,40,40,1,1,1
421,1,516,1168,40,40,1,1,1
421,2,822,1244,40,40,1,1,1
422,1,520,1172,40,40,1,1,1
422,2,826,1248,40,40,1,1,1
423,1,524,1174,40,40,1,1,1
423,2,830,1250,40,40,1,1,1
424,1,528,1177,40,40,1,1,1
424,2,833,1254,40,40,1,1,1
425,1,530,1182,40,40,1,1,1
425,2,837,1256,40,40,1,1,1
426,1,534,1186,40,40,1,1,1
426,2,842,1258,40,40,1,1,1
427,1,537,1190,40,40,1,1,1
427,2,846,1261,40,40,1,1,1
428,1,539,1192,40,40,1,1,1
428,2,848,1264,40,40,1,1,1
429,1,542,1198,40,40,1,1,1
429,2,854,1265,40,40,1,1,1
430,1,542,1202,40,40,1,1,1
430,2,858,1268,40,40,1,1,1
431,1,544,1204,40,40,1,1,1
431,2,860,1270,40,40,1,1,1
432,1,545,1209,40,40,1,1,1
432,2,864,1272,40,40,1,1,1
433,1,546,1216,40,40,1,1,1
433,2,866,1273,40,40,1,1,1
434,1,548,1223,40,40,1,1,1
434,2,870,1276,40,40,1,1,1
435,1,548,1228,40,40,1,1,1
435,2,875,1278,40,40,1,1,1
436,1,548,1236,40,40,1,1,1
436,2,877,1280,40,40,1,1,1
437,1,550,1242,40,40,1,1,1
437,2,881,1280,40,40,1,1,1
438,1,551,1248,40,40,1,1,1
438,2,880,1282,40,40,1,1,1
439,1,554,1254,40,40,1,1,1
439,2,878,1284,40,40,1,1,1
440,1,554,1260,40,40,1,1,1
440,2,876,1284,40,40,1,1,1
441,1,558,1266,40,40,1,1,1
441,2,874,1283,40,40,1,1,1
442,1,562,1274,40,40,1,1,1
442,2,870,1280,40,40,1,1,1
443,1,564,1280,40,40,1,1,1
443,2,868,1278,40,40,1,1,1
444,1,568,1284,40,40,1,1,1
444,2,866,1276,40,40,1,1,1
445,1,572,1290,40,40,1,1,1
445,2,864,1274,40,40,1,1,1
446,1,576,1298,40,40,1,1,1
446,2,862,1272,40,40,1,1,1
447,1,579,1298,40,40,1,1,1
447,2,861,1272,40,40,1,1,1
448,1,582,1304,40,40,1,1,1
448,2,860,1272,40,40,1,1,1
449,1,587,1308,40,40,1,1,1
449,2,860,1270,40,40,1,1,1
450,1,592,1314,40,40,1,1,1
450,2,861,1270,40,40,1,1,1
451,1,595,1318,40,40,1,1,1
451,2,863,1270,40,40,1,1,1
452,1,600,1322,40,40,1,1,1
452,2,865,1271,40,40,1,1,1
453,1,604,1324,40,40,1,1,1
453,2,866,1271,40,40,1,1,1
454,1,608,1328,40,40,1,1,1
454,2,869,1272,40,40,1,1,1
455,1,611,1332,40,40,1,1,1
455,2,870,1272,40,40,1,1,1
456,1,615,1334,40,40,1,1,1
456,2,872,1275,40,40,1,1,1
457,1,619,1337,40,40,1,1,1
457,2,873,1278,40,40,1,1,1
458,1,623,1340,40,40,1,1,1
458,2,872,1280,40,40,1,1,1
459,1,627,1342,40,40,1,1,1
459,2,872,1285,40,40,1,1,1
460,1,632,1344,40,40,1,1,1
460,2,870,1288,40,40,1,1,1
461,1,637,1348,40,40,1,1,1
461,2,868,1292,40,40,1,1,1
462,1,640,1350,40,40,1,1,1
462,2,865,1297,40,40,1,1,1
463,1,645,1352,40,40,1,1,1
463,2,864,1300,40,40,1,1,1
464,1,650,1354,40,40,1,1,1
464,2,864,1304,40,40,1,1,1
465,1,653,1356,40,40,1,1,1
465,2,863,1309,40,40,1,1,1
466,1,658,1358,40,40,1,1,1
466,2,863,1313,40,40,1,1,1
467,1,661,1360,40,40,1,1,1
467,2,861,1318,40,40,1,1,1
468,1,664,1362,40,40,1,1,1
468,2,864,1320,40,40,1,1,1
469,1,668,1364,40,40,1,1,1
469,2,864,1324,40,40,1,1,1
470,1,671,1367,40,40,1,1,1
470,2,866,1326,40,40,1,1,1
471,1,675,1368,40,40,1,1,1
471,2,866,1326,40,40,1,1,1
472,1,677,1371,40,40,1,1,1
472,2,866,1330,40,40,1,1,1
473,1,683,1374,40,40,1,1,1
473,2,868,1332,40,40,1,1,1
474,1,686,1377,40,40,1,1,1
474,2,868,1333,40,40,1,1,1
475,1,689,1381,40,40,1,1,1
475,2,868,1334,40,40,1,1,1
476,1,693,1385,40,40,1,1,1
476,2,866,1336,40,40,1,1,1
477,1,696,1388,40,40,1,1,1
477,2,866,1336,40,40,1,1,1
478,1,699,1392,40,40,1,1,1
478,2,864,1336,40,40,1,1,1
479,1,700,1394,40,40,1,1,1
479,2,861,1338,40,40,1,1,1
480,1,701,1396,40,40,1,1,1
480,2,858,1338,40,40,1,1,1
481,1,703,1399,40,40,1,1,1
481,2,859,1338,40,40,1,1,1
482,1,704,1400,40,40,1,1,1
482,2,856,1339,40,40,1,1,1
483,1,706,1402,40,40,1,1,1
483,2,856,1339,40,40,1,1,1
484,1,707,1403,40,40,1,1,1
484,2,855,1340,40,40,1,1,1
485,1,707,1402,40,40,1,1,1
485,2,856,1340,40,40,1,1,1
486,1,707,1404,40,40,1,1,1
486,2,858,1340,40,40,1,1,1
487,1,708,1404,40,40,1,1,1
487,2,858,1338,40,40,1,1,1
488,1,707,1404,40,40,1,1,1
488,2,860,1338,40,40,1,1,1
489,1,704,1405,40,40,1,1,1
489,2,860,1336,40,40,1,1,1
490,1,703,1406,40,40,1,1,1
490,2,863,1335,40,40,1,1,1
491,1,701,1406,40,40,1,1,1
491,2,864,1334,40,40,1,1,1
492,1,698,1408,40,40,1,1,1
492,2,864,1332,40,40,1,1,1
493,1,696,1408,40,40,1,1,1
493,2,864,1330,40,40,1,1,1
494,1,692,1409,40,40,1,1,1
494,2,864,1328,40,40,1,1,1
495,1,689,1410,40,40,1,1,1
495,2,864,1327,40,40,1,1,1
496,1,686,1410,40,40,1,1,1
496,2,864,1326,40,40,1,1,1
497,1,683,1412,40,40,1,1,1
497,2,862,1324,40,40,1,1,1
498,1,680,1413,40,40,1,1,1
498,2,863,1323,40,40,1,1,1
499,1,677,1412,40,40,1,1,1
499,2,860,1322,40,40,1,1,1
500,1,675,1414,40,40,1,1,1
500,2,860,1320,40,40,1,1,1
