0,1,601.5,341.5,40,40,1,-1,-1,-1
0,2,674.0,1420.0,40,40,1,-1,-1,-1
0,3,659.5,1312.5,40,40,1,-1,-1,-1
1,1,609.3100000000001,340.63,40,40,1,-1,-1,-1
1,2,674.87,1419.1299999999999,40,40,1,-1,-1,-1
1,3,659.065,1312.935,40,40,1,-1,-1,-1
2,1,620.78,341.26,40,40,1,-1,-1,-1
2,2,675.015,1416.6750000000002,40,40,1,-1,-1,-1
2,3,657.035,1311.045,40,40,1,-1,-1,-1
3,1,633.39,341.48,40,40,1,-1,-1,-1
3,2,673.155,1412.485,40,40,1,-1,-1,-1
3,3,654.89,1309.7,40,40,1,-1,-1,-1
4,1,644.48,341.90999999999997,40,40,1,-1,-1,-1
4,2,672.54,1408.27,40,40,1,-1,-1,-1
4,3,652.045,1308.93,40,40,1,-1,-1,-1
5,1,655.655,342.4,40,40,1,-1,-1,-1
5,2,671.65,1405.165,40,40,1,-1,-1,-1
5,3,650.795,1308.015,40,40,1,-1,-1,-1
6,1,668.1949999999999,343.615,40,40,1,-1,-1,-1
6,2,670.6550000000001,1401.4099999999999,40,40,1,-1,-1,-1
6,3,649.045,1307.0349999999999,40,40,1,-1,-1,-1
7,1,679.125,345.065,40,40,1,-1,-1,-1
7,2,669.995,1397.4399999999998,40,40,1,-1,-1,-1
7,3,647.81,1306.725,40,40,1,-1,-1,-1
8,1,691.8399999999999,347.27000000000004,40,40,1,-1,-1,-1
8,2,667.715,1393.395,40,40,1,-1,-1,-1
8,3,646.76,1305.29,40,40,1,-1,-1,-1
9,1,703.85,349.07,40,40,1,-1,-1,-1
9,2,664.2049999999999,1389.005,40,40,1,-1,-1,-1
9,3,645.4150000000001,1303.11,40,40,1,-1,-1,-1
10,1,715.5699999999999,350.705,40,40,1,-1,-1,-1
10,2,660.96,1384.515,40,40,1,-1,-1,-1
10,3,645.985,1302.0,40,40,1,-1,-1,-1
11,1,726.845,352.615,40,40,1,-1,-1,-1
11,2,657.7650000000001,1380.3,40,40,1,-1,-1,-1
11,3,646.9449999999999,1300.305,40,40,1,-1,-1,-1
12,1,737.95,354.62,40,40,1,-1,-1,-1
12,2,653.63,1376.2,40,40,1,-1,-1,-1
12,3,648.015,1298.375,40,40,1,-1,-1,-1
13,1,748.99,355.985,40,40,1,-1,-1,-1
13,2,651.1800000000001,1370.83,40,40,1,-1,-1,-1
13,3,649.785,1295.695,40,40,1,-1,-1,-1
14,1,760.0,357.775,40,40,1,-1,-1,-1
14,2,646.0,1365.9650000000001,40,40,1,-1,-1,-1
14,3,651.825,1292.735,40,40,1,-1,-1,-1
15,1,769.6650000000001,359.045,40,40,1,-1,-1,-1
15,2,641.52,1360.33,40,40,1,-1,-1,-1
15,3,654.565,1290.3700000000001,40,40,1,-1,-1,-1
16,1,779.51,360.14,40,40,1,-1,-1,-1
16,2,638.605,1355.705,40,40,1,-1,-1,-1
16,3,657.5849999999999,1288.22,40,40,1,-1,-1,-1
17,1,788.745,360.49,40,40,1,-1,-1,-1
17,2,636.935,1351.4750000000001,40,40,1,-1,-1,-1
17,3,660.38,1284.8249999999998,40,40,1,-1,-1,-1
18,1,796.415,361.90500000000003,40,40,1,-1,-1,-1
18,2,635.75,1348.39,40,40,1,-1,-1,-1
18,3,664.375,1282.2949999999998,40,40,1,-1,-1,-1
19,1,804.195,364.385,40,40,1,-1,-1,-1
19,2,634.75,1343.085,40,40,1,-1,-1,-1
19,3,669.16,1279.435,40,40,1,-1,-1,-1
20,1,810.7,367.26,40,40,1,-1,-1,-1
20,2,632.48,1338.61,40,40,1,-1,-1,-1
20,3,672.925,1276.4350000000002,40,40,1,-1,-1,-1
21,1,816.705,369.62,40,40,1,-1,-1,-1
21,2,630.385,1333.78,40,40,1,-1,-1,-1
21,3,677.5550000000001,1273.42,40,40,1,-1,-1,-1
22,1,821.905,371.09000000000003,40,40,1,-1,-1,-1
22,2,630.34,1330.7949999999998,40,40,1,-1,-1,-1
22,3,682.54,1270.38,40,40,1,-1,-1,-1
23,1,825.55,373.57,40,40,1,-1,-1,-1
23,2,629.74,1325.8799999999999,40,40,1,-1,-1,-1
23,3,686.33,1267.33,40,40,1,-1,-1,-1
24,1,828.5699999999999,376.425,40,40,1,-1,-1,-1
24,2,628.9449999999999,1321.53,40,40,1,-1,-1,-1
24,3,690.3050000000001,1264.3,40,40,1,-1,-1,-1
25,1,832.0,379.435,40,40,1,-1,-1,-1
25,2,629.68,1316.43,40,40,1,-1,-1,-1
25,3,693.69,1261.265,40,40,1,-1,-1,-1
26,1,833.66,382.475,40,40,1,-1,-1,-1
26,2,628.725,1312.0149999999999,40,40,1,-1,-1,-1
26,3,696.51,1257.905,40,40,1,-1,-1,-1
27,1,836.0749999999999,385.52000000000004,40,40,1,-1,-1,-1
27,2,628.4250000000001,1307.8799999999999,40,40,1,-1,-1,-1
27,3,699.775,1256.4,40,40,1,-1,-1,-1
28,1,837.39,388.565,40,40,1,-1,-1,-1
28,2,627.7,1303.1750000000002,40,40,1,-1,-1,-1
28,3,701.565,1253.2900000000002,40,40,1,-1,-1,-1
29,1,837.005,392.28000000000003,40,40,1,-1,-1,-1
29,2,627.145,1298.595,40,40,1,-1,-1,-1
29,3,702.1049999999999,1250.895,40,40,1,-1,-1,-1
30,1,837.9300000000001,396.245,40,40,1,-1,-1,-1
30,2,626.3249999999999,1294.39,40,40,1,-1,-1,-1
30,3,702.875,1248.11,40,40,1,-1,-1,-1
31,1,837.445,400.29,40,40,1,-1,-1,-1
31,2,626.06,1290.985,40,40,1,-1,-1,-1
31,3,703.0450000000001,1245.835,40,40,1,-1,-1,-1
32,1,837.1,403.695,40,40,1,-1,-1,-1
32,2,626.985,1289.5449999999998,40,40,1,-1,-1,-1
32,3,702.355,1243.76,40,40,1,-1,-1,-1
33,1,836.8249999999999,408.175,40,40,1,-1,-1,-1
33,2,627.055,1287.515,40,40,1,-1,-1,-1
33,3,702.03,1241.75,40,40,1,-1,-1,-1
34,1,835.275,411.075,40,40,1,-1,-1,-1
34,2,627.43,1286.225,40,40,1,-1,-1,-1
34,3,701.1700000000001,1240.435,40,40,1,-1,-1,-1
35,1,833.265,414.03,40,40,1,-1,-1,-1
35,2,627.93,1284.895,40,40,1,-1,-1,-1
35,3,700.13,1239.3700000000001,40,40,1,-1,-1,-1
36,1,831.745,415.695,40,40,1,-1,-1,-1
36,2,628.1500000000001,1283.87,40,40,1,-1,-1,-1
36,3,697.705,1238.395,40,40,1,-1,-1,-1
37,1,829.1750000000001,418.195,40,40,1,-1,-1,-1
37,2,628.9100000000001,1282.95,40,40,1,-1,-1,-1
37,3,696.1,1237.445,40,40,1,-1,-1,-1
38,1,826.8050000000001,419.69000000000005,40,40,1,-1,-1,-1
38,2,629.205,1282.0449999999998,40,40,1,-1,-1,-1
38,3,694.1750000000001,1236.5049999999999,40,40,1,-1,-1,-1
39,1,824.55,421.475,40,40,1,-1,-1,-1
39,2,629.995,1281.81,40,40,1,-1,-1,-1
39,3,692.75,1235.56,40,40,1,-1,-1,-1
40,1,821.73,421.40999999999997,40,40,1,-1,-1,-1
40,2,630.3,1281.16,40,40,1,-1,-1,-1
40,3,691.555,1234.61,40,40,1,-1,-1,-1
41,1,819.955,421.265,40,40,1,-1,-1,-1
41,2,631.0699999999999,1281.0,40,40,1,-1,-1,-1
41,3,689.785,1233.665,40,40,1,-1,-1,-1
42,1,817.295,421.79499999999996,40,40,1,-1,-1,-1
42,2,631.375,1281.68,40,40,1,-1,-1,-1
42,3,688.4699999999999,1232.04,40,40,1,-1,-1,-1
43,1,815.01,420.62,40,40,1,-1,-1,-1
43,2,632.8000000000001,1282.67,40,40,1,-1,-1,-1
43,3,686.65,1230.83,40,40,1,-1,-1,-1
44,1,813.475,419.42,40,40,1,-1,-1,-1
44,2,633.34,1283.1,40,40,1,-1,-1,-1
44,3,686.0,1229.105,40,40,1,-1,-1,-1
45,1,810.945,418.245,40,40,1,-1,-1,-1
45,2,634.855,1283.645,40,40,1,-1,-1,-1
45,3,685.785,1227.855,40,40,1,-1,-1,-1
46,1,809.36,417.1,40,40,1,-1,-1,-1
46,2,636.7299999999999,1286.52,40,40,1,-1,-1,-1
46,3,685.7299999999999,1226.115,40,40,1,-1,-1,-1
47,1,808.13,415.335,40,40,1,-1,-1,-1
47,2,638.085,1288.955,40,40,1,-1,-1,-1
47,3,685.1850000000001,1224.5800000000002,40,40,1,-1,-1,-1
48,1,807.705,413.96,40,40,1,-1,-1,-1
48,2,639.24,1290.56,40,40,1,-1,-1,-1
49,1,806.9200000000001,411.46000000000004,40,40,1,-1,-1,-1
49,2,639.65,1294.145,40,40,1,-1,-1,-1
50,1,806.0,409.165,40,40,1,-1,-1,-1
50,2,641.105,1295.835,40,40,1,-1,-1,-1
51,1,805.6899999999999,406.315,40,40,1,-1,-1,-1
51,2,642.28,1297.7700000000002,40,40,1,-1,-1,-1
51,3,689.45,1204.21,40,40,1,-1,-1,-1
52,1,805.605,403.28,40,40,1,-1,-1,-1
52,2,643.3499999999999,1300.44,40,40,1,-1,-1,-1
52,3,690.1750000000001,1200.445,40,40,1,-1,-1,-1
53,1,806.265,400.16499999999996,40,40,1,-1,-1,-1
53,2,644.4,1302.76,40,40,1,-1,-1,-1
53,3,689.775,1197.8200000000002,40,40,1,-1,-1,-1
54,1,806.5600000000001,399.03499999999997,40,40,1,-1,-1,-1
54,2,644.76,1303.6100000000001,40,40,1,-1,-1,-1
54,3,689.63,1196.905,40,40,1,-1,-1,-1
55,1,807.35,394.645,40,40,1,-1,-1,-1
55,2,645.515,1307.17,40,40,1,-1,-1,-1
55,3,690.215,1189.18,40,40,1,-1,-1,-1
56,1,807.67,391.065,40,40,1,-1,-1,-1
56,2,645.78,1309.8,40,40,1,-1,-1,-1
56,3,689.79,1183.73,40,40,1,-1,-1,-1
57,1,808.46,387.12,40,40,1,-1,-1,-1
57,2,645.845,1312.065,40,40,1,-1,-1,-1
57,3,689.625,1180.105,40,40,1,-1,-1,-1
58,1,809.42,383.73499999999996,40,40,1,-1,-1,-1
58,2,645.19,1315.505,40,40,1,-1,-1,-1
58,3,689.225,1177.54,40,40,1,-1,-1,-1
59,1,811.085,379.91499999999996,40,40,1,-1,-1,-1
59,2,644.9150000000001,1317.41,40,40,1,-1,-1,-1
59,3,687.43,1176.035,40,40,1,-1,-1,-1
60,1,813.065,375.88,40,40,1,-1,-1,-1
60,2,644.12,1320.05,40,40,1,-1,-1,-1
60,3,685.44,1174.925,40,40,1,-1,-1,-1
61,1,815.1,371.825,40,40,1,-1,-1,-1
61,2,643.8199999999999,1322.9550000000002,40,40,1,-1,-1,-1
61,3,682.715,1174.3000000000002,40,40,1,-1,-1,-1
62,1,817.2,367.73499999999996,40,40,1,-1,-1,-1
62,2,642.36,1326.6350000000002,40,40,1,-1,-1,-1
62,3,681.705,1173.505,40,40,1,-1,-1,-1
63,1,819.27,364.315,40,40,1,-1,-1,-1
63,2,641.15,1329.26,40,40,1,-1,-1,-1
63,3,679.365,1173.3,40,40,1,-1,-1,-1
64,1,820.69,360.5,40,40,1,-1,-1,-1
64,2,639.375,1332.145,40,40,1,-1,-1,-1
64,3,675.875,1173.97,40,40,1,-1,-1,-1
65,1,823.175,356.52000000000004,40,40,1,-1,-1,-1
65,2,638.045,1335.795,40,40,1,-1,-1,-1
65,3,672.6049999999999,1174.97,40,40,1,-1,-1,-1
66,1,826.055,352.495,40,40,1,-1,-1,-1
66,2,634.9100000000001,1337.74,40,40,1,-1,-1,-1
66,3,670.75,1176.09,40,40,1,-1,-1,-1
67,1,829.085,348.45000000000005,40,40,1,-1,-1,-1
67,2,632.425,1340.375,40,40,1,-1,-1,-1
67,3,668.125,1178.5449999999998,40,40,1,-1,-1,-1
68,1,832.1550000000001,345.06,40,40,1,-1,-1,-1
68,2,630.2,1341.93,40,40,1,-1,-1,-1
68,3,665.875,1180.8049999999998,40,40,1,-1,-1,-1
69,1,837.22,341.26500000000004,40,40,1,-1,-1,-1
69,2,628.0749999999999,1345.065,40,40,1,-1,-1,-1
69,3,664.4200000000001,1183.6850000000002,40,40,1,-1,-1,-1
70,1,841.715,338.63,40,40,1,-1,-1,-1
70,2,625.995,1347.49,40,40,1,-1,-1,-1
70,3,663.26,1186.77,40,40,1,-1,-1,-1
71,1,846.635,334.46500000000003,40,40,1,-1,-1,-1
71,2,623.925,1349.6299999999999,40,40,1,-1,-1,-1
71,3,661.575,1189.265,40,40,1,-1,-1,-1
72,1,850.39,330.37,40,40,1,-1,-1,-1
72,2,623.1850000000001,1353.6399999999999,40,40,1,-1,-1,-1
72,3,660.325,1192.845,40,40,1,-1,-1,-1
73,1,855.66,326.97499999999997,40,40,1,-1,-1,-1
73,2,622.95,1356.395,40,40,1,-1,-1,-1
73,3,659.255,1192.8600000000001,40,40,1,-1,-1,-1
74,1,860.875,324.51,40,40,1,-1,-1,-1
74,2,622.255,1359.315,40,40,1,-1,-1,-1
74,3,657.92,1195.83,40,40,1,-1,-1,-1
75,1,866.03,321.725,40,40,1,-1,-1,-1
75,2,622.6949999999999,1362.965,40,40,1,-1,-1,-1
75,3,656.485,1198.9199999999998,40,40,1,-1,-1,-1
76,1,871.17,319.5,40,40,1,-1,-1,-1
76,2,622.915,1366.89,40,40,1,-1,-1,-1
76,3,655.67,1202.02,40,40,1,-1,-1,-1
77,1,876.97,317.46500000000003,40,40,1,-1,-1,-1
77,2,625.03,1370.905,40,40,1,-1,-1,-1
77,3,654.43,1203.13,40,40,1,-1,-1,-1
78,1,882.3100000000001,316.17,40,40,1,-1,-1,-1
78,2,626.5,1374.3,40,40,1,-1,-1,-1
78,3,654.3449999999999,1204.83,40,40,1,-1,-1,-1
79,1,887.475,315.135,40,40,1,-1,-1,-1
79,2,627.74,1376.775,40,40,1,-1,-1,-1
79,3,653.7049999999999,1206.74,40,40,1,-1,-1,-1
80,1,892.235,315.19,40,40,1,-1,-1,-1
80,2,628.2199999999999,1379.58,40,40,1,-1,-1,-1
80,3,652.1850000000001,1208.065,40,40,1,-1,-1,-1
81,1,896.515,312.93,40,40,1,-1,-1,-1
81,2,629.73,1381.845,40,40,1,-1,-1,-1
81,3,650.985,1209.4950000000001,40,40,1,-1,-1,-1
82,2,632.245,1385.2199999999998,40,40,1,-1,-1,-1
83,2,635.1949999999999,1387.7250000000001,40,40,1,-1,-1,-1
83,3,648.09,1220.6200000000001,40,40,1,-1,-1,-1
84,2,637.62,1388.885,40,40,1,-1,-1,-1
84,3,647.635,1225.0449999999998,40,40,1,-1,-1,-1
85,1,896.36,315.115,40,40,1,-1,-1,-1
85,2,639.8449999999999,1390.515,40,40,1,-1,-1,-1
85,3,646.8249999999999,1227.8700000000001,40,40,1,-1,-1,-1
86,1,893.0450000000001,314.65000000000003,40,40,1,-1,-1,-1
86,2,641.965,1390.6899999999998,40,40,1,-1,-1,-1
86,3,646.5600000000001,1230.1599999999999,40,40,1,-1,-1,-1
87,1,887.1600000000001,314.5,40,40,1,-1,-1,-1
87,2,645.365,1392.325,40,40,1,-1,-1,-1
87,3,647.155,1233.56,40,40,1,-1,-1,-1
88,1,880.27,313.83,40,40,1,-1,-1,-1
88,2,649.26,1391.85,40,40,1,-1,-1,-1
88,3,646.76,1236.73,40,40,1,-1,-1,-1
88,6,930.98,315.22,40,40,1,-1,-1,-1
89,1,873.015,311.64500000000004,40,40,1,-1,-1,-1
89,2,652.975,1391.27,40,40,1,-1,-1,-1
89,3,646.65,1239.8049999999998,40,40,1,-1,-1,-1
89,6,938.3850000000001,314.22499999999997,40,40,1,-1,-1,-1
90,1,864.425,308.89500000000004,40,40,1,-1,-1,-1
90,2,657.2950000000001,1389.9650000000001,40,40,1,-1,-1,-1
90,3,647.3,1242.19,40,40,1,-1,-1,-1
90,6,945.115,312.43,40,40,1,-1,-1,-1
91,1,855.9,305.91499999999996,40,40,1,-1,-1,-1
91,2,659.5,1389.4299999999998,40,40,1,-1,-1,-1
91,3,648.89,1246.2849999999999,40,40,1,-1,-1,-1
91,6,951.435,309.715,40,40,1,-1,-1,-1
92,1,848.095,304.165,40,40,1,-1,-1,-1
92,2,662.885,1388.545,40,40,1,-1,-1,-1
92,3,650.825,1249.05,40,40,1,-1,-1,-1
92,6,956.6500000000001,308.4,40,40,1,-1,-1,-1
93,1,840.61,301.585,40,40,1,-1,-1,-1
93,2,667.37,1387.5049999999999,40,40,1,-1,-1,-1
93,3,652.895,1251.97,40,40,1,-1,-1,-1
94,1,833.25,300.0,40,40,1,-1,-1,-1
94,2,670.305,1385.755,40,40,1,-1,-1,-1
94,3,655.655,1255.6,40,40,1,-1,-1,-1
95,1,826.63,299.46000000000004,40,40,1,-1,-1,-1
95,2,673.3,1384.395,40,40,1,-1,-1,-1
95,3,658.665,1258.8400000000001,40,40,1,-1,-1,-1
96,1,820.96,299.96999999999997,40,40,1,-1,-1,-1
96,2,676.315,1385.2,40,40,1,-1,-1,-1
96,3,662.4,1263.2450000000001,40,40,1,-1,-1,-1
97,1,816.33,300.855,40,40,1,-1,-1,-1
97,2,677.355,1384.84,40,40,1,-1,-1,-1
97,3,665.7950000000001,1266.785,40,40,1,-1,-1,-1
98,1,812.4100000000001,303.205,40,40,1,-1,-1,-1
98,2,678.295,1385.35,40,40,1,-1,-1,-1
98,3,669.6550000000001,1269.9850000000001,40,40,1,-1,-1,-1
99,1,810.4,305.435,40,40,1,-1,-1,-1
99,2,679.2149999999999,1386.2,40,40,1,-1,-1,-1
99,3,673.06,1275.045,40,40,1,-1,-1,-1
100,1,808.495,308.31,40,40,1,-1,-1,-1
100,2,681.46,1387.155,40,40,1,-1,-1,-1
100,3,675.59,1278.8,40,40,1,-1,-1,-1
101,1,808.535,311.355,40,40,1,-1,-1,-1
101,2,682.2199999999999,1388.84,40,40,1,-1,-1,-1
101,3,677.4799999999999,1282.7350000000001,40,40,1,-1,-1,-1
102,1,809.99,313.505,40,40,1,-1,-1,-1
102,2,683.0899999999999,1390.115,40,40,1,-1,-1,-1
102,3,678.785,1285.7350000000001,40,40,1,-1,-1,-1
103,1,811.3149999999999,317.25,40,40,1,-1,-1,-1
103,2,684.0,1391.905,40,40,1,-1,-1,-1
103,3,680.2049999999999,1290.3700000000001,40,40,1,-1,-1,-1
104,1,813.91,320.64,40,40,1,-1,-1,-1
104,2,685.6,1393.205,40,40,1,-1,-1,-1
104,3,680.6600000000001,1294.6299999999999,40,40,1,-1,-1,-1
105,1,816.95,322.23,40,40,1,-1,-1,-1
105,2,687.455,1395.655,40,40,1,-1,-1,-1
105,3,680.115,1298.7450000000001,40,40,1,-1,-1,-1
106,1,820.455,324.43,40,40,1,-1,-1,-1
106,2,688.0899999999999,1397.86,40,40,1,-1,-1,-1
106,3,676.88,1301.81,40,40,1,-1,-1,-1
107,1,824.1600000000001,325.89,40,40,1,-1,-1,-1
107,2,688.9200000000001,1399.33,40,40,1,-1,-1,-1
107,3,674.635,1305.8000000000002,40,40,1,-1,-1,-1
108,1,825.585,326.39,40,40,1,-1,-1,-1
108,2,689.17,1399.83,40,40,1,-1,-1,-1
108,3,673.735,1307.175,40,40,1,-1,-1,-1
109,1,829.44,326.53000000000003,40,40,1,-1,-1,-1
109,2,691.19,1401.3000000000002,40,40,1,-1,-1,-1
109,3,667.105,1311.845,40,40,1,-1,-1,-1
110,1,833.865,325.21999999999997,40,40,1,-1,-1,-1
110,2,692.5649999999999,1402.48,40,40,1,-1,-1,-1
110,3,660.7099999999999,1314.81,40,40,1,-1,-1,-1
111,1,837.5300000000001,324.005,40,40,1,-1,-1,-1
111,2,693.685,1404.19,40,40,1,-1,-1,-1
111,3,654.9499999999999,1318.76,40,40,1,-1,-1,-1
112,1,840.2,322.205,40,40,1,-1,-1,-1
112,2,694.055,1404.15,40,40,1,-1,-1,-1
112,3,648.495,1320.77,40,40,1,-1,-1,-1
113,1,842.49,320.15000000000003,40,40,1,-1,-1,-1
113,2,693.5,1404.7450000000001,40,40,1,-1,-1,-1
113,3,641.12,1323.375,40,40,1,-1,-1,-1
114,1,844.63,318.7,40,40,1,-1,-1,-1
114,2,693.225,1404.265,40,40,1,-1,-1,-1
114,3,634.1899999999999,1325.565,40,40,1,-1,-1,-1
115,1,846.7099999999999,316.83500000000004,40,40,1,-1,-1,-1
115,2,692.435,1404.72,40,40,1,-1,-1,-1
115,3,627.7099999999999,1327.5849999999998,40,40,1,-1,-1,-1
116,1,850.075,315.495,40,40,1,-1,-1,-1
116,2,691.4399999999999,1404.2,40,40,1,-1,-1,-1
116,3,620.4300000000001,1329.5449999999998,40,40,1,-1,-1,-1
117,1,853.255,312.38000000000005,40,40,1,-1,-1,-1
117,2,689.7,1403.96,40,40,1,-1,-1,-1
117,3,613.85,1329.84,40,40,1,-1,-1,-1
117,6,951.72,313.8,40,40,1,-1,-1,-1
118,1,856.39,309.20500000000004,40,40,1,-1,-1,-1
118,2,688.38,1403.86,40,40,1,-1,-1,-1
118,3,607.2349999999999,1331.5,40,40,1,-1,-1,-1
118,6,948.85,312.51,40,40,1,-1,-1,-1
119,1,858.8100000000001,306.735,40,40,1,-1,-1,-1
119,2,686.5300000000001,1403.1299999999999,40,40,1,-1,-1,-1
119,3,601.59,1332.68,40,40,1,-1,-1,-1
119,6,945.975,310.77500000000003,40,40,1,-1,-1,-1
120,1,860.9749999999999,304.515,40,40,1,-1,-1,-1
120,2,684.52,1402.845,40,40,1,-1,-1,-1
120,3,595.335,1334.03,40,40,1,-1,-1,-1
120,6,942.9350000000001,307.40999999999997,40,40,1,-1,-1,-1
121,1,863.02,302.39000000000004,40,40,1,-1,-1,-1
121,2,682.4350000000001,1402.72,40,40,1,-1,-1,-1
121,3,590.515,1335.77,40,40,1,-1,-1,-1
121,6,939.1,304.125,40,40,1,-1,-1,-1
122,1,865.045,299.675,40,40,1,-1,-1,-1
122,2,680.35,1402.655,40,40,1,-1,-1,-1
122,3,586.235,1338.325,40,40,1,-1,-1,-1
122,6,936.4300000000001,301.60999999999996,40,40,1,-1,-1,-1
123,1,867.04,296.69500000000005,40,40,1,-1,-1,-1
123,2,678.915,1402.6299999999999,40,40,1,-1,-1,-1
123,3,582.815,1342.165,40,40,1,-1,-1,-1
123,6,934.1800000000001,299.405,40,40,1,-1,-1,-1
124,1,868.38,294.33,40,40,1,-1,-1,-1
124,2,677.0799999999999,1403.27,40,40,1,-1,-1,-1
124,3,579.73,1345.855,40,40,1,-1,-1,-1
124,6,932.08,295.95500000000004,40,40,1,-1,-1,-1
125,1,869.465,292.185,40,40,1,-1,-1,-1
125,2,674.43,1404.1650000000002,40,40,1,-1,-1,-1
125,3,577.4100000000001,1350.115,40,40,1,-1,-1,-1
125,6,931.38,294.065,40,40,1,-1,-1,-1
126,1,870.455,290.78000000000003,40,40,1,-1,-1,-1
126,2,672.8050000000001,1405.805,40,40,1,-1,-1,-1
126,3,576.05,1353.95,40,40,1,-1,-1,-1
126,6,929.19,292.76,40,40,1,-1,-1,-1
127,1,870.085,289.66,40,40,1,-1,-1,-1
127,2,671.57,1407.09,40,40,1,-1,-1,-1
127,3,575.6800000000001,1358.25,40,40,1,-1,-1,-1
127,6,929.12,291.685,40,40,1,-1,-1,-1
128,1,869.88,288.645,40,40,1,-1,-1,-1
128,2,669.155,1408.21,40,40,1,-1,-1,-1
128,3,575.37,1362.415,40,40,1,-1,-1,-1
128,6,929.135,290.66499999999996,40,40,1,-1,-1,-1
129,1,869.09,288.33,40,40,1,-1,-1,-1
129,2,667.635,1409.2649999999999,40,40,1,-1,-1,-1
129,3,575.715,1367.18,40,40,1,-1,-1,-1
129,6,929.205,290.35499999999996,40,40,1,-1,-1,-1
130,1,868.0799999999999,287.60999999999996,40,40,1,-1,-1,-1
130,2,665.7900000000001,1410.9650000000001,40,40,1,-1,-1,-1
130,3,576.63,1371.5,40,40,1,-1,-1,-1
130,6,929.305,289.635,40,40,1,-1,-1,-1
131,1,868.315,286.74,40,40,1,-1,-1,-1
131,2,663.8100000000001,1413.58,40,40,1,-1,-1,-1
131,3,579.385,1376.3,40,40,1,-1,-1,-1
131,6,929.3950000000001,288.76,40,40,1,-1,-1,-1
132,1,867.725,285.79,40,40,1,-1,-1,-1
132,2,663.12,1415.1750000000002,40,40,1,-1,-1,-1
132,3,582.545,1380.63,40,40,1,-1,-1,-1
132,6,928.405,287.46500000000003,40,40,1,-1,-1,-1
133,1,867.475,284.175,40,40,1,-1,-1,-1
133,2,661.6,1416.41,40,40,1,-1,-1,-1
133,3,585.4050000000001,1384.7649999999999,40,40,1,-1,-1,-1
134,1,866.6949999999999,282.945,40,40,1,-1,-1,-1
134,2,660.41,1418.1450000000002,40,40,1,-1,-1,-1
134,3,589.495,1387.505,40,40,1,-1,-1,-1
134,6,930.28,284.98,40,40,1,-1,-1,-1
135,1,865.7149999999999,281.87,40,40,1,-1,-1,-1
135,2,658.6850000000001,1418.7649999999999,40,40,1,-1,-1,-1
135,3,592.765,1390.7050000000002,40,40,1,-1,-1,-1
135,6,929.6850000000001,283.69,40,40,1,-1,-1,-1
136,1,864.02,280.2,40,40,1,-1,-1,-1
136,2,657.44,1420.96,40,40,1,-1,-1,-1
136,3,597.565,1393.4450000000002,40,40,1,-1,-1,-1
137,1,862.705,279.61,40,40,1,-1,-1,-1
137,2,656.35,1423.0500000000002,40,40,1,-1,-1,-1
137,3,602.04,1395.6550000000002,40,40,1,-1,-1,-1
138,1,862.61,278.35499999999996,40,40,1,-1,-1,-1
138,2,654.68,1424.45,40,40,1,-1,-1,-1
138,3,605.685,1396.36,40,40,1,-1,-1,-1
139,2,652.095,1426.26,40,40,1,-1,-1,-1
139,3,609.66,1395.835,40,40,1,-1,-1,-1
140,2,649.87,1426.885,40,40,1,-1,-1,-1
140,3,613.11,1394.835,40,40,1,-1,-1,-1
141,2,647.77,1428.39,40,40,1,-1,-1,-1
141,3,616.3199999999999,1394.3600000000001,40,40,1,-1,-1,-1
142,2,645.0450000000001,1428.245,40,40,1,-1,-1,-1
142,3,619.105,1392.155,40,40,1,-1,-1,-1
143,2,643.4250000000001,1429.46,40,40,1,-1,-1,-1
143,3,621.4,1390.585,40,40,1,-1,-1,-1
144,2,642.215,1430.545,40,40,1,-1,-1,-1
144,3,623.84,1389.24,40,40,1,-1,-1,-1
145,2,641.1700000000001,1431.57,40,40,1,-1,-1,-1
145,3,625.01,1388.065,40,40,1,-1,-1,-1
146,2,639.515,1432.575,40,40,1,-1,-1,-1
146,3,626.04,1385.94,40,40,1,-1,-1,-1
147,2,638.945,1432.905,40,40,1,-1,-1,-1
147,3,627.01,1384.4499999999998,40,40,1,-1,-1,-1
148,2,638.8000000000001,1434.315,40,40,1,-1,-1,-1
148,3,627.9649999999999,1383.885,40,40,1,-1,-1,-1
149,2,638.81,1435.4699999999998,40,40,1,-1,-1,-1
149,3,628.9100000000001,1383.6499999999999,40,40,1,-1,-1,-1
150,2,639.52,1436.52,40,40,1,-1,-1,-1
150,3,629.865,1383.565,40,40,1,-1,-1,-1
151,2,640.48,1437.5349999999999,40,40,1,-1,-1,-1
151,3,630.825,1383.53,40,40,1,-1,-1,-1
152,2,641.565,1439.195,40,40,1,-1,-1,-1
152,3,630.465,1384.18,40,40,1,-1,-1,-1
153,2,641.9799999999999,1439.79,40,40,1,-1,-1,-1
153,3,630.295,1384.42,40,40,1,-1,-1,-1
154,2,645.46,1439.965,40,40,1,-1,-1,-1
154,3,630.1700000000001,1384.51,40,40,1,-1,-1,-1
155,2,648.0849999999999,1440.005,40,40,1,-1,-1,-1
155,3,630.08,1384.5400000000002,40,40,1,-1,-1,-1
156,2,651.08,1439.975,40,40,1,-1,-1,-1
156,3,629.34,1383.215,40,40,1,-1,-1,-1
157,2,653.525,1440.585,40,40,1,-1,-1,-1
157,3,628.6999999999999,1382.39,40,40,1,-1,-1,-1
158,2,655.755,1440.785,40,40,1,-1,-1,-1
158,3,627.76,1380.75,40,40,1,-1,-1,-1
159,2,657.88,1440.8400000000001,40,40,1,-1,-1,-1
159,3,627.395,1377.4950000000001,40,40,1,-1,-1,-1
160,2,660.62,1442.145,40,40,1,-1,-1,-1
160,3,624.92,1374.2949999999998,40,40,1,-1,-1,-1
161,2,662.945,1442.625,40,40,1,-1,-1,-1
161,3,623.9749999999999,1370.1399999999999,40,40,1,-1,-1,-1
162,2,666.395,1444.09,40,40,1,-1,-1,-1
162,3,622.31,1365.31,40,40,1,-1,-1,-1
163,2,667.97,1444.845,40,40,1,-1,-1,-1
163,3,621.6899999999999,1361.605,40,40,1,-1,-1,-1
164,3,619.48,1356.28,40,40,1,-1,-1,-1
165,3,618.6600000000001,1351.7250000000001,40,40,1,-1,-1,-1
166,3,616.385,1346.11,40,40,1,-1,-1,-1
167,3,614.885,1340.76,40,40,1,-1,-1,-1
168,3,613.6899999999999,1335.56,40,40,1,-1,-1,-1
169,3,611.955,1330.4150000000002,40,40,1,-1,-1,-1
170,3,610.6700000000001,1325.3,40,40,1,-1,-1,-1
171,3,610.88,1319.5349999999999,40,40,1,-1,-1,-1
172,3,611.0,1315.5249999999999,40,40,1,-1,-1,-1
173,3,611.735,1310.865,40,40,1,-1,-1,-1
174,3,612.715,1307.27,40,40,1,-1,-1,-1
175,3,613.0849999999999,1303.425,40,40,1,-1,-1,-1
176,3,614.575,1300.815,40,40,1,-1,-1,-1
177,3,616.8050000000001,1297.66,40,40,1,-1,-1,-1
178,3,618.64,1295.295,40,40,1,-1,-1,-1
179,3,621.975,1291.565,40,40,1,-1,-1,-1
180,3,624.865,1289.9699999999998,40,40,1,-1,-1,-1
181,3,627.25,1287.86,40,40,1,-1,-1,-1
182,3,629.765,1287.175,40,40,1,-1,-1,-1
183,3,632.985,1287.38,40,40,1,-1,-1,-1
184,3,636.14,1287.2399999999998,40,40,1,-1,-1,-1
185,3,638.26,1287.935,40,40,1,-1,-1,-1
186,3,640.32,1289.2749999999999,40,40,1,-1,-1,-1
187,3,642.3499999999999,1290.205,40,40,1,-1,-1,-1
188,3,644.365,1292.245,40,40,1,-1,-1,-1
189,3,645.725,1294.075,40,40,1,-1,-1,-1
190,3,647.485,1296.7649999999999,40,40,1,-1,-1,-1
191,3,648.095,1298.47,40,40,1,-1,-1,-1
192,3,648.9200000000001,1300.44,40,40,1,-1,-1,-1
193,3,649.495,1302.845,40,40,1,-1,-1,-1
194,3,649.32,1304.74,40,40,1,-1,-1,-1
195,3,649.2,1306.75,40,40,1,-1,-1,-1
196,3,649.115,1308.15,40,40,1,-1,-1,-1
197,3,648.38,1309.31,40,40,1,-1,-1,-1
198,3,648.06,1310.3850000000002,40,40,1,-1,-1,-1
199,3,647.92,1311.4150000000002,40,40,1,-1,-1,-1
200,3,647.175,1313.085,40,40,1,-1,-1,-1
201,3,647.21,1314.685,40,40,1,-1,-1,-1
202,3,647.865,1315.24,40,40,1,-1,-1,-1
203,3,647.7650000000001,1315.4150000000002,40,40,1,-1,-1,-1
204,3,647.71,1314.78,40,40,1,-1,-1,-1
205,3,648.3349999999999,1314.175,40,40,1,-1,-1,-1
206,3,650.545,1313.27,40,40,1,-1,-1,-1
207,3,652.02,1311.5849999999998,40,40,1,-1,-1,-1
208,3,653.875,1310.27,40,40,1,-1,-1,-1
209,3,655.2199999999999,1308.4450000000002,40,40,1,-1,-1,-1
210,3,657.015,1306.44,40,40,1,-1,-1,-1
211,3,659.64,1303.71,40,40,1,-1,-1,-1
212,3,661.915,1300.71,40,40,1,-1,-1,-1
213,3,663.385,1298.285,40,40,1,-1,-1,-1
214,3,665.22,1296.085,40,40,1,-1,-1,-1
215,3,667.175,1292.6550000000002,40,40,1,-1,-1,-1
216,3,669.185,1289.4250000000002,40,40,1,-1,-1,-1
217,3,670.5550000000001,1286.605,40,40,1,-1,-1,-1
218,3,672.34,1282.96,40,40,1,-1,-1,-1
219,3,673.9449999999999,1279.6650000000002,40,40,1,-1,-1,-1
220,3,674.8199999999999,1275.8549999999998,40,40,1,-1,-1,-1
221,3,676.085,1271.865,40,40,1,-1,-1,-1
222,3,676.8349999999999,1268.465,40,40,1,-1,-1,-1
223,3,677.0649999999999,1265.2949999999998,40,40,1,-1,-1,-1
224,3,677.4399999999999,1260.885,40,40,1,-1,-1,-1
225,3,677.535,1257.3449999999998,40,40,1,-1,-1,-1
226,3,676.2,1253.48,40,40,1,-1,-1,-1
227,3,674.3449999999999,1250.1499999999999,40,40,1,-1,-1,-1
228,3,672.9300000000001,1246.36,40,40,1,-1,-1,-1
229,3,670.73,1243.065,40,40,1,-1,-1,-1
230,3,668.92,1239.315,40,40,1,-1,-1,-1
231,3,666.9200000000001,1236.0249999999999,40,40,1,-1,-1,-1
232,3,663.53,1232.27,40,40,1,-1,-1,-1
233,3,660.93,1228.33,40,40,1,-1,-1,-1
234,3,657.33,1224.315,40,40,1,-1,-1,-1
235,3,656.07,1220.88,40,40,1,-1,-1,-1
237,3,647.1,1206.32,40,40,1,-1,-1,-1
238,3,642.985,1202.71,40,40,1,-1,-1,-1
239,3,638.605,1199.515,40,40,1,-1,-1,-1
240,3,634.755,1194.51,40,40,1,-1,-1,-1
241,3,631.405,1189.465,40,40,1,-1,-1,-1
242,3,627.2750000000001,1184.09,40,40,1,-1,-1,-1
243,3,623.835,1179.9,40,40,1,-1,-1,-1
244,3,621.3100000000001,1173.865,40,40,1,-1,-1,-1
245,3,617.825,1167.465,40,40,1,-1,-1,-1
246,3,613.99,1161.595,40,40,1,-1,-1,-1
247,3,611.985,1154.9399999999998,40,40,1,-1,-1,-1
248,3,608.0350000000001,1147.9850000000001,40,40,1,-1,-1,-1
249,3,604.6750000000001,1141.9199999999998,40,40,1,-1,-1,-1
250,3,602.1999999999999,1135.215,40,40,1,-1,-1,-1
251,3,600.0600000000001,1129.91,40,40,1,-1,-1,-1
251,7,565.585,1161.8400000000001,40,40,1,-1,-1,-1
252,3,597.39,1122.495,40,40,1,-1,-1,-1
252,7,562.075,1156.3,40,40,1,-1,-1,-1
253,3,594.505,1115.945,40,40,1,-1,-1,-1
253,7,558.11,1150.635,40,40,1,-1,-1,-1
254,3,592.53,1110.715,40,40,1,-1,-1,-1
254,7,556.17,1143.53,40,40,1,-1,-1,-1
255,3,589.92,1105.0,40,40,1,-1,-1,-1
255,7,552.8149999999999,1137.79,40,40,1,-1,-1,-1
256,3,587.055,1099.095,40,40,1,-1,-1,-1
256,7,550.36,1132.535,40,40,1,-1,-1,-1
257,3,584.76,1094.4550000000002,40,40,1,-1,-1,-1
257,7,546.865,1126.7649999999999,40,40,1,-1,-1,-1
258,3,581.025,1089.605,40,40,1,-1,-1,-1
258,7,545.015,1121.4950000000001,40,40,1,-1,-1,-1
259,3,577.07,1085.3500000000001,40,40,1,-1,-1,-1
259,7,541.095,1116.405,40,40,1,-1,-1,-1
260,3,573.375,1081.31,40,40,1,-1,-1,-1
260,7,538.42,1112.06,40,40,1,-1,-1,-1
261,3,568.46,1078.67,40,40,1,-1,-1,-1
261,7,535.59,1106.9199999999998,40,40,1,-1,-1,-1
262,3,566.73,1077.87,40,40,1,-1,-1,-1
263,3,559.2600000000001,1074.4550000000002,40,40,1,-1,-1,-1
264,3,553.25,1071.345,40,40,1,-1,-1,-1
265,3,546.475,1069.6999999999998,40,40,1,-1,-1,-1
266,3,540.1,1069.25,40,40,1,-1,-1,-1
267,3,532.575,1069.225,40,40,1,-1,-1,-1
268,3,524.65,1068.655,40,40,1,-1,-1,-1
269,3,516.515,1068.595,40,40,1,-1,-1,-1
270,3,509.025,1068.015,40,40,1,-1,-1,-1
271,3,500.43000000000006,1068.575,40,40,1,-1,-1,-1
272,3,494.135,1068.87,40,40,1,-1,-1,-1
273,3,487.35,1069.07,40,40,1,-1,-1,-1
274,3,481.07,1069.185,40,40,1,-1,-1,-1
275,3,475.64,1069.3049999999998,40,40,1,-1,-1,-1
276,3,469.85,1068.725,40,40,1,-1,-1,-1
277,3,464.605,1067.2250000000001,40,40,1,-1,-1,-1
278,3,458.88500000000005,1065.365,40,40,1,-1,-1,-1
279,3,454.33500000000004,1064.055,40,40,1,-1,-1,-1
280,3,450.19,1062.9399999999998,40,40,1,-1,-1,-1
281,3,446.52000000000004,1059.935,40,40,1,-1,-1,-1
282,3,443.395,1057.5,40,40,1,-1,-1,-1
283,3,441.1,1053.99,40,40,1,-1,-1,-1
284,3,436.33500000000004,1052.24,40,40,1,-1,-1,-1
285,3,440.935,1046.96,40,40,1,-1,-1,-1
286,3,442.47999999999996,1043.59,40,40,1,-1,-1,-1
287,3,444.695,1039.79,40,40,1,-1,-1,-1
288,3,448.61,1035.1499999999999,40,40,1,-1,-1,-1
289,3,452.11,1029.565,40,40,1,-1,-1,-1
290,3,456.935,1024.865,40,40,1,-1,-1,-1
291,3,462.61,1021.24,40,40,1,-1,-1,-1
292,3,467.495,1017.3499999999999,40,40,1,-1,-1,-1
293,3,472.63,1014.0250000000001,40,40,1,-1,-1,-1
294,3,477.19,1010.2450000000001,40,40,1,-1,-1,-1
295,3,482.15999999999997,1007.6300000000001,40,40,1,-1,-1,-1
296,3,487.26,1006.0900000000001,40,40,1,-1,-1,-1
297,3,491.78,1004.9849999999999,40,40,1,-1,-1,-1
298,3,495.395,1004.685,40,40,1,-1,-1,-1
299,3,499.28999999999996,1005.3050000000001,40,40,1,-1,-1,-1
300,3,502.655,1007.0049999999999,40,40,1,-1,-1,-1
301,3,505.14,1009.04,40,40,1,-1,-1,-1
302,3,507.28999999999996,1010.5350000000001,40,40,1,-1,-1,-1
303,3,509.32000000000005,1012.47,40,40,1,-1,-1,-1
304,3,511.30499999999995,1013.895,40,40,1,-1,-1,-1
305,3,510.635,1015.125,40,40,1,-1,-1,-1
306,3,510.28999999999996,1015.605,40,40,1,-1,-1,-1
307,3,508.76,1015.7949999999998,40,40,1,-1,-1,-1
308,3,508.105,1015.2149999999999,40,40,1,-1,-1,-1
309,3,507.82499999999993,1015.0050000000001,40,40,1,-1,-1,-1
310,3,503.735,1011.645,40,40,1,-1,-1,-1
311,3,500.81500000000005,1008.4100000000001,40,40,1,-1,-1,-1
312,3,498.37,1005.2249999999999,40,40,1,-1,-1,-1
313,3,496.14,1001.445,40,40,1,-1,-1,-1
314,3,493.98,996.765,40,40,1,-1,-1,-1
315,3,492.505,992.4,40,40,1,-1,-1,-1
316,3,489.995,987.52,40,40,1,-1,-1,-1
317,3,487.74,983.0849999999999,40,40,1,-1,-1,-1
318,3,486.93,981.52,40,40,1,-1,-1,-1
319,3,484.67,975.0600000000001,40,40,1,-1,-1,-1
320,3,482.52,970.0550000000001,40,40,1,-1,-1,-1
321,3,481.09999999999997,965.65,40,40,1,-1,-1,-1
322,3,479.955,960.8000000000001,40,40,1,-1,-1,-1
323,3,478.91,955.12,40,40,1,-1,-1,-1
324,3,477.24,949.8100000000001,40,40,1,-1,-1,-1
325,3,475.99,944.65,40,40,1,-1,-1,-1
326,3,473.57,940.205,40,40,1,-1,-1,-1
327,3,471.40000000000003,936.04,40,40,1,-1,-1,-1
328,3,469.97,931.325,40,40,1,-1,-1,-1
329,3,469.485,925.745,40,40,1,-1,-1,-1
330,3,468.03499999999997,920.485,40,40,1,-1,-1,-1
331,3,467.54499999999996,914.7149999999999,40,40,1,-1,-1,-1
332,3,468.06,909.4,40,40,1,-1,-1,-1
333,3,468.305,905.5699999999999,40,40,1,-1,-1,-1
334,3,469.755,901.67,40,40,1,-1,-1,-1
335,3,470.995,898.38,40,40,1,-1,-1,-1
336,3,472.815,896.645,40,40,1,-1,-1,-1
337,3,476.805,896.155,40,40,1,-1,-1,-1
338,3,479.65,894.79,40,40,1,-1,-1,-1
339,3,482.71500000000003,893.785,40,40,1,-1,-1,-1
340,3,485.805,893.51,40,40,1,-1,-1,-1
341,3,488.95,893.5550000000001,40,40,1,-1,-1,-1
342,3,491.41,894.3399999999999,40,40,1,-1,-1,-1
343,3,493.595,894.6899999999999,40,40,1,-1,-1,-1
344,3,495.69499999999994,895.575,40,40,1,-1,-1,-1
344,8,687.815,1441.1750000000002,40,40,1,-1,-1,-1
345,3,497.08500000000004,897.295,40,40,1,-1,-1,-1
345,8,686.7,1438.6,40,40,1,-1,-1,-1
346,3,498.22,899.3249999999999,40,40,1,-1,-1,-1
346,8,686.3649999999999,1435.96,40,40,1,-1,-1,-1
347,3,498.58500000000004,901.46,40,40,1,-1,-1,-1
347,8,685.5749999999999,1433.025,40,40,1,-1,-1,-1
348,3,499.985,904.27,40,40,1,-1,-1,-1
348,8,683.25,1427.225,40,40,1,-1,-1,-1
349,3,501.13,907.335,40,40,1,-1,-1,-1
349,8,679.6850000000001,1422.795,40,40,1,-1,-1,-1
350,3,501.5,909.8149999999999,40,40,1,-1,-1,-1
350,8,677.405,1418.5700000000002,40,40,1,-1,-1,-1
351,3,501.595,913.385,40,40,1,-1,-1,-1
351,8,674.265,1414.105,40,40,1,-1,-1,-1
352,3,500.91999999999996,917.35,40,40,1,-1,-1,-1
352,8,671.16,1409.585,40,40,1,-1,-1,-1
353,3,499.96500000000003,921.47,40,40,1,-1,-1,-1
353,8,668.3950000000001,1404.005,40,40,1,-1,-1,-1
354,3,498.91499999999996,925.62,40,40,1,-1,-1,-1
354,8,665.44,1398.73,40,40,1,-1,-1,-1
355,3,497.16999999999996,930.43,40,40,1,-1,-1,-1
355,8,661.76,1393.585,40,40,1,-1,-1,-1
356,3,495.19500000000005,934.14,40,40,1,-1,-1,-1
356,8,658.47,1387.155,40,40,1,-1,-1,-1
357,3,493.09000000000003,938.1149999999999,40,40,1,-1,-1,-1
357,8,655.3299999999999,1381.58,40,40,1,-1,-1,-1
358,3,490.955,941.5250000000001,40,40,1,-1,-1,-1
358,8,651.585,1376.34,40,40,1,-1,-1,-1
359,3,488.83,946.0550000000001,40,40,1,-1,-1,-1
359,8,648.29,1370.565,40,40,1,-1,-1,-1
360,3,485.38,951.63,40,40,1,-1,-1,-1
360,8,643.54,1365.275,40,40,1,-1,-1,-1
361,3,482.165,958.225,40,40,1,-1,-1,-1
361,8,640.8449999999999,1359.495,40,40,1,-1,-1,-1
362,3,478.99,963.235,40,40,1,-1,-1,-1
362,8,637.3,1354.1899999999998,40,40,1,-1,-1,-1
363,3,475.88,968.945,40,40,1,-1,-1,-1
363,8,635.42,1349.07,40,40,1,-1,-1,-1
364,3,471.425,974.2750000000001,40,40,1,-1,-1,-1
364,8,631.51,1344.0249999999999,40,40,1,-1,-1,-1
365,3,468.505,980.115,40,40,1,-1,-1,-1
365,8,629.49,1339.0049999999999,40,40,1,-1,-1,-1
366,3,463.51,985.455,40,40,1,-1,-1,-1
366,8,626.2,1334.005,40,40,1,-1,-1,-1
367,3,460.385,991.265,40,40,1,-1,-1,-1
367,8,623.75,1328.995,40,40,1,-1,-1,-1
368,3,456.65,997.265,40,40,1,-1,-1,-1
368,8,620.955,1323.3449999999998,40,40,1,-1,-1,-1
369,3,452.69,1001.985,40,40,1,-1,-1,-1
369,8,618.36,1318.0949999999998,40,40,1,-1,-1,-1
370,3,449.98499999999996,1008.2349999999999,40,40,1,-1,-1,-1
370,8,616.4899999999999,1313.0,40,40,1,-1,-1,-1
371,3,447.07500000000005,1016.375,40,40,1,-1,-1,-1
371,8,614.575,1307.3049999999998,40,40,1,-1,-1,-1
372,3,444.10999999999996,1022.53,40,40,1,-1,-1,-1
372,8,612.63,1302.05,40,40,1,-1,-1,-1
373,3,443.08,1029.2849999999999,40,40,1,-1,-1,-1
373,8,610.015,1296.96,40,40,1,-1,-1,-1
374,3,443.13,1036.905,40,40,1,-1,-1,-1
374,8,607.8050000000001,1292.59,40,40,1,-1,-1,-1
375,3,442.92,1042.89,40,40,1,-1,-1,-1
375,8,606.415,1287.84,40,40,1,-1,-1,-1
376,3,443.585,1048.8799999999999,40,40,1,-1,-1,-1
376,8,604.0,1282.9299999999998,40,40,1,-1,-1,-1
377,3,444.605,1055.56,40,40,1,-1,-1,-1
377,8,600.53,1278.6299999999999,40,40,1,-1,-1,-1
378,3,447.66,1062.475,40,40,1,-1,-1,-1
378,8,598.0,1275.215,40,40,1,-1,-1,-1
379,3,450.84999999999997,1068.8249999999998,40,40,1,-1,-1,-1
379,8,595.155,1270.155,40,40,1,-1,-1,-1
380,3,454.08,1074.955,40,40,1,-1,-1,-1
380,8,592.2,1266.4350000000002,40,40,1,-1,-1,-1
381,3,456.635,1081.005,40,40,1,-1,-1,-1
381,8,588.54,1263.23,40,40,1,-1,-1,-1
382,3,458.91499999999996,1086.355,40,40,1,-1,-1,-1
382,8,584.615,1260.2199999999998,40,40,1,-1,-1,-1
383,3,459.77000000000004,1091.4550000000002,40,40,1,-1,-1,-1
383,8,581.9250000000001,1258.62,40,40,1,-1,-1,-1
384,3,460.08000000000004,1095.795,40,40,1,-1,-1,-1
384,8,577.71,1256.1750000000002,40,40,1,-1,-1,-1
385,3,460.18,1100.515,40,40,1,-1,-1,-1
385,8,574.245,1255.4299999999998,40,40,1,-1,-1,-1
386,3,458.19,1104.705,40,40,1,-1,-1,-1
386,8,571.065,1255.29,40,40,1,-1,-1,-1
387,3,456.115,1109.3850000000002,40,40,1,-1,-1,-1
387,8,567.3399999999999,1254.705,40,40,1,-1,-1,-1
388,3,454.005,1114.5800000000002,40,40,1,-1,-1,-1
388,8,563.405,1254.6100000000001,40,40,1,-1,-1,-1
389,3,451.885,1118.6399999999999,40,40,1,-1,-1,-1
389,8,560.72,1254.68,40,40,1,-1,-1,-1
390,3,449.785,1121.29,40,40,1,-1,-1,-1
390,8,557.855,1255.46,40,40,1,-1,-1,-1
391,3,448.02500000000003,1125.405,40,40,1,-1,-1,-1
391,8,555.5799999999999,1257.2,40,40,1,-1,-1,-1
392,3,446.08000000000004,1128.765,40,40,1,-1,-1,-1
392,8,554.16,1258.5500000000002,40,40,1,-1,-1,-1
393,3,444.715,1132.485,40,40,1,-1,-1,-1
393,8,553.085,1259.77,40,40,1,-1,-1,-1
394,3,444.885,1135.705,40,40,1,-1,-1,-1
394,8,552.15,1262.29,40,40,1,-1,-1,-1
395,3,444.66,1138.71,40,40,1,-1,-1,-1
395,8,551.87,1264.57,40,40,1,-1,-1,-1
396,3,444.61,1141.0149999999999,40,40,1,-1,-1,-1
396,8,551.885,1266.12,40,40,1,-1,-1,-1
397,3,445.93,1143.0500000000002,40,40,1,-1,-1,-1
397,8,551.3050000000001,1267.375,40,40,1,-1,-1,-1
398,3,447.755,1145.66,40,40,1,-1,-1,-1
398,8,551.8249999999999,1269.165,40,40,1,-1,-1,-1
399,3,450.435,1148.465,40,40,1,-1,-1,-1
399,8,552.75,1271.82,40,40,1,-1,-1,-1
400,3,453.46999999999997,1152.025,40,40,1,-1,-1,-1
400,8,553.14,1272.1399999999999,40,40,1,-1,-1,-1
401,3,455.93,1155.22,40,40,1,-1,-1,-1
401,8,554.65,1273.5549999999998,40,40,1,-1,-1,-1
402,3,458.175,1157.585,40,40,1,-1,-1,-1
402,8,555.9300000000001,1273.4099999999999,40,40,1,-1,-1,-1
403,3,460.315,1159.0,40,40,1,-1,-1,-1
403,8,557.775,1272.6599999999999,40,40,1,-1,-1,-1
404,3,461.755,1160.735,40,40,1,-1,-1,-1
404,8,560.485,1272.365,40,40,1,-1,-1,-1
405,3,462.25,1163.25,40,40,1,-1,-1,-1
405,8,562.83,1271.575,40,40,1,-1,-1,-1
406,3,463.06,1165.415,40,40,1,-1,-1,-1
406,8,565.665,1269.96,40,40,1,-1,-1,-1
407,3,462.68,1167.44,40,40,1,-1,-1,-1
407,8,568.0749999999999,1268.66,40,40,1,-1,-1,-1
408,3,461.835,1169.4250000000002,40,40,1,-1,-1,-1
408,8,570.92,1267.5249999999999,40,40,1,-1,-1,-1
409,3,460.83000000000004,1172.0449999999998,40,40,1,-1,-1,-1
409,8,573.28,1265.7849999999999,40,40,1,-1,-1,-1
410,3,460.44,1174.905,40,40,1,-1,-1,-1
410,8,574.81,1263.81,40,40,1,-1,-1,-1
411,3,458.96,1178.515,40,40,1,-1,-1,-1
411,8,576.0,1262.43,40,40,1,-1,-1,-1
412,3,457.73,1183.0800000000002,40,40,1,-1,-1,-1
412,8,577.71,1261.265,40,40,1,-1,-1,-1
413,3,456.58,1187.35,40,40,1,-1,-1,-1
413,8,579.65,1261.515,40,40,1,-1,-1,-1
414,3,455.505,1193.4350000000002,40,40,1,-1,-1,-1
414,8,581.64,1261.6200000000001,40,40,1,-1,-1,-1
415,3,455.095,1198.9550000000002,40,40,1,-1,-1,-1
415,8,583.01,1261.03,40,40,1,-1,-1,-1
416,3,453.64,1204.18,40,40,1,-1,-1,-1
416,8,586.125,1261.49,40,40,1,-1,-1,-1
417,3,452.43,1208.665,40,40,1,-1,-1,-1
417,8,588.5500000000001,1261.68,40,40,1,-1,-1,-1
418,3,451.96500000000003,1212.58,40,40,1,-1,-1,-1
418,8,591.395,1261.765,40,40,1,-1,-1,-1
419,8,594.38,1263.125,40,40,1,-1,-1,-1
420,3,453.14,1227.7250000000001,40,40,1,-1,-1,-1
420,8,598.07,1264.97,40,40,1,-1,-1,-1
421,3,452.96,1233.5049999999999,40,40,1,-1,-1,-1
421,8,601.38,1267.0,40,40,1,-1,-1,-1
422,3,454.90999999999997,1238.77,40,40,1,-1,-1,-1
422,8,604.2049999999999,1268.085,40,40,1,-1,-1,-1
423,3,456.31,1243.865,40,40,1,-1,-1,-1
423,8,606.5,1269.7949999999998,40,40,1,-1,-1,-1
424,3,459.48,1248.92,40,40,1,-1,-1,-1
424,8,610.575,1273.4,40,40,1,-1,-1,-1
425,3,461.985,1253.2749999999999,40,40,1,-1,-1,-1
425,8,615.005,1276.7250000000001,40,40,1,-1,-1,-1
426,3,464.895,1258.365,40,40,1,-1,-1,-1
426,8,618.895,1279.93,40,40,1,-1,-1,-1
427,3,467.955,1261.08,40,40,1,-1,-1,-1
427,8,622.895,1283.075,40,40,1,-1,-1,-1
428,3,471.045,1265.8999999999999,40,40,1,-1,-1,-1
428,8,627.9350000000001,1286.1950000000002,40,40,1,-1,-1,-1
429,3,474.12,1270.1899999999998,40,40,1,-1,-1,-1
429,8,632.03,1289.29,40,40,1,-1,-1,-1
430,3,477.87,1274.93,40,40,1,-1,-1,-1
430,8,637.425,1292.05,40,40,1,-1,-1,-1
431,3,481.20500000000004,1279.19,40,40,1,-1,-1,-1
431,8,642.63,1294.995,40,40,1,-1,-1,-1
432,3,485.025,1283.9250000000002,40,40,1,-1,-1,-1
432,8,647.76,1299.325,40,40,1,-1,-1,-1
433,3,488.38,1289.495,40,40,1,-1,-1,-1
433,8,652.86,1302.87,40,40,1,-1,-1,-1
434,3,492.83000000000004,1294.71,40,40,1,-1,-1,-1
434,8,658.595,1306.425,40,40,1,-1,-1,-1
435,3,496.42499999999995,1300.46,40,40,1,-1,-1,-1
435,8,663.92,1309.99,40,40,1,-1,-1,-1
436,3,500.32000000000005,1305.76,40,40,1,-1,-1,-1
436,8,670.715,1313.5500000000002,40,40,1,-1,-1,-1
437,3,504.33000000000004,1312.185,40,40,1,-1,-1,-1
437,8,676.4250000000001,1317.43,40,40,1,-1,-1,-1
438,3,508.70000000000005,1317.73,40,40,1,-1,-1,-1
438,8,681.375,1320.445,40,40,1,-1,-1,-1
439,3,513.865,1324.2450000000001,40,40,1,-1,-1,-1
439,8,686.37,1324.105,40,40,1,-1,-1,-1
440,3,518.995,1329.82,40,40,1,-1,-1,-1
440,8,693.025,1328.355,40,40,1,-1,-1,-1
441,3,523.46,1335.03,40,40,1,-1,-1,-1
441,8,698.335,1332.155,40,40,1,-1,-1,-1
442,3,528.9699999999999,1341.415,40,40,1,-1,-1,-1
442,8,702.78,1335.7800000000002,40,40,1,-1,-1,-1
443,3,534.22,1346.935,40,40,1,-1,-1,-1
443,8,708.57,1339.6750000000002,40,40,1,-1,-1,-1
444,3,540.35,1352.765,40,40,1,-1,-1,-1
444,8,713.87,1343.0,40,40,1,-1,-1,-1
445,3,546.8,1358.73,40,40,1,-1,-1,-1
445,8,718.315,1346.1049999999998,40,40,1,-1,-1,-1
446,3,552.38,1364.08,40,40,1,-1,-1,-1
446,8,722.1099999999999,1348.805,40,40,1,-1,-1,-1
447,3,558.28,1368.535,40,40,1,-1,-1,-1
447,8,726.335,1351.36,40,40,1,-1,-1,-1
448,3,564.305,1371.3300000000002,40,40,1,-1,-1,-1
448,8,730.055,1352.85,40,40,1,-1,-1,-1
449,3,569.705,1374.805,40,40,1,-1,-1,-1
449,8,733.25,1353.96,40,40,1,-1,-1,-1
450,3,574.195,1377.925,40,40,1,-1,-1,-1
450,8,736.9300000000001,1355.58,40,40,1,-1,-1,-1
451,3,578.3599999999999,1380.24,40,40,1,-1,-1,-1
451,8,740.13,1355.765,40,40,1,-1,-1,-1
452,3,584.355,1381.6,40,40,1,-1,-1,-1
452,8,743.81,1356.07,40,40,1,-1,-1,-1
453,3,588.415,1381.905,40,40,1,-1,-1,-1
453,8,746.35,1356.4150000000002,40,40,1,-1,-1,-1
454,3,592.405,1382.54,40,40,1,-1,-1,-1
454,8,748.51,1355.84,40,40,1,-1,-1,-1
455,3,596.385,1381.355,40,40,1,-1,-1,-1
455,8,749.8050000000001,1355.525,40,40,1,-1,-1,-1
456,3,599.3599999999999,1379.1299999999999,40,40,1,-1,-1,-1
456,8,750.81,1356.0049999999999,40,40,1,-1,-1,-1
457,3,603.61,1377.21,40,40,1,-1,-1,-1
457,8,751.74,1356.1499999999999,40,40,1,-1,-1,-1
458,3,607.02,1374.395,40,40,1,-1,-1,-1
458,8,751.28,1356.1299999999999,40,40,1,-1,-1,-1
459,3,610.78,1370.9599999999998,40,40,1,-1,-1,-1
459,8,751.005,1356.085,40,40,1,-1,-1,-1
460,3,614.025,1367.65,40,40,1,-1,-1,-1
460,8,750.1700000000001,1356.0349999999999,40,40,1,-1,-1,-1
461,3,617.07,1364.385,40,40,1,-1,-1,-1
461,8,747.79,1355.32,40,40,1,-1,-1,-1
462,3,620.0550000000001,1361.1950000000002,40,40,1,-1,-1,-1
462,8,745.455,1354.345,40,40,1,-1,-1,-1
463,3,622.345,1358.635,40,40,1,-1,-1,-1
463,8,743.2,1354.62,40,40,1,-1,-1,-1
464,3,625.7049999999999,1355.72,40,40,1,-1,-1,-1
464,8,740.3349999999999,1354.7,40,40,1,-1,-1,-1
465,3,629.47,1352.0100000000002,40,40,1,-1,-1,-1
465,8,737.245,1354.06,40,40,1,-1,-1,-1
466,3,631.405,1349.3000000000002,40,40,1,-1,-1,-1
466,8,733.42,1353.7949999999998,40,40,1,-1,-1,-1
467,3,633.32,1347.0049999999999,40,40,1,-1,-1,-1
467,8,730.01,1352.3649999999998,40,40,1,-1,-1,-1
468,3,635.9,1344.8799999999999,40,40,1,-1,-1,-1
468,8,725.435,1352.145,40,40,1,-1,-1,-1
469,3,638.0600000000001,1342.135,40,40,1,-1,-1,-1
469,8,721.745,1350.73,40,40,1,-1,-1,-1
470,3,640.07,1339.18,40,40,1,-1,-1,-1
470,8,718.42,1349.2050000000002,40,40,1,-1,-1,-1
471,3,642.04,1336.1450000000002,40,40,1,-1,-1,-1
471,8,714.6,1347.985,40,40,1,-1,-1,-1
472,3,643.3249999999999,1333.085,40,40,1,-1,-1,-1
472,8,711.23,1347.195,40,40,1,-1,-1,-1
473,3,644.36,1329.36,40,40,1,-1,-1,-1
473,8,707.3900000000001,1346.26,40,40,1,-1,-1,-1
474,3,645.3100000000001,1326.05,40,40,1,-1,-1,-1
474,8,703.38,1345.26,40,40,1,-1,-1,-1
475,3,646.24,1323.57,40,40,1,-1,-1,-1
475,8,699.9649999999999,1344.905,40,40,1,-1,-1,-1
476,3,647.8199999999999,1321.4,40,40,1,-1,-1,-1
476,8,696.1350000000001,1343.795,40,40,1,-1,-1,-1
477,3,649.0,1318.03,40,40,1,-1,-1,-1
477,8,692.155,1343.395,40,40,1,-1,-1,-1
478,3,650.015,1315.53,40,40,1,-1,-1,-1
478,8,688.1099999999999,1343.2749999999999,40,40,1,-1,-1,-1
479,3,650.985,1313.35,40,40,1,-1,-1,-1
479,8,685.37,1343.24,40,40,1,-1,-1,-1
480,3,651.94,1311.31,40,40,1,-1,-1,-1
480,8,681.8100000000001,1344.575,40,40,1,-1,-1,-1
481,3,653.88,1310.3000000000002,40,40,1,-1,-1,-1
481,8,677.9300000000001,1345.75,40,40,1,-1,-1,-1
481,9,672.0500000000001,1438.03,40,40,1,-1,-1,-1
482,3,655.2149999999999,1309.35,40,40,1,-1,-1,-1
482,8,675.595,1348.52,40,40,1,-1,-1,-1
482,9,668.39,1435.815,40,40,1,-1,-1,-1
483,3,656.3000000000001,1308.415,40,40,1,-1,-1,-1
483,8,672.185,1350.23,40,40,1,-1,-1,-1
483,9,665.05,1433.705,40,40,1,-1,-1,-1
484,3,657.3149999999999,1307.48,40,40,1,-1,-1,-1
484,8,669.035,1352.855,40,40,1,-1,-1,-1
484,9,661.875,1429.19,40,40,1,-1,-1,-1
485,3,657.63,1306.5349999999999,40,40,1,-1,-1,-1
485,8,665.32,1354.48,40,40,1,-1,-1,-1
485,9,659.115,1423.4599999999998,40,40,1,-1,-1,-1
486,3,658.355,1304.925,40,40,1,-1,-1,-1
486,8,662.0600000000001,1355.405,40,40,1,-1,-1,-1
486,9,655.475,1418.7649999999999,40,40,1,-1,-1,-1
487,3,658.57,1303.73,40,40,1,-1,-1,-1
487,8,658.9599999999999,1356.7099999999998,40,40,1,-1,-1,-1
487,9,653.61,1415.1550000000002,40,40,1,-1,-1,-1
488,3,658.275,1302.02,40,40,1,-1,-1,-1
488,8,655.9350000000001,1357.18,40,40,1,-1,-1,-1
488,9,650.335,1409.9350000000002,40,40,1,-1,-1,-1
489,3,658.12,1300.115,40,40,1,-1,-1,-1
489,8,652.93,1358.6450000000002,40,40,1,-1,-1,-1
489,9,645.85,1404.0700000000002,40,40,1,-1,-1,-1
490,3,658.3499999999999,1298.145,40,40,1,-1,-1,-1
490,8,650.59,1359.1699999999998,40,40,1,-1,-1,-1
490,9,642.2850000000001,1399.3700000000001,40,40,1,-1,-1,-1
491,3,658.405,1295.475,40,40,1,-1,-1,-1
491,8,647.845,1360.665,40,40,1,-1,-1,-1
491,9,638.4,1395.46,40,40,1,-1,-1,-1
492,3,657.725,1292.56,40,40,1,-1,-1,-1
492,8,645.605,1361.19,40,40,1,-1,-1,-1
492,9,633.6899999999999,1391.135,40,40,1,-1,-1,-1
493,3,656.455,1289.21,40,40,1,-1,-1,-1
493,8,644.23,1362.01,40,40,1,-1,-1,-1
493,9,630.3149999999999,1387.085,40,40,1,-1,-1,-1
494,3,656.285,1285.72,40,40,1,-1,-1,-1
494,8,643.155,1364.2900000000002,40,40,1,-1,-1,-1
494,9,624.5999999999999,1386.98,40,40,1,-1,-1,-1
495,3,655.53,1281.145,40,40,1,-1,-1,-1
495,8,643.495,1365.76,40,40,1,-1,-1,-1
495,9,619.64,1386.4950000000001,40,40,1,-1,-1,-1
496,3,653.93,1275.5700000000002,40,40,1,-1,-1,-1
496,8,643.73,1366.28,40,40,1,-1,-1,-1
496,9,613.955,1386.415,40,40,1,-1,-1,-1
497,3,652.66,1270.26,40,40,1,-1,-1,-1
497,8,644.585,1367.09,40,40,1,-1,-1,-1
497,9,607.99,1385.8449999999998,40,40,1,-1,-1,-1
498,3,650.17,1264.375,40,40,1,-1,-1,-1
498,8,645.64,1366.69,40,40,1,-1,-1,-1
498,9,603.25,1387.0500000000002,40,40,1,-1,-1,-1
499,3,647.9250000000001,1258.985,40,40,1,-1,-1,-1
499,8,647.415,1366.5149999999999,40,40,1,-1,-1,-1
499,9,598.98,1388.23,40,40,1,-1,-1,-1
