0,1,798.0,1318.0,40,40,1,-1,-1,-1
0,2,692.0,1318.0,40,40,1,-1,-1,-1
1,1,798.0,1318.0,40,40,1,-1,-1,-1
1,2,692.0,1318.0,40,40,1,-1,-1,-1
2,1,798.0,1318.0,40,40,1,-1,-1,-1
2,2,692.0,1318.0,40,40,1,-1,-1,-1
3,1,798.0,1318.0,40,40,1,-1,-1,-1
3,2,692.0,1318.0,40,40,1,-1,-1,-1
4,1,798.0,1318.0,40,40,1,-1,-1,-1
4,2,692.0,1318.0,40,40,1,-1,-1,-1
5,1,798.0,1318.0,40,40,1,-1,-1,-1
5,2,692.0,1318.0,40,40,1,-1,-1,-1
6,1,798.0,1318.0,40,40,1,-1,-1,-1
6,2,692.0,1318.0,40,40,1,-1,-1,-1
7,1,798.0,1318.0,40,40,1,-1,-1,-1
7,2,692.0,1318.0,40,40,1,-1,-1,-1
8,1,798.0,1318.0,40,40,1,-1,-1,-1
8,2,692.0,1318.0,40,40,1,-1,-1,-1
9,1,798.0,1318.0,40,40,1,-1,-1,-1
9,2,692.0,1318.0,40,40,1,-1,-1,-1
10,1,798.0,1318.0,40,40,1,-1,-1,-1
10,2,692.0,1318.0,40,40,1,-1,-1,-1
11,1,798.0,1318.0,40,40,1,-1,-1,-1
11,2,692.0,1318.0,40,40,1,-1,-1,-1
12,1,798.0,1318.0,40,40,1,-1,-1,-1
12,2,692.005,1318.67,40,40,1,-1,-1,-1
13,1,798.0,1318.0,40,40,1,-1,-1,-1
13,2,692.0,1318.255,40,40,1,-1,-1,-1
14,1,798.0,1318.0,40,40,1,-1,-1,-1
14,2,692.0,1318.095,40,40,1,-1,-1,-1
15,1,798.0,1318.0,40,40,1,-1,-1,-1
15,2,692.0,1318.035,40,40,1,-1,-1,-1
16,1,798.0,1318.0,40,40,1,-1,-1,-1
16,2,692.005,1318.01,40,40,1,-1,-1,-1
17,1,798.0,1318.0,40,40,1,-1,-1,-1
17,2,692.0,1318.0,40,40,1,-1,-1,-1
18,1,798.0,1318.0,40,40,1,-1,-1,-1
18,2,692.0,1318.0,40,40,1,-1,-1,-1
19,1,798.0,1318.0,40,40,1,-1,-1,-1
19,2,692.005,1317.995,40,40,1,-1,-1,-1
20,1,798.0,1318.0,40,40,1,-1,-1,-1
20,2,692.0,1317.995,40,40,1,-1,-1,-1
21,1,798.0,1318.0,40,40,1,-1,-1,-1
21,2,692.0,1317.995,40,40,1,-1,-1,-1
22,1,798.0,1318.0,40,40,1,-1,-1,-1
22,2,691.995,1318.0,40,40,1,-1,-1,-1
23,1,798.0,1318.0,40,40,1,-1,-1,-1
23,2,692.0,1318.0,40,40,1,-1,-1,-1
24,1,798.0,1318.0,40,40,1,-1,-1,-1
24,2,692.0,1318.0,40,40,1,-1,-1,-1
25,1,798.0,1318.0,40,40,1,-1,-1,-1
25,2,692.005,1318.0,40,40,1,-1,-1,-1
26,1,798.0,1318.0,40,40,1,-1,-1,-1
26,2,691.995,1318.0,40,40,1,-1,-1,-1
27,1,798.0,1318.0,40,40,1,-1,-1,-1
27,2,692.0,1318.0,40,40,1,-1,-1,-1
28,1,798.0,1318.0,40,40,1,-1,-1,-1
28,2,692.0,1318.0,40,40,1,-1,-1,-1
29,1,798.0,1318.0,40,40,1,-1,-1,-1
29,2,692.005,1318.0,40,40,1,-1,-1,-1
30,1,798.0,1318.0,40,40,1,-1,-1,-1
30,2,692.005,1318.0,40,40,1,-1,-1,-1
31,1,798.0,1318.0,40,40,1,-1,-1,-1
31,2,691.995,1318.0,40,40,1,-1,-1,-1
32,1,798.0,1318.0,40,40,1,-1,-1,-1
32,2,691.995,1318.0,40,40,1,-1,-1,-1
33,1,798.0,1318.0,40,40,1,-1,-1,-1
33,2,692.0,1318.0,40,40,1,-1,-1,-1
33,3,625.58,279.8,40,40,1,-1,-1,-1
34,1,798.0,1318.0,40,40,1,-1,-1,-1
34,2,692.0,1318.0,40,40,1,-1,-1,-1
34,3,622.655,280.88,40,40,1,-1,-1,-1
35,1,798.0,1318.0,40,40,1,-1,-1,-1
35,2,692.0,1318.0,40,40,1,-1,-1,-1
35,3,621.035,283.06,40,40,1,-1,-1,-1
36,1,798.0,1318.0,40,40,1,-1,-1,-1
36,2,692.0,1318.0,40,40,1,-1,-1,-1
36,3,619.13,285.16999999999996,40,40,1,-1,-1,-1
37,1,797.34,1318.0,40,40,1,-1,-1,-1
37,2,692.0,1318.0,40,40,1,-1,-1,-1
37,3,616.0699999999999,287.235,40,40,1,-1,-1,-1
38,1,797.75,1318.0,40,40,1,-1,-1,-1
38,2,692.005,1318.0,40,40,1,-1,-1,-1
38,3,614.74,289.64,40,40,1,-1,-1,-1
39,1,797.91,1318.0,40,40,1,-1,-1,-1
39,2,692.005,1318.0,40,40,1,-1,-1,-1
39,3,611.625,291.11499999999995,40,40,1,-1,-1,-1
40,1,797.97,1318.0,40,40,1,-1,-1,-1
40,2,692.005,1318.0,40,40,1,-1,-1,-1
40,3,607.86,292.26,40,40,1,-1,-1,-1
41,1,797.33,1318.0,40,40,1,-1,-1,-1
41,2,692.005,1318.0,40,40,1,-1,-1,-1
41,3,604.53,292.615,40,40,1,-1,-1,-1
42,1,797.09,1318.0,40,40,1,-1,-1,-1
42,2,691.995,1318.0,40,40,1,-1,-1,-1
42,3,602.705,292.685,40,40,1,-1,-1,-1
43,1,797.0,1318.0,40,40,1,-1,-1,-1
43,2,691.995,1318.0,40,40,1,-1,-1,-1
43,3,599.455,292.655,40,40,1,-1,-1,-1
44,1,797.63,1318.0,40,40,1,-1,-1,-1
44,2,691.995,1318.0,40,40,1,-1,-1,-1
44,3,596.34,293.255,40,40,1,-1,-1,-1
45,1,797.87,1318.0,40,40,1,-1,-1,-1
45,2,691.995,1318.0,40,40,1,-1,-1,-1
45,3,592.615,295.43,40,40,1,-1,-1,-1
46,1,797.96,1318.0,40,40,1,-1,-1,-1
46,2,691.995,1318.0,40,40,1,-1,-1,-1
46,3,589.655,296.20500000000004,40,40,1,-1,-1,-1
47,1,797.01,1318.0,40,40,1,-1,-1,-1
47,2,691.995,1318.0,40,40,1,-1,-1,-1
47,3,586.655,296.135,40,40,1,-1,-1,-1
48,1,796.9749999999999,1318.0,40,40,1,-1,-1,-1
48,2,691.995,1318.0,40,40,1,-1,-1,-1
48,3,582.345,296.72,40,40,1,-1,-1,-1
49,1,797.63,1318.0,40,40,1,-1,-1,-1
49,2,692.0,1318.0,40,40,1,-1,-1,-1
49,3,579.44,297.685,40,40,1,-1,-1,-1
50,1,797.875,1318.0,40,40,1,-1,-1,-1
50,2,692.0,1318.0,40,40,1,-1,-1,-1
50,3,574.9649999999999,298.53499999999997,40,40,1,-1,-1,-1
51,1,796.98,1318.0,40,40,1,-1,-1,-1
51,2,692.0,1318.0,40,40,1,-1,-1,-1
51,3,571.64,298.82500000000005,40,40,1,-1,-1,-1
52,1,796.97,1318.0,40,40,1,-1,-1,-1
52,2,692.0,1318.0,40,40,1,-1,-1,-1
52,3,569.515,299.9,40,40,1,-1,-1,-1
53,1,796.965,1318.0,40,40,1,-1,-1,-1
53,2,692.0,1318.66,40,40,1,-1,-1,-1
53,3,566.18,300.27,40,40,1,-1,-1,-1
54,1,796.635,1318.0,40,40,1,-1,-1,-1
54,2,692.0,1318.255,40,40,1,-1,-1,-1
54,3,563.38,300.705,40,40,1,-1,-1,-1
55,1,797.505,1318.0,40,40,1,-1,-1,-1
55,2,692.0,1318.095,40,40,1,-1,-1,-1
55,3,560.39,301.505,40,40,1,-1,-1,-1
56,1,797.835,1318.0,40,40,1,-1,-1,-1
56,2,692.0,1318.03,40,40,1,-1,-1,-1
57,1,797.3000000000001,1318.0,40,40,1,-1,-1,-1
57,2,692.005,1318.01,40,40,1,-1,-1,-1
58,1,797.1,1318.0,40,40,1,-1,-1,-1
58,2,692.0,1318.0,40,40,1,-1,-1,-1
59,1,797.6850000000001,1318.0,40,40,1,-1,-1,-1
59,2,692.005,1318.0,40,40,1,-1,-1,-1
60,1,797.91,1318.0,40,40,1,-1,-1,-1
60,2,692.0,1317.995,40,40,1,-1,-1,-1
61,1,797.9849999999999,1318.0,40,40,1,-1,-1,-1
61,2,692.005,1317.995,40,40,1,-1,-1,-1
62,1,798.02,1318.0,40,40,1,-1,-1,-1
62,2,692.0,1317.995,40,40,1,-1,-1,-1
63,1,798.025,1318.0,40,40,1,-1,-1,-1
63,2,692.0,1317.995,40,40,1,-1,-1,-1
64,1,798.03,1318.0,40,40,1,-1,-1,-1
64,2,691.995,1318.0,40,40,1,-1,-1,-1
65,1,798.025,1318.0,40,40,1,-1,-1,-1
65,2,692.0,1318.0,40,40,1,-1,-1,-1
66,1,798.02,1318.0,40,40,1,-1,-1,-1
66,2,692.0,1318.0,40,40,1,-1,-1,-1
67,1,798.02,1318.0,40,40,1,-1,-1,-1
67,2,692.005,1318.0,40,40,1,-1,-1,-1
68,1,798.015,1318.0,40,40,1,-1,-1,-1
68,2,691.995,1318.0,40,40,1,-1,-1,-1
69,1,798.015,1318.0,40,40,1,-1,-1,-1
69,2,692.0,1318.0,40,40,1,-1,-1,-1
70,1,798.01,1318.0,40,40,1,-1,-1,-1
70,2,692.0,1318.0,40,40,1,-1,-1,-1
71,1,798.01,1318.0,40,40,1,-1,-1,-1
71,2,692.005,1318.0,40,40,1,-1,-1,-1
72,1,798.01,1318.0,40,40,1,-1,-1,-1
72,2,692.005,1318.0,40,40,1,-1,-1,-1
73,1,798.005,1318.0,40,40,1,-1,-1,-1
73,2,691.995,1318.0,40,40,1,-1,-1,-1
74,1,797.345,1318.0,40,40,1,-1,-1,-1
74,2,691.995,1318.0,40,40,1,-1,-1,-1
75,1,797.095,1318.0,40,40,1,-1,-1,-1
75,2,692.0,1318.0,40,40,1,-1,-1,-1
76,1,797.0,1318.0,40,40,1,-1,-1,-1
76,2,692.0,1318.0,40,40,1,-1,-1,-1
77,1,797.63,1318.0,40,40,1,-1,-1,-1
77,2,692.0,1318.0,40,40,1,-1,-1,-1
78,1,797.88,1318.0,40,40,1,-1,-1,-1
78,2,692.005,1318.66,40,40,1,-1,-1,-1
79,1,797.97,1318.0,40,40,1,-1,-1,-1
79,2,692.0,1318.255,40,40,1,-1,-1,-1
80,1,797.34,1318.0,40,40,1,-1,-1,-1
80,2,692.0,1318.095,40,40,1,-1,-1,-1
81,1,796.775,1318.0,40,40,1,-1,-1,-1
81,2,691.995,1318.03,40,40,1,-1,-1,-1
82,1,796.89,1318.0,40,40,1,-1,-1,-1
82,2,692.0,1318.01,40,40,1,-1,-1,-1
83,1,796.935,1318.0,40,40,1,-1,-1,-1
83,2,692.0,1318.0,40,40,1,-1,-1,-1
84,1,796.9599999999999,1318.0,40,40,1,-1,-1,-1
84,2,692.0,1318.0,40,40,1,-1,-1,-1
85,1,796.9649999999999,1318.0,40,40,1,-1,-1,-1
85,2,691.995,1317.995,40,40,1,-1,-1,-1
86,1,797.635,1318.0,40,40,1,-1,-1,-1
86,2,692.0,1317.995,40,40,1,-1,-1,-1
87,1,797.89,1318.0,40,40,1,-1,-1,-1
87,2,692.005,1317.995,40,40,1,-1,-1,-1
88,1,797.3149999999999,1318.0,40,40,1,-1,-1,-1
88,2,692.0,1317.995,40,40,1,-1,-1,-1
89,1,797.765,1318.0,40,40,1,-1,-1,-1
89,2,692.005,1318.0,40,40,1,-1,-1,-1
90,1,797.27,1318.0,40,40,1,-1,-1,-1
90,2,691.995,1318.0,40,40,1,-1,-1,-1
91,1,797.09,1318.0,40,40,1,-1,-1,-1
91,2,692.0,1318.0,40,40,1,-1,-1,-1
92,1,797.68,1318.0,40,40,1,-1,-1,-1
92,2,692.005,1318.0,40,40,1,-1,-1,-1
93,1,797.895,1318.0,40,40,1,-1,-1,-1
93,2,691.995,1318.0,40,40,1,-1,-1,-1
94,1,797.985,1318.0,40,40,1,-1,-1,-1
94,2,692.0,1318.0,40,40,1,-1,-1,-1
95,1,798.015,1318.0,40,40,1,-1,-1,-1
95,2,692.0,1318.0,40,40,1,-1,-1,-1
96,1,798.02,1318.0,40,40,1,-1,-1,-1
96,2,692.0,1318.0,40,40,1,-1,-1,-1
97,1,798.02,1318.0,40,40,1,-1,-1,-1
97,2,692.005,1318.0,40,40,1,-1,-1,-1
98,1,798.02,1318.0,40,40,1,-1,-1,-1
98,2,691.995,1318.0,40,40,1,-1,-1,-1
99,1,798.02,1318.0,40,40,1,-1,-1,-1
99,2,691.995,1318.0,40,40,1,-1,-1,-1
100,1,797.36,1318.0,40,40,1,-1,-1,-1
100,2,692.0,1318.0,40,40,1,-1,-1,-1
101,1,797.765,1318.0,40,40,1,-1,-1,-1
101,2,692.0,1318.0,40,40,1,-1,-1,-1
102,1,797.925,1318.0,40,40,1,-1,-1,-1
102,2,692.0,1318.0,40,40,1,-1,-1,-1
103,1,797.985,1318.0,40,40,1,-1,-1,-1
103,2,692.0,1318.0,40,40,1,-1,-1,-1
104,1,798.005,1318.0,40,40,1,-1,-1,-1
104,2,692.0,1318.0,40,40,1,-1,-1,-1
105,1,798.015,1318.0,40,40,1,-1,-1,-1
105,2,692.005,1318.0,40,40,1,-1,-1,-1
106,1,798.015,1318.0,40,40,1,-1,-1,-1
106,2,692.005,1318.0,40,40,1,-1,-1,-1
107,1,798.015,1318.0,40,40,1,-1,-1,-1
107,2,692.005,1318.0,40,40,1,-1,-1,-1
108,1,798.015,1318.0,40,40,1,-1,-1,-1
108,2,692.005,1318.0,40,40,1,-1,-1,-1
109,1,798.015,1318.0,40,40,1,-1,-1,-1
109,2,691.995,1318.0,40,40,1,-1,-1,-1
110,1,798.015,1318.0,40,40,1,-1,-1,-1
110,2,691.995,1318.0,40,40,1,-1,-1,-1
111,1,797.68,1318.0,40,40,1,-1,-1,-1
111,2,692.0,1318.66,40,40,1,-1,-1,-1
112,1,797.885,1318.0,40,40,1,-1,-1,-1
112,2,691.995,1318.255,40,40,1,-1,-1,-1
113,1,797.9599999999999,1318.0,40,40,1,-1,-1,-1
113,2,691.995,1318.095,40,40,1,-1,-1,-1
114,1,797.985,1318.0,40,40,1,-1,-1,-1
114,2,692.0,1318.03,40,40,1,-1,-1,-1
114,4,473.21,346.59000000000003,40,40,1,-1,-1,-1
115,1,797.6700000000001,1318.0,40,40,1,-1,-1,-1
115,2,692.005,1318.67,40,40,1,-1,-1,-1
115,4,471.405,348.685,40,40,1,-1,-1,-1
116,1,797.885,1318.0,40,40,1,-1,-1,-1
116,2,692.0,1318.255,40,40,1,-1,-1,-1
116,4,470.13,350.765,40,40,1,-1,-1,-1
117,1,797.955,1318.0,40,40,1,-1,-1,-1
117,2,692.0,1318.09,40,40,1,-1,-1,-1
117,4,469.76,352.46,40,40,1,-1,-1,-1
118,1,797.9899999999999,1318.0,40,40,1,-1,-1,-1
118,2,692.0,1318.03,40,40,1,-1,-1,-1
118,4,467.53000000000003,355.46000000000004,40,40,1,-1,-1,-1
119,1,798.005,1318.0,40,40,1,-1,-1,-1
119,2,692.0,1318.005,40,40,1,-1,-1,-1
119,4,466.81500000000005,358.51,40,40,1,-1,-1,-1
120,1,798.0,1318.0,40,40,1,-1,-1,-1
120,2,692.0,1318.0,40,40,1,-1,-1,-1
120,4,465.235,361.91499999999996,40,40,1,-1,-1,-1
121,1,798.005,1318.0,40,40,1,-1,-1,-1
121,2,691.995,1317.995,40,40,1,-1,-1,-1
121,4,464.025,365.79,40,40,1,-1,-1,-1
122,1,798.0,1318.0,40,40,1,-1,-1,-1
122,2,692.005,1317.995,40,40,1,-1,-1,-1
122,4,463.635,368.795,40,40,1,-1,-1,-1
123,1,798.005,1318.0,40,40,1,-1,-1,-1
123,2,692.0,1317.995,40,40,1,-1,-1,-1
123,4,462.865,371.81,40,40,1,-1,-1,-1
124,1,798.005,1318.0,40,40,1,-1,-1,-1
124,2,692.0,1317.995,40,40,1,-1,-1,-1
124,4,462.62,374.83,40,40,1,-1,-1,-1
125,1,797.3399999999999,1318.0,40,40,1,-1,-1,-1
125,2,691.9949999999999,1317.995,40,40,1,-1,-1,-1
125,4,462.56,378.51,40,40,1,-1,-1,-1
126,1,797.095,1318.0,40,40,1,-1,-1,-1
126,2,692.0,1317.995,40,40,1,-1,-1,-1
126,4,461.26,381.12,40,40,1,-1,-1,-1
127,1,797.665,1318.0,40,40,1,-1,-1,-1
127,2,692.0,1318.66,40,40,1,-1,-1,-1
127,4,460.13500000000005,383.97999999999996,40,40,1,-1,-1,-1
128,1,797.22,1318.0,40,40,1,-1,-1,-1
128,2,692.0,1318.25,40,40,1,-1,-1,-1
128,4,459.08,386.93,40,40,1,-1,-1,-1
129,1,797.05,1318.0,40,40,1,-1,-1,-1
129,2,691.995,1318.09,40,40,1,-1,-1,-1
129,4,458.06,389.92,40,40,1,-1,-1,-1
130,1,797.66,1318.0,40,40,1,-1,-1,-1
130,2,691.995,1318.69,40,40,1,-1,-1,-1
130,4,456.065,393.575,40,40,1,-1,-1,-1
131,1,797.225,1318.0,40,40,1,-1,-1,-1
131,2,692.0,1318.26,40,40,1,-1,-1,-1
131,4,454.67999999999995,396.5,40,40,1,-1,-1,-1
132,1,797.055,1318.0,40,40,1,-1,-1,-1
132,2,692.0,1318.09,40,40,1,-1,-1,-1
132,4,454.52,400.13,40,40,1,-1,-1,-1
133,1,797.665,1318.0,40,40,1,-1,-1,-1
133,2,692.0,1318.03,40,40,1,-1,-1,-1
133,4,453.845,405.02,40,40,1,-1,-1,-1
134,1,797.23,1318.0,40,40,1,-1,-1,-1
134,2,692.0,1318.005,40,40,1,-1,-1,-1
134,4,453.625,409.39500000000004,40,40,1,-1,-1,-1
135,1,797.73,1318.0,40,40,1,-1,-1,-1
135,2,692.005,1317.995,40,40,1,-1,-1,-1
135,4,454.23999999999995,412.91,40,40,1,-1,-1,-1
136,1,797.91,1318.0,40,40,1,-1,-1,-1
136,2,692.005,1317.995,40,40,1,-1,-1,-1
136,4,453.84499999999997,415.43,40,40,1,-1,-1,-1
137,1,797.99,1318.0,40,40,1,-1,-1,-1
137,2,692.005,1317.995,40,40,1,-1,-1,-1
137,4,452.385,417.56,40,40,1,-1,-1,-1
138,1,798.01,1318.0,40,40,1,-1,-1,-1
138,2,692.005,1317.995,40,40,1,-1,-1,-1
138,4,451.87,420.9,40,40,1,-1,-1,-1
139,1,798.015,1318.0,40,40,1,-1,-1,-1
139,2,692.0,1317.995,40,40,1,-1,-1,-1
139,4,451.05,423.35999999999996,40,40,1,-1,-1,-1
140,1,797.355,1318.0,40,40,1,-1,-1,-1
140,2,692.0,1317.995,40,40,1,-1,-1,-1
140,4,450.76,425.495,40,40,1,-1,-1,-1
141,1,797.765,1318.0,40,40,1,-1,-1,-1
141,2,692.0,1317.995,40,40,1,-1,-1,-1
141,4,450.02500000000003,428.485,40,40,1,-1,-1,-1
142,1,797.925,1318.0,40,40,1,-1,-1,-1
142,2,692.005,1317.995,40,40,1,-1,-1,-1
142,4,450.45500000000004,431.15500000000003,40,40,1,-1,-1,-1
143,1,797.985,1318.0,40,40,1,-1,-1,-1
143,2,692.0,1317.995,40,40,1,-1,-1,-1
143,4,451.26500000000004,433.38,40,40,1,-1,-1,-1
144,1,798.005,1318.0,40,40,1,-1,-1,-1
144,2,691.995,1317.995,40,40,1,-1,-1,-1
144,4,450.95,435.43,40,40,1,-1,-1,-1
145,1,798.015,1318.0,40,40,1,-1,-1,-1
145,2,692.0,1317.995,40,40,1,-1,-1,-1
145,4,450.19,437.415,40,40,1,-1,-1,-1
146,1,797.355,1318.0,40,40,1,-1,-1,-1
146,2,692.0,1318.66,40,40,1,-1,-1,-1
146,4,449.585,438.72,40,40,1,-1,-1,-1
147,1,797.765,1318.0,40,40,1,-1,-1,-1
147,2,692.0,1318.25,40,40,1,-1,-1,-1
147,4,449.375,440.435,40,40,1,-1,-1,-1
148,1,797.925,1318.0,40,40,1,-1,-1,-1
148,2,692.005,1318.09,40,40,1,-1,-1,-1
148,4,449.31500000000005,442.305,40,40,1,-1,-1,-1
149,1,797.985,1318.0,40,40,1,-1,-1,-1
149,2,692.0,1318.03,40,40,1,-1,-1,-1
149,4,449.31,444.23,40,40,1,-1,-1,-1
150,1,798.0,1318.0,40,40,1,-1,-1,-1
150,2,691.995,1318.01,40,40,1,-1,-1,-1
150,4,449.32000000000005,445.53999999999996,40,40,1,-1,-1,-1
151,1,798.01,1318.0,40,40,1,-1,-1,-1
151,2,691.995,1318.0,40,40,1,-1,-1,-1
151,4,449.655,447.265,40,40,1,-1,-1,-1
152,1,798.01,1318.0,40,40,1,-1,-1,-1
152,2,692.0,1317.995,40,40,1,-1,-1,-1
152,4,450.46000000000004,448.49,40,40,1,-1,-1,-1
153,1,797.35,1318.0,40,40,1,-1,-1,-1
153,2,692.0,1317.995,40,40,1,-1,-1,-1
153,4,450.78,449.52000000000004,40,40,1,-1,-1,-1
154,1,797.76,1318.0,40,40,1,-1,-1,-1
154,2,692.005,1317.995,40,40,1,-1,-1,-1
154,4,450.905,450.495,40,40,1,-1,-1,-1
155,1,797.92,1318.0,40,40,1,-1,-1,-1
155,2,692.0,1317.995,40,40,1,-1,-1,-1
155,4,451.615,451.445,40,40,1,-1,-1,-1
156,1,797.98,1318.0,40,40,1,-1,-1,-1
156,2,691.995,1317.995,40,40,1,-1,-1,-1
156,4,451.875,452.39500000000004,40,40,1,-1,-1,-1
157,1,798.0,1318.0,40,40,1,-1,-1,-1
157,2,692.0,1317.995,40,40,1,-1,-1,-1
157,4,453.30499999999995,453.355,40,40,1,-1,-1,-1
158,1,798.0,1318.0,40,40,1,-1,-1,-1
158,2,691.995,1317.995,40,40,1,-1,-1,-1
158,4,453.845,454.305,40,40,1,-1,-1,-1
159,1,798.01,1318.0,40,40,1,-1,-1,-1
159,2,692.0,1318.0,40,40,1,-1,-1,-1
159,4,453.38,454.625,40,40,1,-1,-1,-1
160,1,798.01,1318.0,40,40,1,-1,-1,-1
160,2,692.005,1318.0,40,40,1,-1,-1,-1
160,4,453.185,454.69,40,40,1,-1,-1,-1
161,1,798.01,1318.0,40,40,1,-1,-1,-1
161,2,692.0,1318.0,40,40,1,-1,-1,-1
161,4,452.12,454.655,40,40,1,-1,-1,-1
162,1,798.01,1318.0,40,40,1,-1,-1,-1
162,2,692.0,1318.0,40,40,1,-1,-1,-1
162,4,451.71999999999997,455.255,40,40,1,-1,-1,-1
163,1,798.01,1318.0,40,40,1,-1,-1,-1
163,2,692.005,1318.0,40,40,1,-1,-1,-1
163,4,451.565,455.445,40,40,1,-1,-1,-1
164,1,798.0,1318.0,40,40,1,-1,-1,-1
164,2,691.995,1318.0,40,40,1,-1,-1,-1
164,4,451.505,456.135,40,40,1,-1,-1,-1
165,1,798.0,1318.0,40,40,1,-1,-1,-1
165,2,692.0,1318.0,40,40,1,-1,-1,-1
165,4,452.475,457.685,40,40,1,-1,-1,-1
166,1,797.68,1318.0,40,40,1,-1,-1,-1
166,2,692.005,1318.66,40,40,1,-1,-1,-1
166,4,453.5,458.89,40,40,1,-1,-1,-1
167,1,797.885,1318.0,40,40,1,-1,-1,-1
167,2,692.0,1318.255,40,40,1,-1,-1,-1
167,4,454.545,459.96999999999997,40,40,1,-1,-1,-1
168,1,797.9599999999999,1318.0,40,40,1,-1,-1,-1
168,2,692.005,1318.09,40,40,1,-1,-1,-1
168,4,455.93,461.655,40,40,1,-1,-1,-1
169,1,797.985,1318.0,40,40,1,-1,-1,-1
169,2,692.0,1318.03,40,40,1,-1,-1,-1
169,4,458.08500000000004,462.915,40,40,1,-1,-1,-1
170,1,798.0,1318.0,40,40,1,-1,-1,-1
170,2,692.005,1318.01,40,40,1,-1,-1,-1
170,4,460.225,464.68,40,40,1,-1,-1,-1
171,1,798.0,1318.0,40,40,1,-1,-1,-1
171,2,692.0,1318.0,40,40,1,-1,-1,-1
171,4,461.65000000000003,465.29499999999996,40,40,1,-1,-1,-1
172,1,798.005,1318.0,40,40,1,-1,-1,-1
172,2,691.995,1318.66,40,40,1,-1,-1,-1
172,4,463.49,466.14,40,40,1,-1,-1,-1
173,1,798.005,1318.0,40,40,1,-1,-1,-1
173,2,692.0,1318.25,40,40,1,-1,-1,-1
173,4,464.815,467.08,40,40,1,-1,-1,-1
174,1,798.0,1318.0,40,40,1,-1,-1,-1
174,2,692.005,1318.09,40,40,1,-1,-1,-1
174,4,465.27,468.71500000000003,40,40,1,-1,-1,-1
175,1,798.0,1318.0,40,40,1,-1,-1,-1
175,2,692.005,1318.69,40,40,1,-1,-1,-1
175,4,465.4,469.95000000000005,40,40,1,-1,-1,-1
176,1,797.34,1318.0,40,40,1,-1,-1,-1
176,2,692.0,1318.915,40,40,1,-1,-1,-1
176,4,465.41499999999996,471.695,40,40,1,-1,-1,-1
177,1,797.095,1318.0,40,40,1,-1,-1,-1
177,2,692.005,1318.345,40,40,1,-1,-1,-1
177,4,466.055,473.625,40,40,1,-1,-1,-1
178,1,797.005,1318.0,40,40,1,-1,-1,-1
178,2,691.995,1318.785,40,40,1,-1,-1,-1
178,4,465.595,475.64,40,40,1,-1,-1,-1
179,1,797.635,1318.0,40,40,1,-1,-1,-1
179,2,692.0,1318.29,40,40,1,-1,-1,-1
179,4,464.73499999999996,477.67,40,40,1,-1,-1,-1
180,1,797.87,1318.0,40,40,1,-1,-1,-1
180,2,691.995,1318.76,40,40,1,-1,-1,-1
180,4,463.74,479.7,40,40,1,-1,-1,-1
181,1,797.96,1318.0,40,40,1,-1,-1,-1
181,2,691.995,1318.28,40,40,1,-1,-1,-1
181,4,462.675,481.735,40,40,1,-1,-1,-1
182,1,798.0,1318.0,40,40,1,-1,-1,-1
182,2,692.005,1318.09,40,40,1,-1,-1,-1
182,4,461.60999999999996,483.765,40,40,1,-1,-1,-1
183,1,797.35,1318.0,40,40,1,-1,-1,-1
183,2,692.0,1318.02,40,40,1,-1,-1,-1
183,4,460.54,485.795,40,40,1,-1,-1,-1
184,1,797.76,1318.0,40,40,1,-1,-1,-1
184,2,692.0,1317.995,40,40,1,-1,-1,-1
184,4,459.485,487.815,40,40,1,-1,-1,-1
185,1,797.915,1318.0,40,40,1,-1,-1,-1
185,2,691.995,1317.99,40,40,1,-1,-1,-1
185,4,458.425,489.175,40,40,1,-1,-1,-1
186,1,797.975,1318.0,40,40,1,-1,-1,-1
186,2,692.005,1318.65,40,40,1,-1,-1,-1
186,4,457.37,491.61,40,40,1,-1,-1,-1
187,1,797.335,1318.0,40,40,1,-1,-1,-1
187,2,692.0,1318.24,40,40,1,-1,-1,-1
187,4,457.65000000000003,493.78,40,40,1,-1,-1,-1
188,1,797.095,1318.0,40,40,1,-1,-1,-1
188,2,692.0,1318.08,40,40,1,-1,-1,-1
188,4,457.77000000000004,495.86,40,40,1,-1,-1,-1
189,1,796.68,1318.0,40,40,1,-1,-1,-1
189,2,692.005,1318.02,40,40,1,-1,-1,-1
189,4,457.17499999999995,497.895,40,40,1,-1,-1,-1
190,1,796.525,1318.0,40,40,1,-1,-1,-1
190,2,692.0,1318.66,40,40,1,-1,-1,-1
190,4,456.955,499.91499999999996,40,40,1,-1,-1,-1
191,1,796.7950000000001,1318.0,40,40,1,-1,-1,-1
191,2,691.995,1318.9,40,40,1,-1,-1,-1
191,4,456.22,502.58500000000004,40,40,1,-1,-1,-1
192,1,797.235,1318.0,40,40,1,-1,-1,-1
192,2,692.0,1318.335,40,40,1,-1,-1,-1
192,4,455.96000000000004,504.845,40,40,1,-1,-1,-1
193,1,797.735,1318.0,40,40,1,-1,-1,-1
193,2,692.0,1318.115,40,40,1,-1,-1,-1
193,4,455.87,508.265,40,40,1,-1,-1,-1
194,1,797.9250000000001,1318.0,40,40,1,-1,-1,-1
194,2,692.005,1318.03,40,40,1,-1,-1,-1
194,4,455.84499999999997,510.80499999999995,40,40,1,-1,-1,-1
195,1,797.995,1318.0,40,40,1,-1,-1,-1
195,2,692.0,1318.0,40,40,1,-1,-1,-1
195,4,455.195,513.665,40,40,1,-1,-1,-1
196,1,798.015,1318.0,40,40,1,-1,-1,-1
196,2,692.0,1317.99,40,40,1,-1,-1,-1
196,4,454.295,516.635,40,40,1,-1,-1,-1
197,1,798.0250000000001,1318.0,40,40,1,-1,-1,-1
197,2,692.0,1317.99,40,40,1,-1,-1,-1
197,4,453.965,518.995,40,40,1,-1,-1,-1
198,1,798.0300000000001,1318.0,40,40,1,-1,-1,-1
198,2,692.0,1317.99,40,40,1,-1,-1,-1
198,4,452.54,521.115,40,40,1,-1,-1,-1
199,1,798.02,1318.0,40,40,1,-1,-1,-1
199,2,691.995,1317.99,40,40,1,-1,-1,-1
199,4,451.345,524.48,40,40,1,-1,-1,-1
200,1,798.025,1318.0,40,40,1,-1,-1,-1
200,2,692.005,1317.99,40,40,1,-1,-1,-1
200,4,450.925,526.3149999999999,40,40,1,-1,-1,-1
201,1,798.02,1318.0,40,40,1,-1,-1,-1
201,2,692.0,1317.99,40,40,1,-1,-1,-1
201,4,450.785,528.2349999999999,40,40,1,-1,-1,-1
202,1,798.015,1318.0,40,40,1,-1,-1,-1
202,2,692.0,1317.99,40,40,1,-1,-1,-1
202,4,450.76,530.19,40,40,1,-1,-1,-1
203,1,797.3499999999999,1318.0,40,40,1,-1,-1,-1
203,2,692.005,1317.995,40,40,1,-1,-1,-1
203,4,450.76500000000004,532.155,40,40,1,-1,-1,-1
204,1,796.7750000000001,1318.0,40,40,1,-1,-1,-1
204,2,691.995,1318.655,40,40,1,-1,-1,-1
204,4,451.45500000000004,534.13,40,40,1,-1,-1,-1
205,1,796.885,1318.0,40,40,1,-1,-1,-1
205,2,692.005,1318.25,40,40,1,-1,-1,-1
205,4,451.72,536.115,40,40,1,-1,-1,-1
206,1,797.59,1318.0,40,40,1,-1,-1,-1
206,2,692.005,1318.09,40,40,1,-1,-1,-1
206,4,453.155,537.77,40,40,1,-1,-1,-1
207,1,797.205,1318.0,40,40,1,-1,-1,-1
207,2,691.995,1318.03,40,40,1,-1,-1,-1
207,4,454.38,539.3050000000001,40,40,1,-1,-1,-1
208,1,797.7149999999999,1318.0,40,40,1,-1,-1,-1
208,2,691.995,1318.005,40,40,1,-1,-1,-1
208,4,454.83,539.795,40,40,1,-1,-1,-1
209,1,797.91,1318.0,40,40,1,-1,-1,-1
209,2,692.0,1317.995,40,40,1,-1,-1,-1
209,4,455.65500000000003,541.23,40,40,1,-1,-1,-1
210,1,797.3249999999999,1318.0,40,40,1,-1,-1,-1
210,2,692.0,1317.995,40,40,1,-1,-1,-1
210,4,455.96,542.365,40,40,1,-1,-1,-1
211,1,797.0999999999999,1318.0,40,40,1,-1,-1,-1
211,2,692.0,1317.995,40,40,1,-1,-1,-1
211,4,456.735,544.0400000000001,40,40,1,-1,-1,-1
212,1,797.68,1318.0,40,40,1,-1,-1,-1
212,2,692.0,1317.995,40,40,1,-1,-1,-1
212,4,457.675,545.93,40,40,1,-1,-1,-1
213,1,797.895,1318.0,40,40,1,-1,-1,-1
213,2,691.995,1317.995,40,40,1,-1,-1,-1
213,4,458.015,547.895,40,40,1,-1,-1,-1
214,1,797.98,1318.0,40,40,1,-1,-1,-1
214,2,692.005,1317.995,40,40,1,-1,-1,-1
214,4,458.13,549.89,40,40,1,-1,-1,-1
215,1,798.01,1318.0,40,40,1,-1,-1,-1
215,2,692.005,1318.655,40,40,1,-1,-1,-1
215,4,457.505,551.9,40,40,1,-1,-1,-1
216,1,798.015,1318.0,40,40,1,-1,-1,-1
216,2,691.995,1318.25,40,40,1,-1,-1,-1
216,4,457.25500000000005,553.905,40,40,1,-1,-1,-1
217,1,797.365,1318.0,40,40,1,-1,-1,-1
217,2,692.005,1318.09,40,40,1,-1,-1,-1
217,4,457.155,556.5799999999999,40,40,1,-1,-1,-1
218,1,797.77,1318.0,40,40,1,-1,-1,-1
218,2,692.0,1318.03,40,40,1,-1,-1,-1
218,4,455.78999999999996,558.8349999999999,40,40,1,-1,-1,-1
219,1,797.93,1318.0,40,40,1,-1,-1,-1
219,2,692.0,1318.005,40,40,1,-1,-1,-1
219,4,455.27000000000004,561.595,40,40,1,-1,-1,-1
220,1,797.985,1318.0,40,40,1,-1,-1,-1
220,2,692.0,1318.0,40,40,1,-1,-1,-1
220,4,455.73,564.54,40,40,1,-1,-1,-1
221,1,798.005,1318.0,40,40,1,-1,-1,-1
221,2,692.0,1317.995,40,40,1,-1,-1,-1
221,4,455.245,566.9,40,40,1,-1,-1,-1
222,1,797.355,1318.0,40,40,1,-1,-1,-1
222,2,691.995,1317.995,40,40,1,-1,-1,-1
222,4,455.725,569.025,40,40,1,-1,-1,-1
223,1,797.765,1318.0,40,40,1,-1,-1,-1
223,2,692.005,1317.995,40,40,1,-1,-1,-1
223,4,455.905,571.065,40,40,1,-1,-1,-1
224,1,797.92,1318.0,40,40,1,-1,-1,-1
224,2,692.0,1317.995,40,40,1,-1,-1,-1
224,4,455.975,573.0699999999999,40,40,1,-1,-1,-1
225,1,797.98,1318.0,40,40,1,-1,-1,-1
225,2,691.9949999999999,1317.995,40,40,1,-1,-1,-1
225,4,456.665,575.74,40,40,1,-1,-1,-1
226,1,797.34,1318.0,40,40,1,-1,-1,-1
226,2,692.005,1317.995,40,40,1,-1,-1,-1
226,4,456.925,577.98,40,40,1,-1,-1,-1
227,1,797.76,1318.0,40,40,1,-1,-1,-1
227,2,692.0,1317.995,40,40,1,-1,-1,-1
227,4,458.34499999999997,580.0600000000001,40,40,1,-1,-1,-1
228,1,797.26,1318.0,40,40,1,-1,-1,-1
228,2,692.005,1317.995,40,40,1,-1,-1,-1
228,4,458.87,582.75,40,40,1,-1,-1,-1
229,1,797.725,1318.0,40,40,1,-1,-1,-1
229,2,692.0,1318.0,40,40,1,-1,-1,-1
229,4,459.72,584.995,40,40,1,-1,-1,-1
230,1,797.905,1318.0,40,40,1,-1,-1,-1
230,2,692.0,1318.0,40,40,1,-1,-1,-1
230,4,460.69,587.75,40,40,1,-1,-1,-1
231,1,797.975,1318.0,40,40,1,-1,-1,-1
231,2,691.995,1318.0,40,40,1,-1,-1,-1
231,4,461.04,589.36,40,40,1,-1,-1,-1
232,1,798.005,1318.0,40,40,1,-1,-1,-1
232,2,692.0,1318.0,40,40,1,-1,-1,-1
232,4,461.15500000000003,591.86,40,40,1,-1,-1,-1
233,1,798.015,1318.0,40,40,1,-1,-1,-1
233,2,692.0,1318.0,40,40,1,-1,-1,-1
233,4,461.19,594.035,40,40,1,-1,-1,-1
234,1,798.015,1318.0,40,40,1,-1,-1,-1
234,2,692.005,1318.0,40,40,1,-1,-1,-1
234,4,460.52500000000003,596.095,40,40,1,-1,-1,-1
235,1,797.355,1318.0,40,40,1,-1,-1,-1
235,2,692.0,1318.66,40,40,1,-1,-1,-1
235,4,458.95,598.11,40,40,1,-1,-1,-1
236,1,797.765,1318.0,40,40,1,-1,-1,-1
236,2,692.0,1318.255,40,40,1,-1,-1,-1
236,4,457.685,600.105,40,40,1,-1,-1,-1
237,1,797.265,1318.0,40,40,1,-1,-1,-1
237,2,692.0,1318.09,40,40,1,-1,-1,-1
237,4,456.535,602.755,40,40,1,-1,-1,-1
238,1,797.735,1318.0,40,40,1,-1,-1,-1
238,2,691.995,1318.03,40,40,1,-1,-1,-1
238,4,454.13,604.34,40,40,1,-1,-1,-1
239,1,797.915,1318.0,40,40,1,-1,-1,-1
239,2,692.0,1318.01,40,40,1,-1,-1,-1
239,4,451.90999999999997,605.51,40,40,1,-1,-1,-1
240,1,797.97,1318.0,40,40,1,-1,-1,-1
240,2,692.0,1318.0,40,40,1,-1,-1,-1
240,4,449.775,607.1949999999999,40,40,1,-1,-1,-1
241,1,798.0,1318.0,40,40,1,-1,-1,-1
241,2,692.005,1318.66,40,40,1,-1,-1,-1
241,4,447.01,608.415,40,40,1,-1,-1,-1
242,1,798.01,1318.0,40,40,1,-1,-1,-1
242,2,691.995,1318.905,40,40,1,-1,-1,-1
242,4,445.335,610.115,40,40,1,-1,-1,-1
243,1,798.01,1318.0,40,40,1,-1,-1,-1
243,2,691.995,1318.34,40,40,1,-1,-1,-1
243,4,444.09,612.66,40,40,1,-1,-1,-1
244,1,797.35,1318.0,40,40,1,-1,-1,-1
244,2,692.0,1318.12,40,40,1,-1,-1,-1
244,4,444.29499999999996,615.53,40,40,1,-1,-1,-1
245,1,797.1,1318.0,40,40,1,-1,-1,-1
245,2,692.0,1318.035,40,40,1,-1,-1,-1
245,4,444.425,618.52,40,40,1,-1,-1,-1
246,1,797.67,1318.0,40,40,1,-1,-1,-1
246,2,691.995,1318.005,40,40,1,-1,-1,-1
246,4,445.5,621.55,40,40,1,-1,-1,-1
247,1,797.89,1318.0,40,40,1,-1,-1,-1
247,2,692.0,1317.995,40,40,1,-1,-1,-1
247,4,446.92,625.245,40,40,1,-1,-1,-1
248,1,797.31,1318.0,40,40,1,-1,-1,-1
248,2,692.0,1317.995,40,40,1,-1,-1,-1
248,4,449.455,627.88,40,40,1,-1,-1,-1
249,1,797.75,1318.0,40,40,1,-1,-1,-1
249,2,692.005,1317.99,40,40,1,-1,-1,-1
249,4,451.11,631.435,40,40,1,-1,-1,-1
250,1,797.92,1318.0,40,40,1,-1,-1,-1
250,2,692.005,1317.99,40,40,1,-1,-1,-1
250,4,453.05499999999995,634.66,40,40,1,-1,-1,-1
251,1,797.98,1318.0,40,40,1,-1,-1,-1
251,2,691.995,1317.995,40,40,1,-1,-1,-1
251,4,454.445,637.1,40,40,1,-1,-1,-1
252,1,797.34,1318.0,40,40,1,-1,-1,-1
252,2,691.995,1317.995,40,40,1,-1,-1,-1
252,4,456.29,639.91,40,40,1,-1,-1,-1
253,1,797.76,1318.0,40,40,1,-1,-1,-1
253,2,692.005,1317.995,40,40,1,-1,-1,-1
253,4,456.96,642.84,40,40,1,-1,-1,-1
254,1,797.92,1318.0,40,40,1,-1,-1,-1
254,2,692.005,1317.995,40,40,1,-1,-1,-1
254,4,457.845,645.8399999999999,40,40,1,-1,-1,-1
255,1,797.98,1318.0,40,40,1,-1,-1,-1
255,2,692.0,1317.995,40,40,1,-1,-1,-1
255,4,458.15500000000003,648.1800000000001,40,40,1,-1,-1,-1
256,1,798.0,1318.0,40,40,1,-1,-1,-1
256,2,691.9949999999999,1317.995,40,40,1,-1,-1,-1
256,4,458.91,650.28,40,40,1,-1,-1,-1
257,1,797.35,1318.0,40,40,1,-1,-1,-1
257,2,692.005,1317.995,40,40,1,-1,-1,-1
257,4,459.16999999999996,651.63,40,40,1,-1,-1,-1
258,1,797.1,1318.0,40,40,1,-1,-1,-1
258,2,692.0,1318.66,40,40,1,-1,-1,-1
258,4,459.25,652.695,40,40,1,-1,-1,-1
259,1,797.67,1318.0,40,40,1,-1,-1,-1
259,2,692.0,1318.25,40,40,1,-1,-1,-1
259,4,458.585,653.6700000000001,40,40,1,-1,-1,-1
260,1,797.89,1318.0,40,40,1,-1,-1,-1
260,2,691.995,1318.09,40,40,1,-1,-1,-1
260,4,458.33,654.61,40,40,1,-1,-1,-1
261,1,796.9799999999999,1318.0,40,40,1,-1,-1,-1
261,2,691.995,1318.69,40,40,1,-1,-1,-1
261,4,458.21000000000004,655.5450000000001,40,40,1,-1,-1,-1
262,1,796.9649999999999,1318.0,40,40,1,-1,-1,-1
262,2,692.0,1318.915,40,40,1,-1,-1,-1
262,4,458.825,655.82,40,40,1,-1,-1,-1
263,1,797.63,1318.0,40,40,1,-1,-1,-1
263,2,692.005,1318.345,40,40,1,-1,-1,-1
263,4,459.695,657.175,40,40,1,-1,-1,-1
264,1,797.875,1318.0,40,40,1,-1,-1,-1
264,2,691.995,1318.12,40,40,1,-1,-1,-1
264,4,460.675,658.295,40,40,1,-1,-1,-1
265,1,797.97,1318.0,40,40,1,-1,-1,-1
265,2,692.0,1318.035,40,40,1,-1,-1,-1
265,4,461.69,659.3100000000001,40,40,1,-1,-1,-1
266,1,798.01,1318.0,40,40,1,-1,-1,-1
266,2,692.0,1318.005,40,40,1,-1,-1,-1
266,4,462.72,661.605,40,40,1,-1,-1,-1
267,1,798.015,1318.0,40,40,1,-1,-1,-1
267,2,691.995,1317.995,40,40,1,-1,-1,-1
267,4,464.41,663.0849999999999,40,40,1,-1,-1,-1
268,1,798.015,1318.0,40,40,1,-1,-1,-1
268,2,692.0,1317.99,40,40,1,-1,-1,-1
268,4,465.02500000000003,665.555,40,40,1,-1,-1,-1
269,1,798.02,1318.0,40,40,1,-1,-1,-1
269,2,692.0,1318.65,40,40,1,-1,-1,-1
269,4,466.555,667.745,40,40,1,-1,-1,-1
270,1,798.02,1318.0,40,40,1,-1,-1,-1
270,2,692.005,1318.245,40,40,1,-1,-1,-1
270,4,467.105,670.485,40,40,1,-1,-1,-1
271,1,798.02,1318.0,40,40,1,-1,-1,-1
271,2,691.995,1318.085,40,40,1,-1,-1,-1
271,4,466.615,673.45,40,40,1,-1,-1,-1
272,1,798.015,1318.0,40,40,1,-1,-1,-1
272,2,692.005,1318.025,40,40,1,-1,-1,-1
272,4,466.40000000000003,676.145,40,40,1,-1,-1,-1
273,1,798.015,1318.0,40,40,1,-1,-1,-1
273,2,691.995,1318.005,40,40,1,-1,-1,-1
273,4,465.635,679.0649999999999,40,40,1,-1,-1,-1
274,1,798.015,1318.0,40,40,1,-1,-1,-1
274,2,692.005,1318.655,40,40,1,-1,-1,-1
274,4,465.325,682.085,40,40,1,-1,-1,-1
275,1,798.01,1318.0,40,40,1,-1,-1,-1
275,2,692.0,1318.245,40,40,1,-1,-1,-1
275,4,463.87,685.4499999999999,40,40,1,-1,-1,-1
276,1,798.01,1318.0,40,40,1,-1,-1,-1
276,2,692.005,1318.75,40,40,1,-1,-1,-1
276,4,462.325,688.2700000000001,40,40,1,-1,-1,-1
277,1,797.35,1318.0,40,40,1,-1,-1,-1
277,2,691.995,1318.28,40,40,1,-1,-1,-1
277,4,461.07500000000005,691.235,40,40,1,-1,-1,-1
278,1,797.1,1318.0,40,40,1,-1,-1,-1
278,2,692.0,1318.095,40,40,1,-1,-1,-1
278,4,459.62,693.91,40,40,1,-1,-1,-1
279,1,797.01,1318.0,40,40,1,-1,-1,-1
279,2,692.0050000000001,1318.025,40,40,1,-1,-1,-1
279,4,457.76500000000004,695.815,40,40,1,-1,-1,-1
280,1,797.635,1318.0,40,40,1,-1,-1,-1
280,2,692.0,1318.0,40,40,1,-1,-1,-1
280,4,455.745,697.4300000000001,40,40,1,-1,-1,-1
281,1,797.215,1318.0,40,40,1,-1,-1,-1
281,2,691.995,1317.995,40,40,1,-1,-1,-1
281,4,454.355,699.2650000000001,40,40,1,-1,-1,-1
282,1,797.715,1318.0,40,40,1,-1,-1,-1
282,2,692.0,1317.99,40,40,1,-1,-1,-1
282,4,452.53,700.54,40,40,1,-1,-1,-1
283,1,797.905,1318.0,40,40,1,-1,-1,-1
283,2,691.995,1317.99,40,40,1,-1,-1,-1
283,4,450.57,702.25,40,40,1,-1,-1,-1
284,1,797.975,1318.0,40,40,1,-1,-1,-1
284,2,692.0,1317.99,40,40,1,-1,-1,-1
284,4,449.85,703.48,40,40,1,-1,-1,-1
285,1,797.01,1318.0,40,40,1,-1,-1,-1
285,2,692.005,1318.655,40,40,1,-1,-1,-1
285,4,448.29499999999996,704.52,40,40,1,-1,-1,-1
286,1,797.635,1318.0,40,40,1,-1,-1,-1
286,2,692.0050000000001,1318.245,40,40,1,-1,-1,-1
286,4,447.08500000000004,706.1600000000001,40,40,1,-1,-1,-1
287,1,797.2249999999999,1318.0,40,40,1,-1,-1,-1
287,2,691.995,1318.085,40,40,1,-1,-1,-1
287,4,445.03000000000003,708.0250000000001,40,40,1,-1,-1,-1
288,1,797.7199999999999,1318.0,40,40,1,-1,-1,-1
288,2,692.0,1318.025,40,40,1,-1,-1,-1
288,4,444.285,709.975,40,40,1,-1,-1,-1
289,1,796.9250000000001,1318.0,40,40,1,-1,-1,-1
289,2,692.0,1318.665,40,40,1,-1,-1,-1
289,4,444.37,712.615,40,40,1,-1,-1,-1
290,1,797.605,1318.0,40,40,1,-1,-1,-1
290,2,692.005,1318.25,40,40,1,-1,-1,-1
290,4,445.09,714.86,40,40,1,-1,-1,-1
291,1,797.87,1318.0,40,40,1,-1,-1,-1
291,2,691.995,1318.085,40,40,1,-1,-1,-1
291,4,446.72,717.61,40,40,1,-1,-1,-1
292,1,797.9699999999999,1318.0,40,40,1,-1,-1,-1
292,2,692.0,1318.025,40,40,1,-1,-1,-1
292,4,448.71,720.56,40,40,1,-1,-1,-1
293,1,798.005,1318.0,40,40,1,-1,-1,-1
293,2,692.005,1318.005,40,40,1,-1,-1,-1
293,4,450.13500000000005,723.5749999999999,40,40,1,-1,-1,-1
294,1,798.02,1318.0,40,40,1,-1,-1,-1
294,2,692.0,1318.655,40,40,1,-1,-1,-1
294,4,451.34000000000003,726.62,40,40,1,-1,-1,-1
295,1,798.015,1318.0,40,40,1,-1,-1,-1
295,2,692.0,1318.245,40,40,1,-1,-1,-1
295,4,452.45500000000004,729.655,40,40,1,-1,-1,-1
296,1,798.02,1318.0,40,40,1,-1,-1,-1
296,2,692.005,1318.085,40,40,1,-1,-1,-1
296,4,452.875,733.36,40,40,1,-1,-1,-1
297,1,798.015,1318.0,40,40,1,-1,-1,-1
297,2,692.0,1318.025,40,40,1,-1,-1,-1
297,4,453.69,736.64,40,40,1,-1,-1,-1
298,1,798.015,1318.0,40,40,1,-1,-1,-1
298,2,692.0,1318.005,40,40,1,-1,-1,-1
298,4,453.98499999999996,739.105,40,40,1,-1,-1,-1
299,1,798.01,1318.0,40,40,1,-1,-1,-1
299,2,692.0,1317.995,40,40,1,-1,-1,-1
299,4,454.755,741.915,40,40,1,-1,-1,-1
300,1,798.005,1318.0,40,40,1,-1,-1,-1
300,2,692.0,1318.655,40,40,1,-1,-1,-1
300,4,454.37,744.1999999999999,40,40,1,-1,-1,-1
301,1,798.015,1318.0,40,40,1,-1,-1,-1
301,2,692.0,1318.245,40,40,1,-1,-1,-1
301,4,453.54999999999995,746.28,40,40,1,-1,-1,-1
302,1,798.01,1318.0,40,40,1,-1,-1,-1
302,2,692.005,1318.75,40,40,1,-1,-1,-1
302,4,453.225,748.94,40,40,1,-1,-1,-1
303,1,798.01,1318.0,40,40,1,-1,-1,-1
303,2,692.005,1318.935,40,40,1,-1,-1,-1
303,4,453.77,751.835,40,40,1,-1,-1,-1
304,1,798.01,1318.0,40,40,1,-1,-1,-1
304,2,692.0,1318.345,40,40,1,-1,-1,-1
304,4,454.625,754.155,40,40,1,-1,-1,-1
305,1,798.005,1318.0,40,40,1,-1,-1,-1
305,2,692.005,1318.785,40,40,1,-1,-1,-1
305,4,455.61,755.585,40,40,1,-1,-1,-1
306,1,798.005,1318.0,40,40,1,-1,-1,-1
306,2,692.0,1318.285,40,40,1,-1,-1,-1
306,4,455.965,756.6750000000001,40,40,1,-1,-1,-1
307,1,798.005,1318.0,40,40,1,-1,-1,-1
307,2,692.005,1318.095,40,40,1,-1,-1,-1
307,4,457.425,758.32,40,40,1,-1,-1,-1
308,1,798.0,1318.0,40,40,1,-1,-1,-1
308,2,692.0,1318.02,40,40,1,-1,-1,-1
308,4,458.62,759.515,40,40,1,-1,-1,-1
309,1,798.0,1318.0,40,40,1,-1,-1,-1
309,2,692.0,1318.66,40,40,1,-1,-1,-1
309,4,460.375,761.87,40,40,1,-1,-1,-1
310,1,798.0,1318.0,40,40,1,-1,-1,-1
310,2,692.0,1318.245,40,40,1,-1,-1,-1
310,4,462.325,763.34,40,40,1,-1,-1,-1
311,1,798.0,1318.0,40,40,1,-1,-1,-1
311,2,692.0,1318.745,40,40,1,-1,-1,-1
311,4,463.705,765.13,40,40,1,-1,-1,-1
312,1,797.34,1318.0,40,40,1,-1,-1,-1
312,2,692.0,1318.93,40,40,1,-1,-1,-1
312,4,464.855,767.715,40,40,1,-1,-1,-1
313,1,797.755,1318.0,40,40,1,-1,-1,-1
313,2,692.0,1318.34,40,40,1,-1,-1,-1
313,4,466.58,770.6,40,40,1,-1,-1,-1
314,1,796.925,1318.0,40,40,1,-1,-1,-1
314,2,692.0,1318.775,40,40,1,-1,-1,-1
314,4,467.195,773.58,40,40,1,-1,-1,-1
315,1,797.5999999999999,1318.0,40,40,1,-1,-1,-1
315,2,691.995,1318.28,40,40,1,-1,-1,-1
315,4,466.74,776.6,40,40,1,-1,-1,-1
316,1,797.1949999999999,1318.0,40,40,1,-1,-1,-1
316,2,691.995,1318.09,40,40,1,-1,-1,-1
316,4,465.875,780.3,40,40,1,-1,-1,-1
317,1,797.7099999999999,1318.0,40,40,1,-1,-1,-1
317,2,692.0,1318.02,40,40,1,-1,-1,-1
317,4,464.84999999999997,783.5799999999999,40,40,1,-1,-1,-1
318,1,797.235,1318.0,40,40,1,-1,-1,-1
318,2,691.9949999999999,1317.995,40,40,1,-1,-1,-1
318,4,463.785,787.375,40,40,1,-1,-1,-1
319,1,797.725,1318.0,40,40,1,-1,-1,-1
319,2,691.995,1317.985,40,40,1,-1,-1,-1
319,4,461.385,790.68,40,40,1,-1,-1,-1
320,1,797.25,1318.0,40,40,1,-1,-1,-1
320,2,692.0,1318.645,40,40,1,-1,-1,-1
320,4,458.53,794.4649999999999,40,40,1,-1,-1,-1
321,1,797.0649999999999,1318.0,40,40,1,-1,-1,-1
321,2,692.005,1318.24,40,40,1,-1,-1,-1
321,4,455.465,797.775,40,40,1,-1,-1,-1
322,1,796.6700000000001,1318.0,40,40,1,-1,-1,-1
322,2,692.005,1318.74,40,40,1,-1,-1,-1
322,4,452.965,800.9,40,40,1,-1,-1,-1
323,1,796.855,1318.0,40,40,1,-1,-1,-1
323,2,692.0,1318.275,40,40,1,-1,-1,-1
323,4,449.40999999999997,804.6049999999999,40,40,1,-1,-1,-1
324,1,796.93,1318.0,40,40,1,-1,-1,-1
324,2,692.005,1318.09,40,40,1,-1,-1,-1
324,4,446.12,807.87,40,40,1,-1,-1,-1
325,1,797.625,1318.0,40,40,1,-1,-1,-1
325,2,692.0,1318.02,40,40,1,-1,-1,-1
325,4,444.26,812.3,40,40,1,-1,-1,-1
326,1,797.88,1318.0,40,40,1,-1,-1,-1
326,2,692.005,1317.995,40,40,1,-1,-1,-1
326,4,442.95500000000004,816.485,40,40,1,-1,-1,-1
327,1,797.98,1317.34,40,40,1,-1,-1,-1
327,2,692.0,1317.99,40,40,1,-1,-1,-1
327,4,441.84999999999997,820.585,40,40,1,-1,-1,-1
327,5,652.1400000000001,1421.7399999999998,40,40,1,-1,-1,-1
328,1,798.015,1317.755,40,40,1,-1,-1,-1
328,2,692.0,1317.985,40,40,1,-1,-1,-1
328,4,440.825,824.655,40,40,1,-1,-1,-1
328,5,654.085,1418.305,40,40,1,-1,-1,-1
329,1,798.03,1317.91,40,40,1,-1,-1,-1
329,2,692.0,1317.99,40,40,1,-1,-1,-1
329,4,441.15,829.3499999999999,40,40,1,-1,-1,-1
329,5,656.155,1413.625,40,40,1,-1,-1,-1
330,1,798.0250000000001,1317.97,40,40,1,-1,-1,-1
330,2,692.0,1317.99,40,40,1,-1,-1,-1
330,4,441.97499999999997,833.64,40,40,1,-1,-1,-1
330,5,658.2099999999999,1408.2749999999999,40,40,1,-1,-1,-1
331,1,798.0300000000001,1317.995,40,40,1,-1,-1,-1
331,2,691.995,1317.99,40,40,1,-1,-1,-1
331,4,442.985,838.43,40,40,1,-1,-1,-1
331,5,661.315,1403.085,40,40,1,-1,-1,-1
332,1,798.02,1318.0,40,40,1,-1,-1,-1
332,2,692.0,1318.65,40,40,1,-1,-1,-1
332,4,445.385,843.395,40,40,1,-1,-1,-1
332,5,663.39,1398.655,40,40,1,-1,-1,-1
333,1,798.015,1317.345,40,40,1,-1,-1,-1
333,2,691.34,1318.9,40,40,1,-1,-1,-1
333,4,447.64,848.42,40,40,1,-1,-1,-1
333,5,664.73,1393.82,40,40,1,-1,-1,-1
334,1,798.015,1317.095,40,40,1,-1,-1,-1
334,2,691.085,1318.995,40,40,1,-1,-1,-1
334,4,449.82500000000005,854.135,40,40,1,-1,-1,-1
334,5,665.83,1388.86,40,40,1,-1,-1,-1
335,1,798.0150000000001,1317.005,40,40,1,-1,-1,-1
335,2,691.655,1318.3649999999998,40,40,1,-1,-1,-1
335,4,451.31,858.785,40,40,1,-1,-1,-1
335,5,666.8349999999999,1383.16,40,40,1,-1,-1,-1
336,1,798.02,1316.97,40,40,1,-1,-1,-1
336,2,691.88,1318.125,40,40,1,-1,-1,-1
336,4,453.2,863.02,40,40,1,-1,-1,-1
336,5,668.1500000000001,1378.5449999999998,40,40,1,-1,-1,-1
337,1,798.01,1316.965,40,40,1,-1,-1,-1
337,2,691.965,1318.0349999999999,40,40,1,-1,-1,-1
337,4,454.555,868.425,40,40,1,-1,-1,-1
337,5,668.905,1373.0,40,40,1,-1,-1,-1
338,1,798.01,1316.965,40,40,1,-1,-1,-1
338,2,691.33,1318.665,40,40,1,-1,-1,-1
338,4,455.04,873.605,40,40,1,-1,-1,-1
338,5,670.125,1367.785,40,40,1,-1,-1,-1
339,1,798.015,1317.63,40,40,1,-1,-1,-1
339,2,691.095,1318.895,40,40,1,-1,-1,-1
339,4,455.87,879.355,40,40,1,-1,-1,-1
339,5,670.525,1363.6799999999998,40,40,1,-1,-1,-1
340,1,798.01,1317.88,40,40,1,-1,-1,-1
340,2,691.005,1318.985,40,40,1,-1,-1,-1
340,4,454.83500000000004,883.3299999999999,40,40,1,-1,-1,-1
340,5,672.605,1358.3500000000001,40,40,1,-1,-1,-1
341,1,798.01,1317.975,40,40,1,-1,-1,-1
341,2,690.98,1318.685,40,40,1,-1,-1,-1
341,4,454.405,887.9599999999999,40,40,1,-1,-1,-1
341,5,673.995,1353.54,40,40,1,-1,-1,-1
342,1,798.005,1318.01,40,40,1,-1,-1,-1
342,2,690.965,1318.57,40,40,1,-1,-1,-1
342,4,453.565,892.845,40,40,1,-1,-1,-1
342,5,674.8,1348.27,40,40,1,-1,-1,-1
343,1,798.005,1318.02,40,40,1,-1,-1,-1
343,2,690.9649999999999,1319.185,40,40,1,-1,-1,-1
343,4,452.25,897.485,40,40,1,-1,-1,-1
343,5,676.715,1342.48,40,40,1,-1,-1,-1
344,1,798.005,1318.02,40,40,1,-1,-1,-1
344,2,689.3149999999999,1320.75,40,40,1,-1,-1,-1
344,4,451.08,901.695,40,40,1,-1,-1,-1
344,5,678.12,1337.56,40,40,1,-1,-1,-1
345,1,797.6750000000001,1318.02,40,40,1,-1,-1,-1
345,2,686.79,1322.91,40,40,1,-1,-1,-1
345,4,449.98,905.755,40,40,1,-1,-1,-1
346,1,796.895,1318.02,40,40,1,-1,-1,-1
346,2,687.365,1322.515,40,40,1,-1,-1,-1
346,4,448.90999999999997,909.0849999999999,40,40,1,-1,-1,-1
347,1,796.595,1317.685,40,40,1,-1,-1,-1
347,2,688.26,1319.155,40,40,1,-1,-1,-1
347,4,448.19,912.155,40,40,1,-1,-1,-1
348,1,796.49,1317.56,40,40,1,-1,-1,-1
348,2,691.23,1314.555,40,40,1,-1,-1,-1
348,4,446.59999999999997,915.4549999999999,40,40,1,-1,-1,-1
349,1,796.45,1317.515,40,40,1,-1,-1,-1
349,2,694.35,1310.145,40,40,1,-1,-1,-1
349,4,446.025,918.53,40,40,1,-1,-1,-1
350,1,797.1,1317.5,40,40,1,-1,-1,-1
350,2,698.73,1305.29,40,40,1,-1,-1,-1
350,4,445.16999999999996,922.1850000000001,40,40,1,-1,-1,-1
351,1,797.68,1317.82,40,40,1,-1,-1,-1
351,2,703.99,1299.22,40,40,1,-1,-1,-1
351,4,444.21000000000004,925.39,40,40,1,-1,-1,-1
352,1,797.905,1317.945,40,40,1,-1,-1,-1
352,2,709.025,1293.89,40,40,1,-1,-1,-1
352,4,443.865,928.44,40,40,1,-1,-1,-1
352,5,692.885,1319.2949999999998,40,40,1,-1,-1,-1
353,1,797.99,1317.9850000000001,40,40,1,-1,-1,-1
353,2,713.815,1289.0,40,40,1,-1,-1,-1
353,4,443.75,931.42,40,40,1,-1,-1,-1
353,5,693.47,1317.3950000000002,40,40,1,-1,-1,-1
354,1,798.015,1318.01,40,40,1,-1,-1,-1
354,2,718.875,1283.925,40,40,1,-1,-1,-1
354,4,443.07500000000005,935.04,40,40,1,-1,-1,-1
354,5,692.9799999999999,1318.13,40,40,1,-1,-1,-1
355,1,798.025,1318.01,40,40,1,-1,-1,-1
355,2,724.7149999999999,1278.765,40,40,1,-1,-1,-1
355,4,443.5,936.935,40,40,1,-1,-1,-1
355,5,692.775,1318.4599999999998,40,40,1,-1,-1,-1
356,1,798.02,1318.01,40,40,1,-1,-1,-1
356,2,728.77,1273.65,40,40,1,-1,-1,-1
356,4,444.34999999999997,938.82,40,40,1,-1,-1,-1
356,5,692.645,1318.695,40,40,1,-1,-1,-1
357,1,798.025,1318.01,40,40,1,-1,-1,-1
357,2,734.16,1268.525,40,40,1,-1,-1,-1
357,4,446.005,940.715,40,40,1,-1,-1,-1
357,5,692.56,1317.55,40,40,1,-1,-1,-1
358,1,798.015,1318.01,40,40,1,-1,-1,-1
358,2,738.755,1264.05,40,40,1,-1,-1,-1
358,4,447.96500000000003,942.9599999999999,40,40,1,-1,-1,-1
358,5,692.47,1317.21,40,40,1,-1,-1,-1
359,1,798.015,1318.01,40,40,1,-1,-1,-1
359,2,744.34,1258.52,40,40,1,-1,-1,-1
359,4,450.045,945.005,40,40,1,-1,-1,-1
359,5,692.405,1317.16,40,40,1,-1,-1,-1
360,1,798.0200000000001,1318.01,40,40,1,-1,-1,-1
360,2,748.955,1254.6,40,40,1,-1,-1,-1
360,4,452.14,946.99,40,40,1,-1,-1,-1
360,5,693.02,1317.205,40,40,1,-1,-1,-1
361,1,797.68,1317.6799999999998,40,40,1,-1,-1,-1
361,2,755.1949999999999,1250.6100000000001,40,40,1,-1,-1,-1
361,4,453.565,948.275,40,40,1,-1,-1,-1
361,5,692.56,1317.945,40,40,1,-1,-1,-1
362,1,797.5600000000001,1317.885,40,40,1,-1,-1,-1
362,2,760.71,1246.615,40,40,1,-1,-1,-1
362,4,454.74,950.645,40,40,1,-1,-1,-1
362,5,693.0300000000001,1318.255,40,40,1,-1,-1,-1
363,1,797.84,1318.625,40,40,1,-1,-1,-1
363,2,765.9300000000001,1243.26,40,40,1,-1,-1,-1
363,4,455.485,954.75,40,40,1,-1,-1,-1
363,5,692.525,1318.42,40,40,1,-1,-1,-1
364,1,797.945,1318.8950000000002,40,40,1,-1,-1,-1
364,2,771.705,1240.155,40,40,1,-1,-1,-1
364,4,456.065,957.515,40,40,1,-1,-1,-1
364,5,692.32,1318.5149999999999,40,40,1,-1,-1,-1
365,1,797.985,1319.005,40,40,1,-1,-1,-1
365,2,777.04,1237.155,40,40,1,-1,-1,-1
365,4,455.605,959.775,40,40,1,-1,-1,-1
365,5,692.885,1317.93,40,40,1,-1,-1,-1
366,1,797.675,1318.04,40,40,1,-1,-1,-1
366,2,782.85,1234.8400000000001,40,40,1,-1,-1,-1
366,4,455.405,962.8249999999999,40,40,1,-1,-1,-1
366,5,693.0899999999999,1318.395,40,40,1,-1,-1,-1
367,1,797.55,1317.685,40,40,1,-1,-1,-1
367,2,788.815,1233.425,40,40,1,-1,-1,-1
367,4,454.645,965.2049999999999,40,40,1,-1,-1,-1
367,5,693.155,1318.5800000000002,40,40,1,-1,-1,-1
368,1,797.51,1317.55,40,40,1,-1,-1,-1
368,2,794.86,1232.3700000000001,40,40,1,-1,-1,-1
368,4,453.03000000000003,967.98,40,40,1,-1,-1,-1
368,5,693.165,1318.6850000000002,40,40,1,-1,-1,-1
369,1,797.49,1317.4950000000001,40,40,1,-1,-1,-1
369,2,800.9150000000001,1231.4250000000002,40,40,1,-1,-1,-1
369,4,452.40999999999997,970.245,40,40,1,-1,-1,-1
369,5,693.1600000000001,1318.74,40,40,1,-1,-1,-1
370,1,797.49,1317.48,40,40,1,-1,-1,-1
370,2,808.295,1231.845,40,40,1,-1,-1,-1
370,4,450.84,973.635,40,40,1,-1,-1,-1
370,5,693.135,1318.115,40,40,1,-1,-1,-1
371,1,797.485,1317.48,40,40,1,-1,-1,-1
371,2,814.535,1232.1299999999999,40,40,1,-1,-1,-1
371,4,448.93,976.135,40,40,1,-1,-1,-1
371,5,692.46,1318.565,40,40,1,-1,-1,-1
372,1,797.4899999999999,1317.4750000000001,40,40,1,-1,-1,-1
372,2,821.96,1233.285,40,40,1,-1,-1,-1
372,4,448.215,978.9499999999999,40,40,1,-1,-1,-1
372,5,692.1949999999999,1318.74,40,40,1,-1,-1,-1
373,1,797.495,1317.4750000000001,40,40,1,-1,-1,-1
373,2,828.51,1233.7949999999998,40,40,1,-1,-1,-1
373,4,446.63,981.23,40,40,1,-1,-1,-1
373,5,692.09,1318.83,40,40,1,-1,-1,-1
374,1,797.49,1317.4750000000001,40,40,1,-1,-1,-1
374,2,836.0500000000001,1235.375,40,40,1,-1,-1,-1
374,4,444.735,983.3149999999999,40,40,1,-1,-1,-1
374,5,692.0500000000001,1318.8649999999998,40,40,1,-1,-1,-1
375,1,797.495,1317.48,40,40,1,-1,-1,-1
375,2,843.635,1237.0149999999999,40,40,1,-1,-1,-1
375,4,444.025,984.655,40,40,1,-1,-1,-1
375,5,692.04,1318.885,40,40,1,-1,-1,-1
376,1,797.49,1317.48,40,40,1,-1,-1,-1
376,2,850.245,1238.355,40,40,1,-1,-1,-1
376,4,442.465,986.385,40,40,1,-1,-1,-1
376,5,692.03,1318.905,40,40,1,-1,-1,-1
377,1,797.495,1317.8200000000002,40,40,1,-1,-1,-1
377,2,856.465,1239.55,40,40,1,-1,-1,-1
377,4,441.905,987.625,40,40,1,-1,-1,-1
377,5,692.025,1318.915,40,40,1,-1,-1,-1
378,1,797.83,1317.9450000000002,40,40,1,-1,-1,-1
378,2,864.195,1240.69,40,40,1,-1,-1,-1
378,4,440.745,988.34,40,40,1,-1,-1,-1
378,5,692.02,1318.925,40,40,1,-1,-1,-1
379,1,797.945,1317.9850000000001,40,40,1,-1,-1,-1
379,2,871.175,1241.79,40,40,1,-1,-1,-1
379,4,440.96,988.54,40,40,1,-1,-1,-1
379,5,692.02,1318.275,40,40,1,-1,-1,-1
380,1,797.995,1318.0,40,40,1,-1,-1,-1
380,2,876.8599999999999,1243.555,40,40,1,-1,-1,-1
380,4,441.72499999999997,989.84,40,40,1,-1,-1,-1
380,5,692.0150000000001,1318.035,40,40,1,-1,-1,-1
381,1,798.015,1318.0049999999999,40,40,1,-1,-1,-1
381,2,882.735,1244.21,40,40,1,-1,-1,-1
381,4,442.04499999999996,991.565,40,40,1,-1,-1,-1
381,5,692.015,1317.945,40,40,1,-1,-1,-1
382,1,797.6850000000001,1318.0149999999999,40,40,1,-1,-1,-1
382,2,889.34,1246.45,40,40,1,-1,-1,-1
382,4,443.495,993.47,40,40,1,-1,-1,-1
382,5,692.0100000000001,1317.925,40,40,1,-1,-1,-1
383,1,797.56,1317.675,40,40,1,-1,-1,-1
383,2,894.89,1248.92,40,40,1,-1,-1,-1
383,4,444.72,995.445,40,40,1,-1,-1,-1
383,5,692.0150000000001,1318.59,40,40,1,-1,-1,-1
384,1,797.52,1317.55,40,40,1,-1,-1,-1
384,2,897.6899999999999,1250.52,40,40,1,-1,-1,-1
384,4,445.855,997.765,40,40,1,-1,-1,-1
384,5,692.01,1318.84,40,40,1,-1,-1,-1
385,1,797.5,1317.51,40,40,1,-1,-1,-1
385,2,897.0849999999999,1252.4299999999998,40,40,1,-1,-1,-1
385,4,447.615,999.89,40,40,1,-1,-1,-1
385,5,692.01,1318.275,40,40,1,-1,-1,-1
386,1,797.82,1317.825,40,40,1,-1,-1,-1
386,2,893.31,1254.1100000000001,40,40,1,-1,-1,-1
386,4,449.91499999999996,1003.2650000000001,40,40,1,-1,-1,-1
386,5,692.01,1318.07,40,40,1,-1,-1,-1
387,1,797.94,1317.9450000000002,40,40,1,-1,-1,-1
387,2,888.91,1254.34,40,40,1,-1,-1,-1
387,4,451.11,1005.4549999999999,40,40,1,-1,-1,-1
387,5,692.005,1317.99,40,40,1,-1,-1,-1
388,1,797.9899999999999,1317.98,40,40,1,-1,-1,-1
388,2,883.3050000000001,1255.075,40,40,1,-1,-1,-1
388,4,452.2,1009.1600000000001,40,40,1,-1,-1,-1
388,5,692.0,1317.96,40,40,1,-1,-1,-1
389,1,798.01,1318.0049999999999,40,40,1,-1,-1,-1
389,2,877.42,1254.32,40,40,1,-1,-1,-1
389,4,453.26,1012.4749999999999,40,40,1,-1,-1,-1
389,5,692.005,1317.955,40,40,1,-1,-1,-1
390,1,798.01,1317.35,40,40,1,-1,-1,-1
390,2,870.305,1253.37,40,40,1,-1,-1,-1
390,4,454.295,1015.6200000000001,40,40,1,-1,-1,-1
390,5,692.0,1318.625,40,40,1,-1,-1,-1
391,1,798.015,1317.76,40,40,1,-1,-1,-1
391,2,861.615,1252.315,40,40,1,-1,-1,-1
391,4,455.65500000000003,1018.6949999999999,40,40,1,-1,-1,-1
391,5,692.005,1318.22,40,40,1,-1,-1,-1
392,1,798.015,1317.92,40,40,1,-1,-1,-1
392,2,852.7099999999999,1249.925,40,40,1,-1,-1,-1
392,4,456.8,1022.415,40,40,1,-1,-1,-1
392,5,692.005,1318.725,40,40,1,-1,-1,-1
393,1,798.01,1317.98,40,40,1,-1,-1,-1
393,2,843.765,1247.685,40,40,1,-1,-1,-1
393,4,457.54,1026.7,40,40,1,-1,-1,-1
393,5,692.0,1318.255,40,40,1,-1,-1,-1
394,1,797.6800000000001,1317.675,40,40,1,-1,-1,-1
394,2,833.9399999999999,1245.865,40,40,1,-1,-1,-1
394,4,458.44,1031.4850000000001,40,40,1,-1,-1,-1
394,5,692.005,1318.74,40,40,1,-1,-1,-1
395,1,797.5550000000001,1317.5449999999998,40,40,1,-1,-1,-1
395,2,824.405,1243.22,40,40,1,-1,-1,-1
395,4,460.39,1036.82,40,40,1,-1,-1,-1
395,5,692.005,1318.915,40,40,1,-1,-1,-1
396,1,797.505,1318.165,40,40,1,-1,-1,-1
396,2,816.2650000000001,1240.9099999999999,40,40,1,-1,-1,-1
396,4,461.10999999999996,1041.385,40,40,1,-1,-1,-1
396,5,692.005,1318.985,40,40,1,-1,-1,-1
397,1,797.49,1318.4,40,40,1,-1,-1,-1
397,2,809.375,1238.085,40,40,1,-1,-1,-1
397,4,461.675,1046.28,40,40,1,-1,-1,-1
397,5,692.005,1319.005,40,40,1,-1,-1,-1
398,1,797.485,1318.4850000000001,40,40,1,-1,-1,-1
398,2,801.6550000000001,1235.7250000000001,40,40,1,-1,-1,-1
398,4,463.17,1051.94,40,40,1,-1,-1,-1
398,5,692.0,1319.015,40,40,1,-1,-1,-1
399,1,797.485,1317.855,40,40,1,-1,-1,-1
399,2,796.27,1233.55,40,40,1,-1,-1,-1
399,4,464.37,1057.905,40,40,1,-1,-1,-1
399,5,692.005,1318.365,40,40,1,-1,-1,-1
400,1,797.49,1317.945,40,40,1,-1,-1,-1
400,2,792.43,1231.4550000000002,40,40,1,-1,-1,-1
400,4,465.44500000000005,1063.9750000000001,40,40,1,-1,-1,-1
400,5,692.0,1318.11,40,40,1,-1,-1,-1
401,1,797.485,1317.98,40,40,1,-1,-1,-1
401,2,788.855,1229.72,40,40,1,-1,-1,-1
401,4,465.81500000000005,1070.075,40,40,1,-1,-1,-1
401,5,691.995,1318.02,40,40,1,-1,-1,-1
402,1,797.49,1317.665,40,40,1,-1,-1,-1
402,2,787.0400000000001,1228.78,40,40,1,-1,-1,-1
402,4,467.22999999999996,1076.835,40,40,1,-1,-1,-1
402,5,692.0,1318.65,40,40,1,-1,-1,-1
403,1,797.485,1317.55,40,40,1,-1,-1,-1
403,2,785.52,1227.82,40,40,1,-1,-1,-1
403,4,468.395,1082.515,40,40,1,-1,-1,-1
403,5,692.005,1318.885,40,40,1,-1,-1,-1
404,1,797.485,1317.8300000000002,40,40,1,-1,-1,-1
404,2,784.78,1226.845,40,40,1,-1,-1,-1
404,4,470.46000000000004,1089.125,40,40,1,-1,-1,-1
404,5,692.005,1318.975,40,40,1,-1,-1,-1
405,1,797.49,1317.94,40,40,1,-1,-1,-1
405,2,784.65,1226.19,40,40,1,-1,-1,-1
405,4,471.855,1094.7250000000001,40,40,1,-1,-1,-1
405,5,692.0,1319.01,40,40,1,-1,-1,-1
406,1,797.49,1317.98,40,40,1,-1,-1,-1
406,2,785.425,1225.995,40,40,1,-1,-1,-1
406,4,473.66999999999996,1100.615,40,40,1,-1,-1,-1
406,5,692.0,1318.36,40,40,1,-1,-1,-1
407,1,797.495,1317.995,40,40,1,-1,-1,-1
407,2,786.5400000000001,1225.975,40,40,1,-1,-1,-1
407,4,476.305,1106.605,40,40,1,-1,-1,-1
407,5,692.005,1318.11,40,40,1,-1,-1,-1
408,1,797.5,1318.0,40,40,1,-1,-1,-1
408,2,787.715,1226.01,40,40,1,-1,-1,-1
408,4,477.9,1111.965,40,40,1,-1,-1,-1
408,5,692.0,1318.02,40,40,1,-1,-1,-1
409,1,797.49,1318.01,40,40,1,-1,-1,-1
409,2,789.9,1226.05,40,40,1,-1,-1,-1
409,4,479.77,1118.4199999999998,40,40,1,-1,-1,-1
409,5,692.005,1317.99,40,40,1,-1,-1,-1
410,1,797.825,1318.01,40,40,1,-1,-1,-1
410,2,791.46,1226.1000000000001,40,40,1,-1,-1,-1
410,4,481.735,1123.955,40,40,1,-1,-1,-1
410,5,692.005,1317.98,40,40,1,-1,-1,-1
411,1,797.62,1318.0,40,40,1,-1,-1,-1
411,2,793.095,1226.15,40,40,1,-1,-1,-1
411,4,483.75500000000005,1129.135,40,40,1,-1,-1,-1
411,5,692.0,1317.975,40,40,1,-1,-1,-1
412,1,797.545,1318.0,40,40,1,-1,-1,-1
412,2,795.08,1226.855,40,40,1,-1,-1,-1
412,4,486.42499999999995,1134.8500000000001,40,40,1,-1,-1,-1
412,5,691.995,1317.975,40,40,1,-1,-1,-1
413,1,797.515,1318.0,40,40,1,-1,-1,-1
413,2,797.84,1228.465,40,40,1,-1,-1,-1
413,4,489.34999999999997,1139.45,40,40,1,-1,-1,-1
413,5,692.005,1318.64,40,40,1,-1,-1,-1
414,1,797.505,1318.0049999999999,40,40,1,-1,-1,-1
414,2,800.875,1229.75,40,40,1,-1,-1,-1
414,4,491.72,1143.625,40,40,1,-1,-1,-1
414,5,692.0,1318.89,40,40,1,-1,-1,-1
415,1,797.5,1317.675,40,40,1,-1,-1,-1
415,2,803.355,1231.5649999999998,40,40,1,-1,-1,-1
415,4,495.19000000000005,1148.295,40,40,1,-1,-1,-1
415,5,692.0,1318.985,40,40,1,-1,-1,-1
416,1,797.495,1317.55,40,40,1,-1,-1,-1
416,2,806.9200000000001,1232.905,40,40,1,-1,-1,-1
416,4,499.06499999999994,1153.16,40,40,1,-1,-1,-1
416,5,692.005,1319.015,40,40,1,-1,-1,-1
417,1,797.495,1317.5049999999999,40,40,1,-1,-1,-1
417,2,809.895,1235.39,40,40,1,-1,-1,-1
417,4,502.44499999999994,1157.765,40,40,1,-1,-1,-1
417,5,692.0,1319.025,40,40,1,-1,-1,-1
418,1,797.5,1317.48,40,40,1,-1,-1,-1
418,2,813.28,1238.2649999999999,40,40,1,-1,-1,-1
418,4,506.28999999999996,1161.94,40,40,1,-1,-1,-1
418,5,692.0,1319.03,40,40,1,-1,-1,-1
419,1,797.83,1318.465,40,40,1,-1,-1,-1
419,2,816.515,1241.35,40,40,1,-1,-1,-1
419,4,510.28,1165.3049999999998,40,40,1,-1,-1,-1
419,5,692.0,1319.025,40,40,1,-1,-1,-1
420,1,797.9499999999999,1318.5149999999999,40,40,1,-1,-1,-1
420,2,820.63,1243.7749999999999,40,40,1,-1,-1,-1
420,4,514.67,1169.03,40,40,1,-1,-1,-1
420,5,692.005,1319.025,40,40,1,-1,-1,-1
421,1,797.995,1318.53,40,40,1,-1,-1,-1
421,2,824.445,1247.2849999999999,40,40,1,-1,-1,-1
421,4,518.5300000000001,1172.56,40,40,1,-1,-1,-1
421,5,692.0,1319.02,40,40,1,-1,-1,-1
422,1,798.01,1318.53,40,40,1,-1,-1,-1
422,2,827.8000000000001,1250.55,40,40,1,-1,-1,-1
422,4,522.52,1175.705,40,40,1,-1,-1,-1
422,5,692.0,1319.02,40,40,1,-1,-1,-1
423,1,798.0200000000001,1318.8600000000001,40,40,1,-1,-1,-1
423,2,832.95,1253.71,40,40,1,-1,-1,-1
423,4,525.2199999999999,1179.3700000000001,40,40,1,-1,-1,-1
423,5,692.005,1319.015,40,40,1,-1,-1,-1
424,1,798.02,1318.65,40,40,1,-1,-1,-1
424,2,837.45,1256.17,40,40,1,-1,-1,-1
424,4,529.43,1182.56,40,40,1,-1,-1,-1
424,5,692.0,1318.355,40,40,1,-1,-1,-1
425,1,797.69,1317.905,40,40,1,-1,-1,-1
425,2,841.04,1258.335,40,40,1,-1,-1,-1
425,4,533.545,1185.59,40,40,1,-1,-1,-1
425,5,691.995,1318.765,40,40,1,-1,-1,-1
426,1,797.5600000000001,1317.955,40,40,1,-1,-1,-1
426,2,844.94,1261.085,40,40,1,-1,-1,-1
426,4,536.295,1190.535,40,40,1,-1,-1,-1
426,5,691.9949999999999,1318.26,40,40,1,-1,-1,-1
427,1,797.51,1317.31,40,40,1,-1,-1,-1
427,2,848.95,1263.685,40,40,1,-1,-1,-1
427,4,539.1850000000001,1194.235,40,40,1,-1,-1,-1
427,5,692.0,1318.07,40,40,1,-1,-1,-1
428,1,797.495,1316.74,40,40,1,-1,-1,-1
428,2,853.0,1266.255,40,40,1,-1,-1,-1
428,4,541.485,1198.115,40,40,1,-1,-1,-1
428,5,692.0,1318.0,40,40,1,-1,-1,-1
429,1,797.8149999999999,1316.86,40,40,1,-1,-1,-1
429,2,857.375,1268.79,40,40,1,-1,-1,-1
429,4,542.56,1202.065,40,40,1,-1,-1,-1
429,5,692.665,1317.98,40,40,1,-1,-1,-1
430,1,797.945,1316.9150000000002,40,40,1,-1,-1,-1
430,2,862.2199999999999,1270.6599999999999,40,40,1,-1,-1,-1
430,4,544.5100000000001,1205.395,40,40,1,-1,-1,-1
430,5,692.905,1317.9650000000001,40,40,1,-1,-1,-1
431,1,797.99,1316.9350000000002,40,40,1,-1,-1,-1
431,2,866.56,1272.9299999999998,40,40,1,-1,-1,-1
431,4,545.79,1210.4450000000002,40,40,1,-1,-1,-1
431,5,693.0,1317.9650000000001,40,40,1,-1,-1,-1
432,1,797.34,1316.9499999999998,40,40,1,-1,-1,-1
432,2,870.0450000000001,1275.03,40,40,1,-1,-1,-1
432,4,547.1700000000001,1215.815,40,40,1,-1,-1,-1
432,5,693.03,1317.9750000000001,40,40,1,-1,-1,-1
433,1,797.77,1316.9550000000002,40,40,1,-1,-1,-1
433,2,873.1999999999999,1277.06,40,40,1,-1,-1,-1
433,4,547.61,1222.945,40,40,1,-1,-1,-1
433,5,692.38,1318.6350000000002,40,40,1,-1,-1,-1
434,1,797.93,1317.635,40,40,1,-1,-1,-1
434,2,876.245,1279.06,40,40,1,-1,-1,-1
434,4,548.335,1229.4450000000002,40,40,1,-1,-1,-1
434,5,692.135,1318.8850000000002,40,40,1,-1,-1,-1
435,1,797.985,1317.22,40,40,1,-1,-1,-1
435,2,879.24,1281.06,40,40,1,-1,-1,-1
435,4,549.1800000000001,1235.7,40,40,1,-1,-1,-1
435,5,692.0400000000001,1318.9850000000001,40,40,1,-1,-1,-1
436,1,798.0,1317.73,40,40,1,-1,-1,-1
436,2,882.22,1282.39,40,40,1,-1,-1,-1
436,4,550.415,1241.83,40,40,1,-1,-1,-1
436,5,692.0,1318.355,40,40,1,-1,-1,-1
437,1,798.0100000000001,1317.915,40,40,1,-1,-1,-1
437,2,882.2149999999999,1283.475,40,40,1,-1,-1,-1
437,4,551.8000000000001,1248.565,40,40,1,-1,-1,-1
437,5,691.99,1318.115,40,40,1,-1,-1,-1
438,1,798.01,1317.33,40,40,1,-1,-1,-1
438,2,881.765,1283.805,40,40,1,-1,-1,-1
438,4,552.895,1254.91,40,40,1,-1,-1,-1
438,5,691.985,1318.02,40,40,1,-1,-1,-1
439,1,798.01,1317.77,40,40,1,-1,-1,-1
439,2,879.43,1284.5049999999999,40,40,1,-1,-1,-1
439,4,554.565,1261.72,40,40,1,-1,-1,-1
439,5,692.655,1317.99,40,40,1,-1,-1,-1
440,1,798.015,1317.935,40,40,1,-1,-1,-1
440,2,877.2049999999999,1283.405,40,40,1,-1,-1,-1
440,4,557.0999999999999,1268.05,40,40,1,-1,-1,-1
440,5,692.2449999999999,1317.985,40,40,1,-1,-1,-1
441,1,798.01,1317.34,40,40,1,-1,-1,-1
441,2,874.635,1281.275,40,40,1,-1,-1,-1
441,4,559.975,1273.535,40,40,1,-1,-1,-1
441,5,692.74,1317.98,40,40,1,-1,-1,-1
442,1,798.005,1317.765,40,40,1,-1,-1,-1
442,2,871.64,1279.115,40,40,1,-1,-1,-1
442,4,563.285,1279.355,40,40,1,-1,-1,-1
442,5,692.9250000000001,1317.985,40,40,1,-1,-1,-1
443,1,798.005,1317.27,40,40,1,-1,-1,-1
443,2,868.485,1276.94,40,40,1,-1,-1,-1
443,4,567.4399999999999,1284.65,40,40,1,-1,-1,-1
443,5,693.005,1317.98,40,40,1,-1,-1,-1
444,1,798.005,1317.08,40,40,1,-1,-1,-1
444,2,866.6,1275.44,40,40,1,-1,-1,-1
444,4,571.58,1289.735,40,40,1,-1,-1,-1
444,5,692.36,1317.9850000000001,40,40,1,-1,-1,-1
445,1,798.005,1317.01,40,40,1,-1,-1,-1
445,2,865.22,1274.195,40,40,1,-1,-1,-1
445,4,575.035,1294.75,40,40,1,-1,-1,-1
445,5,692.1149999999999,1317.315,40,40,1,-1,-1,-1
446,1,798.005,1316.99,40,40,1,-1,-1,-1
446,2,863.395,1273.08,40,40,1,-1,-1,-1
446,4,578.88,1300.3899999999999,40,40,1,-1,-1,-1
446,5,692.025,1318.41,40,40,1,-1,-1,-1
447,1,798.0100000000001,1316.98,40,40,1,-1,-1,-1
447,2,862.7,1271.9799999999998,40,40,1,-1,-1,-1
447,4,582.875,1305.615,40,40,1,-1,-1,-1
447,5,691.995,1318.815,40,40,1,-1,-1,-1
448,1,798.005,1316.98,40,40,1,-1,-1,-1
448,2,862.4549999999999,1271.575,40,40,1,-1,-1,-1
448,4,587.58,1310.03,40,40,1,-1,-1,-1
448,5,692.64,1318.31,40,40,1,-1,-1,-1
449,1,798.6700000000001,1317.645,40,40,1,-1,-1,-1
449,2,862.365,1270.77,40,40,1,-1,-1,-1
449,4,591.89,1315.1200000000001,40,40,1,-1,-1,-1
449,5,692.23,1318.775,40,40,1,-1,-1,-1
450,1,798.91,1317.895,40,40,1,-1,-1,-1
450,2,863.015,1271.14,40,40,1,-1,-1,-1
450,4,596.7,1319.135,40,40,1,-1,-1,-1
450,5,692.075,1318.95,40,40,1,-1,-1,-1
451,1,799.0,1317.98,40,40,1,-1,-1,-1
451,2,864.895,1271.29,40,40,1,-1,-1,-1
451,4,601.03,1323.105,40,40,1,-1,-1,-1
451,5,692.01,1318.35,40,40,1,-1,-1,-1
452,1,799.03,1318.015,40,40,1,-1,-1,-1
452,2,866.955,1271.36,40,40,1,-1,-1,-1
452,4,604.5250000000001,1327.0549999999998,40,40,1,-1,-1,-1
452,5,691.99,1318.78,40,40,1,-1,-1,-1
453,1,799.05,1318.025,40,40,1,-1,-1,-1
453,2,869.38,1272.055,40,40,1,-1,-1,-1
453,4,608.3399999999999,1330.995,40,40,1,-1,-1,-1
453,5,691.98,1318.285,40,40,1,-1,-1,-1
454,1,799.04,1318.025,40,40,1,-1,-1,-1
454,2,870.9449999999999,1273.97,40,40,1,-1,-1,-1
454,4,612.625,1334.27,40,40,1,-1,-1,-1
454,5,691.99,1318.76,40,40,1,-1,-1,-1
455,1,799.035,1318.025,40,40,1,-1,-1,-1
455,2,872.1800000000001,1276.04,40,40,1,-1,-1,-1
455,4,616.42,1337.66,40,40,1,-1,-1,-1
455,5,691.9799999999999,1318.28,40,40,1,-1,-1,-1
456,1,799.035,1318.02,40,40,1,-1,-1,-1
456,2,873.2850000000001,1278.79,40,40,1,-1,-1,-1
456,4,619.695,1340.0500000000002,40,40,1,-1,-1,-1
456,5,691.99,1318.095,40,40,1,-1,-1,-1
457,1,799.035,1318.02,40,40,1,-1,-1,-1
457,2,874.005,1281.79,40,40,1,-1,-1,-1
457,4,624.1,1341.775,40,40,1,-1,-1,-1
457,5,691.99,1318.015,40,40,1,-1,-1,-1
458,1,799.0350000000001,1318.02,40,40,1,-1,-1,-1
458,2,873.5649999999999,1285.5749999999998,40,40,1,-1,-1,-1
458,4,627.93,1344.27,40,40,1,-1,-1,-1
458,5,691.985,1318.655,40,40,1,-1,-1,-1
459,1,799.0250000000001,1318.015,40,40,1,-1,-1,-1
459,2,873.39,1288.92,40,40,1,-1,-1,-1
459,4,631.87,1346.39,40,40,1,-1,-1,-1
459,5,691.995,1318.895,40,40,1,-1,-1,-1
460,1,799.0250000000001,1318.015,40,40,1,-1,-1,-1
460,2,871.29,1292.14,40,40,1,-1,-1,-1
460,4,637.505,1349.03,40,40,1,-1,-1,-1
460,5,691.995,1318.33,40,40,1,-1,-1,-1
461,1,799.0200000000001,1318.01,40,40,1,-1,-1,-1
461,2,869.85,1296.575,40,40,1,-1,-1,-1
461,4,642.475,1351.855,40,40,1,-1,-1,-1
461,5,691.99,1318.11,40,40,1,-1,-1,-1
462,1,799.02,1318.01,40,40,1,-1,-1,-1
462,2,867.64,1300.4950000000001,40,40,1,-1,-1,-1
462,4,646.8399999999999,1354.105,40,40,1,-1,-1,-1
462,5,691.99,1318.03,40,40,1,-1,-1,-1
463,1,798.3549999999999,1318.01,40,40,1,-1,-1,-1
463,2,866.485,1304.8600000000001,40,40,1,-1,-1,-1
463,4,650.975,1356.49,40,40,1,-1,-1,-1
463,5,691.995,1318.66,40,40,1,-1,-1,-1
464,1,798.0999999999999,1318.01,40,40,1,-1,-1,-1
464,2,865.38,1309.1100000000001,40,40,1,-1,-1,-1
464,4,655.02,1357.935,40,40,1,-1,-1,-1
464,5,691.3349999999999,1318.9,40,40,1,-1,-1,-1
465,1,798.015,1318.005,40,40,1,-1,-1,-1
465,2,863.3149999999999,1312.92,40,40,1,-1,-1,-1
465,4,659.035,1360.3400000000001,40,40,1,-1,-1,-1
465,5,691.745,1318.99,40,40,1,-1,-1,-1
466,1,797.98,1318.005,40,40,1,-1,-1,-1
466,2,862.5699999999999,1316.855,40,40,1,-1,-1,-1
466,4,662.385,1361.81,40,40,1,-1,-1,-1
466,5,691.905,1319.02,40,40,1,-1,-1,-1
467,1,797.9649999999999,1318.005,40,40,1,-1,-1,-1
467,2,862.9699999999999,1320.905,40,40,1,-1,-1,-1
467,4,665.48,1363.565,40,40,1,-1,-1,-1
467,5,691.965,1319.025,40,40,1,-1,-1,-1
468,1,797.975,1318.005,40,40,1,-1,-1,-1
468,2,864.445,1323.97,40,40,1,-1,-1,-1
468,4,669.14,1365.44,40,40,1,-1,-1,-1
468,5,691.9849999999999,1319.035,40,40,1,-1,-1,-1
469,1,797.97,1318.005,40,40,1,-1,-1,-1
469,2,865.7,1327.0,40,40,1,-1,-1,-1
469,4,672.36,1366.7250000000001,40,40,1,-1,-1,-1
469,5,691.995,1319.03,40,40,1,-1,-1,-1
470,1,797.975,1318.005,40,40,1,-1,-1,-1
470,2,866.8449999999999,1328.3500000000001,40,40,1,-1,-1,-1
470,4,675.405,1369.075,40,40,1,-1,-1,-1
470,5,691.995,1319.025,40,40,1,-1,-1,-1
471,1,797.975,1318.005,40,40,1,-1,-1,-1
471,2,868.6,1330.0749999999998,40,40,1,-1,-1,-1
471,4,678.385,1371.845,40,40,1,-1,-1,-1
471,5,692.005,1319.02,40,40,1,-1,-1,-1
472,1,797.3149999999999,1318.005,40,40,1,-1,-1,-1
472,2,868.6,1331.9450000000002,40,40,1,-1,-1,-1
472,4,682.015,1374.785,40,40,1,-1,-1,-1
472,5,692.0,1319.02,40,40,1,-1,-1,-1
473,1,797.7349999999999,1318.005,40,40,1,-1,-1,-1
473,2,868.925,1334.195,40,40,1,-1,-1,-1
473,4,685.89,1377.775,40,40,1,-1,-1,-1
473,5,692.0,1319.02,40,40,1,-1,-1,-1
474,1,797.23,1317.34,40,40,1,-1,-1,-1
474,2,869.705,1336.9199999999998,40,40,1,-1,-1,-1
474,4,689.85,1381.45,40,40,1,-1,-1,-1
474,5,692.6650000000001,1318.36,40,40,1,-1,-1,-1
475,1,797.71,1317.09,40,40,1,-1,-1,-1
475,2,869.32,1337.85,40,40,1,-1,-1,-1
475,4,693.195,1384.7250000000001,40,40,1,-1,-1,-1
475,5,692.24,1318.105,40,40,1,-1,-1,-1
476,1,797.8950000000001,1317.665,40,40,1,-1,-1,-1
476,2,867.825,1338.7450000000001,40,40,1,-1,-1,-1
476,4,695.63,1388.5,40,40,1,-1,-1,-1
476,5,692.09,1318.68,40,40,1,-1,-1,-1
477,1,797.9549999999999,1317.88,40,40,1,-1,-1,-1
477,2,865.96,1339.675,40,40,1,-1,-1,-1
477,4,698.39,1391.8,40,40,1,-1,-1,-1
477,5,692.0300000000001,1318.89,40,40,1,-1,-1,-1
478,1,797.985,1317.965,40,40,1,-1,-1,-1
478,2,864.5899999999999,1339.28,40,40,1,-1,-1,-1
478,4,700.62,1395.24,40,40,1,-1,-1,-1
478,5,692.6700000000001,1318.97,40,40,1,-1,-1,-1
479,1,797.995,1317.995,40,40,1,-1,-1,-1
479,2,861.115,1339.375,40,40,1,-1,-1,-1
479,4,703.315,1398.415,40,40,1,-1,-1,-1
479,5,692.25,1319.0,40,40,1,-1,-1,-1
480,1,798.0,1318.005,40,40,1,-1,-1,-1
480,2,859.155,1339.3600000000001,40,40,1,-1,-1,-1
480,4,705.1899999999999,1399.4850000000001,40,40,1,-1,-1,-1
480,5,692.0899999999999,1319.01,40,40,1,-1,-1,-1
481,1,798.0,1318.01,40,40,1,-1,-1,-1
481,2,857.78,1339.945,40,40,1,-1,-1,-1
481,4,706.42,1402.0949999999998,40,40,1,-1,-1,-1
481,5,692.025,1319.01,40,40,1,-1,-1,-1
482,1,798.0,1318.01,40,40,1,-1,-1,-1
482,2,856.635,1339.7949999999998,40,40,1,-1,-1,-1
482,4,707.4150000000001,1402.605,40,40,1,-1,-1,-1
482,5,692.665,1319.01,40,40,1,-1,-1,-1
483,1,798.0,1318.01,40,40,1,-1,-1,-1
483,2,856.545,1340.3500000000001,40,40,1,-1,-1,-1
483,4,708.685,1403.37,40,40,1,-1,-1,-1
483,5,692.91,1319.01,40,40,1,-1,-1,-1
484,1,798.005,1318.01,40,40,1,-1,-1,-1
484,2,855.5699999999999,1340.18,40,40,1,-1,-1,-1
484,4,709.09,1404.25,40,40,1,-1,-1,-1
484,5,693.0,1319.005,40,40,1,-1,-1,-1
485,1,798.005,1318.005,40,40,1,-1,-1,-1
485,2,856.545,1340.08,40,40,1,-1,-1,-1
485,4,709.135,1404.485,40,40,1,-1,-1,-1
485,5,692.365,1319.015,40,40,1,-1,-1,-1
486,1,798.0,1318.005,40,40,1,-1,-1,-1
486,2,858.27,1339.9950000000001,40,40,1,-1,-1,-1
486,4,709.065,1404.82,40,40,1,-1,-1,-1
486,5,692.785,1319.015,40,40,1,-1,-1,-1
487,1,798.0,1318.005,40,40,1,-1,-1,-1
487,2,859.6,1339.2800000000002,40,40,1,-1,-1,-1
487,4,707.6650000000001,1404.88,40,40,1,-1,-1,-1
487,5,692.285,1319.01,40,40,1,-1,-1,-1
488,1,797.995,1318.005,40,40,1,-1,-1,-1
488,2,860.795,1338.3,40,40,1,-1,-1,-1
488,4,706.4100000000001,1405.5,40,40,1,-1,-1,-1
488,5,692.75,1319.01,40,40,1,-1,-1,-1
489,1,798.005,1318.005,40,40,1,-1,-1,-1
489,2,862.88,1336.61,40,40,1,-1,-1,-1
489,4,704.555,1405.67,40,40,1,-1,-1,-1
489,5,692.9250000000001,1319.01,40,40,1,-1,-1,-1
490,1,798.005,1318.005,40,40,1,-1,-1,-1
490,2,864.345,1335.275,40,40,1,-1,-1,-1
490,4,702.5,1406.345,40,40,1,-1,-1,-1
490,5,692.3299999999999,1319.01,40,40,1,-1,-1,-1
491,1,798.0,1318.005,40,40,1,-1,-1,-1
491,2,865.555,1333.44,40,40,1,-1,-1,-1
491,4,699.715,1407.2050000000002,40,40,1,-1,-1,-1
491,5,692.11,1319.005,40,40,1,-1,-1,-1
492,1,798.0,1318.005,40,40,1,-1,-1,-1
492,2,866.6500000000001,1331.7649999999999,40,40,1,-1,-1,-1
492,4,696.655,1407.81,40,40,1,-1,-1,-1
492,5,692.025,1319.005,40,40,1,-1,-1,-1
493,1,798.0,1318.005,40,40,1,-1,-1,-1
493,2,866.38,1329.81,40,40,1,-1,-1,-1
493,4,693.845,1408.66,40,40,1,-1,-1,-1
493,5,691.995,1319.005,40,40,1,-1,-1,-1
494,1,798.0,1318.0,40,40,1,-1,-1,-1
494,2,865.6,1327.76,40,40,1,-1,-1,-1
494,4,690.775,1409.595,40,40,1,-1,-1,-1
494,5,691.985,1318.345,40,40,1,-1,-1,-1
495,1,798.0,1318.0,40,40,1,-1,-1,-1
495,2,865.2800000000001,1327.0149999999999,40,40,1,-1,-1,-1
495,4,688.335,1410.57,40,40,1,-1,-1,-1
495,5,691.985,1318.09,40,40,1,-1,-1,-1
496,1,797.995,1318.0,40,40,1,-1,-1,-1
496,2,864.505,1325.44,40,40,1,-1,-1,-1
496,4,685.465,1411.5549999999998,40,40,1,-1,-1,-1
496,5,691.98,1318.0,40,40,1,-1,-1,-1
497,1,797.995,1318.0,40,40,1,-1,-1,-1
497,2,864.1999999999999,1324.21,40,40,1,-1,-1,-1
497,4,682.43,1412.5449999999998,40,40,1,-1,-1,-1
497,5,691.985,1317.97,40,40,1,-1,-1,-1
498,1,797.995,1318.0,40,40,1,-1,-1,-1
498,2,863.42,1322.785,40,40,1,-1,-1,-1
498,4,679.3549999999999,1413.86,40,40,1,-1,-1,-1
498,5,691.985,1317.965,40,40,1,-1,-1,-1
499,1,798.005,1318.0,40,40,1,-1,-1,-1
499,2,862.47,1321.63,40,40,1,-1,-1,-1
499,4,675.5849999999999,1414.99,40,40,1,-1,-1,-1
499,5,691.985,1317.965,40,40,1,-1,-1,-1
500,1,798.005,1318.0,40,40,1,-1,-1,-1
500,2,861.455,1320.56,40,40,1,-1,-1,-1
500,4,672.915,1416.365,40,40,1,-1,-1,-1
500,5,691.99,1317.965,40,40,1,-1,-1,-1
