8,1,310.165,877.1999999999999,40,40,1,-1,-1,-1
9,1,314.255,874.675,40,40,1,-1,-1,-1
10,1,316.965,872.38,40,40,1,-1,-1,-1
11,1,319.885,872.405,40,40,1,-1,-1,-1
12,1,323.565,871.77,40,40,1,-1,-1,-1
13,1,326.145,871.5949999999999,40,40,1,-1,-1,-1
14,1,329.665,871.585,40,40,1,-1,-1,-1
15,1,332.21,871.6,40,40,1,-1,-1,-1
16,1,334.37,871.64,40,40,1,-1,-1,-1
17,1,337.06,872.335,40,40,1,-1,-1,-1
18,1,339.28999999999996,872.625,40,40,1,-1,-1,-1
19,1,342.0,872.76,40,40,1,-1,-1,-1
20,1,343.585,872.16,40,40,1,-1,-1,-1
21,1,345.40000000000003,873.265,40,40,1,-1,-1,-1
22,1,347.32,873.03,40,40,1,-1,-1,-1
23,1,348.595,872.9549999999999,40,40,1,-1,-1,-1
24,1,349.645,872.9300000000001,40,40,1,-1,-1,-1
25,1,350.28499999999997,872.9300000000001,40,40,1,-1,-1,-1
26,1,350.47,872.9300000000001,40,40,1,-1,-1,-1
27,1,351.115,872.9399999999999,40,40,1,-1,-1,-1
28,1,352.265,872.9399999999999,40,40,1,-1,-1,-1
29,1,353.96000000000004,872.95,40,40,1,-1,-1,-1
30,1,354.53999999999996,873.615,40,40,1,-1,-1,-1
31,1,354.03999999999996,873.2099999999999,40,40,1,-1,-1,-1
32,1,353.12,874.38,40,40,1,-1,-1,-1
33,1,352.745,875.4749999999999,40,40,1,-1,-1,-1
34,1,352.56,876.545,40,40,1,-1,-1,-1
35,1,352.135,877.6049999999999,40,40,1,-1,-1,-1
36,1,351.275,878.65,40,40,1,-1,-1,-1
37,1,350.27000000000004,880.3499999999999,40,40,1,-1,-1,-1
38,1,349.875,883.615,40,40,1,-1,-1,-1
39,1,349.71,886.14,40,40,1,-1,-1,-1
40,1,349.635,889.045,40,40,1,-1,-1,-1
41,1,349.605,891.425,40,40,1,-1,-1,-1
42,1,348.92499999999995,892.93,40,40,1,-1,-1,-1
43,1,349.0,894.775,40,40,1,-1,-1,-1
44,1,348.02,896.74,40,40,1,-1,-1,-1
45,1,347.99,898.08,40,40,1,-1,-1,-1
46,1,347.30999999999995,899.19,40,40,1,-1,-1,-1
47,1,347.065,900.88,40,40,1,-1,-1,-1
48,1,346.315,902.775,40,40,1,-1,-1,-1
49,1,346.04,904.1,40,40,1,-1,-1,-1
50,1,344.29,906.525,40,40,1,-1,-1,-1
51,1,342.98,909.355,40,40,1,-1,-1,-1
52,1,341.845,911.685,40,40,1,-1,-1,-1
53,1,341.76,913.825,40,40,1,-1,-1,-1
54,1,341.09,916.5500000000001,40,40,1,-1,-1,-1
55,1,340.19,918.16,40,40,1,-1,-1,-1
56,1,338.545,920.0250000000001,40,40,1,-1,-1,-1
57,1,337.28,921.975,40,40,1,-1,-1,-1
58,1,336.18,923.2900000000001,40,40,1,-1,-1,-1
59,1,335.795,925.7,40,40,1,-1,-1,-1
60,1,334.36,927.2,40,40,1,-1,-1,-1
61,1,331.85,930.355,40,40,1,-1,-1,-1
62,1,330.945,932.78,40,40,1,-1,-1,-1
63,1,328.655,934.94,40,40,1,-1,-1,-1
64,1,327.16499999999996,938.99,40,40,1,-1,-1,-1
65,1,325.33500000000004,942.4050000000001,40,40,1,-1,-1,-1
66,1,324.025,945.6049999999999,40,40,1,-1,-1,-1
67,1,322.26,948.03,40,40,1,-1,-1,-1
68,1,321.645,952.16,40,40,1,-1,-1,-1
69,1,320.14,956.265,40,40,1,-1,-1,-1
70,1,319.62,959.695,40,40,1,-1,-1,-1
71,1,318.80499999999995,964.845,40,40,1,-1,-1,-1
72,1,319.23,970.0100000000001,40,40,1,-1,-1,-1
73,1,321.42,973.8,40,40,1,-1,-1,-1
74,1,321.595,977.73,40,40,1,-1,-1,-1
75,1,323.635,981.725,40,40,1,-1,-1,-1
76,1,324.45,985.75,40,40,1,-1,-1,-1
77,1,325.42,989.775,40,40,1,-1,-1,-1
78,1,327.105,993.1350000000001,40,40,1,-1,-1,-1
79,1,329.05,995.605,40,40,1,-1,-1,-1
80,1,330.445,998.375,40,40,1,-1,-1,-1
81,1,331.95,999.965,40,40,1,-1,-1,-1
82,1,333.82,1001.75,40,40,1,-1,-1,-1
83,1,337.135,1003.295,40,40,1,-1,-1,-1
84,1,340.985,1003.785,40,40,1,-1,-1,-1
85,1,344.38,1005.1700000000001,40,40,1,-1,-1,-1
86,1,348.23499999999996,1005.6199999999999,40,40,1,-1,-1,-1
87,1,352.275,1006.3399999999999,40,40,1,-1,-1,-1
88,1,355.71999999999997,1006.865,40,40,1,-1,-1,-1
89,1,359.615,1006.6199999999999,40,40,1,-1,-1,-1
90,1,362.30499999999995,1007.46,40,40,1,-1,-1,-1
91,1,366.215,1007.7149999999999,40,40,1,-1,-1,-1
92,1,368.575,1007.7249999999999,40,40,1,-1,-1,-1
93,1,371.7,1007.675,40,40,1,-1,-1,-1
94,1,374.09000000000003,1006.95,40,40,1,-1,-1,-1
95,1,376.54999999999995,1005.3049999999998,40,40,1,-1,-1,-1
96,1,379.035,1003.35,40,40,1,-1,-1,-1
97,1,381.86,1001.2349999999999,40,40,1,-1,-1,-1
98,1,384.815,999.11,40,40,1,-1,-1,-1
99,1,388.46,996.35,40,40,1,-1,-1,-1
100,1,391.065,993.335,40,40,1,-1,-1,-1
101,1,393.265,990.225,40,40,1,-1,-1,-1
102,1,395.315,986.4350000000001,40,40,1,-1,-1,-1
103,1,397.305,983.72,40,40,1,-1,-1,-1
104,1,398.615,981.425,40,40,1,-1,-1,-1
105,1,399.675,979.2900000000001,40,40,1,-1,-1,-1
106,1,400.63,978.56,40,40,1,-1,-1,-1
107,1,401.56,978.3649999999999,40,40,1,-1,-1,-1
108,1,402.825,979.015,40,40,1,-1,-1,-1
109,1,403.88,980.005,40,40,1,-1,-1,-1
110,1,404.53499999999997,981.0749999999999,40,40,1,-1,-1,-1
111,1,405.71999999999997,982.165,40,40,1,-1,-1,-1
112,1,406.765,983.93,40,40,1,-1,-1,-1
113,1,407.085,986.935,40,40,1,-1,-1,-1
114,1,409.15500000000003,988.4,40,40,1,-1,-1,-1
115,1,410.865,988.925,40,40,1,-1,-1,-1
116,1,412.78000000000003,989.775,40,40,1,-1,-1,-1
117,1,415.435,991.4,40,40,1,-1,-1,-1
118,1,419.65000000000003,993.3100000000001,40,40,1,-1,-1,-1
119,1,423.175,994.665,40,40,1,-1,-1,-1
120,1,426.395,996.46,40,40,1,-1,-1,-1
121,1,429.52000000000004,997.775,40,40,1,-1,-1,-1
122,1,433.255,999.555,40,40,1,-1,-1,-1
123,1,435.9,1001.515,40,40,1,-1,-1,-1
124,1,438.78499999999997,1002.875,40,40,1,-1,-1,-1
125,1,441.105,1004.01,40,40,1,-1,-1,-1
126,1,443.205,1005.7049999999999,40,40,1,-1,-1,-1
127,1,444.57500000000005,1006.3199999999999,40,40,1,-1,-1,-1
128,1,445.665,1007.1600000000001,40,40,1,-1,-1,-1
129,1,445.995,1007.435,40,40,1,-1,-1,-1
130,1,446.035,1007.5050000000001,40,40,1,-1,-1,-1
131,1,446.625,1007.49,40,40,1,-1,-1,-1
132,1,446.79,1007.4449999999999,40,40,1,-1,-1,-1
133,1,446.785,1007.4000000000001,40,40,1,-1,-1,-1
134,1,448.055,1008.0250000000001,40,40,1,-1,-1,-1
135,1,450.44,1008.885,40,40,1,-1,-1,-1
136,1,453.92999999999995,1009.19,40,40,1,-1,-1,-1
137,1,456.86,1009.9449999999999,40,40,1,-1,-1,-1
138,1,461.865,1011.19,40,40,1,-1,-1,-1
139,1,467.58500000000004,1012.2950000000001,40,40,1,-1,-1,-1
140,1,473.64,1012.69,40,40,1,-1,-1,-1
141,1,479.79499999999996,1014.1199999999999,40,40,1,-1,-1,-1
142,1,484.65500000000003,1015.3,40,40,1,-1,-1,-1
143,1,490.32,1015.72,40,40,1,-1,-1,-1
144,1,495.64,1015.845,40,40,1,-1,-1,-1
145,1,500.145,1015.2049999999999,40,40,1,-1,-1,-1
146,1,503.69000000000005,1014.9300000000001,40,40,1,-1,-1,-1
147,1,506.21000000000004,1014.8199999999999,40,40,1,-1,-1,-1
148,1,507.68000000000006,1014.75,40,40,1,-1,-1,-1
149,1,508.755,1014.7149999999999,40,40,1,-1,-1,-1
150,1,509.03999999999996,1014.685,40,40,1,-1,-1,-1
151,1,508.34000000000003,1015.99,40,40,1,-1,-1,-1
152,1,507.29999999999995,1019.115,40,40,1,-1,-1,-1
153,1,505.54499999999996,1023.5450000000001,40,40,1,-1,-1,-1
154,1,503.475,1027.845,40,40,1,-1,-1,-1
155,1,501.93000000000006,1032.09,40,40,1,-1,-1,-1
156,1,501.32500000000005,1036.25,40,40,1,-1,-1,-1
157,1,501.07000000000005,1041.0249999999999,40,40,1,-1,-1,-1
158,1,500.93500000000006,1048.685,40,40,1,-1,-1,-1
159,1,499.55999999999995,1056.07,40,40,1,-1,-1,-1
160,1,499.005,1063.415,40,40,1,-1,-1,-1
161,1,498.115,1071.335,40,40,1,-1,-1,-1
162,1,498.43499999999995,1078.17,40,40,1,-1,-1,-1
163,1,499.21500000000003,1085.56,40,40,1,-1,-1,-1
164,1,499.49,1093.4750000000001,40,40,1,-1,-1,-1
164,2,313.945,884.895,40,40,1,-1,-1,-1
165,1,499.76,1098.66,40,40,1,-1,-1,-1
165,2,314.005,884.415,40,40,1,-1,-1,-1
166,2,316.185,883.555,40,40,1,-1,-1,-1
167,2,319.76000000000005,878.865,40,40,1,-1,-1,-1
168,2,322.27,875.98,40,40,1,-1,-1,-1
169,2,324.11,875.025,40,40,1,-1,-1,-1
170,2,326.05,872.4050000000001,40,40,1,-1,-1,-1
171,2,328.03,870.82,40,40,1,-1,-1,-1
172,2,330.01,870.635,40,40,1,-1,-1,-1
173,2,332.01,870.315,40,40,1,-1,-1,-1
174,2,333.355,870.92,40,40,1,-1,-1,-1
175,2,335.1,873.515,40,40,1,-1,-1,-1
176,2,337.0,875.88,40,40,1,-1,-1,-1
177,2,339.635,877.795,40,40,1,-1,-1,-1
178,2,341.875,880.495,40,40,1,-1,-1,-1
179,2,343.31,883.1800000000001,40,40,1,-1,-1,-1
180,2,345.08500000000004,885.855,40,40,1,-1,-1,-1
181,1,547.59,1111.655,40,40,1,-1,-1,-1
181,2,346.34999999999997,888.815,40,40,1,-1,-1,-1
182,1,549.415,1110.315,40,40,1,-1,-1,-1
182,2,348.07500000000005,892.875,40,40,1,-1,-1,-1
183,1,552.99,1107.8049999999998,40,40,1,-1,-1,-1
183,2,349.31,897.0350000000001,40,40,1,-1,-1,-1
184,1,555.5649999999999,1103.225,40,40,1,-1,-1,-1
184,2,350.365,900.53,40,40,1,-1,-1,-1
185,1,558.41,1100.155,40,40,1,-1,-1,-1
185,2,351.35999999999996,904.105,40,40,1,-1,-1,-1
186,1,560.705,1097.335,40,40,1,-1,-1,-1
186,2,352.99,907.35,40,40,1,-1,-1,-1
187,1,563.4499999999999,1093.295,40,40,1,-1,-1,-1
187,2,354.54499999999996,910.8149999999999,40,40,1,-1,-1,-1
188,1,566.365,1090.48,40,40,1,-1,-1,-1
188,2,356.38,912.6999999999999,40,40,1,-1,-1,-1
189,1,568.6899999999999,1087.47,40,40,1,-1,-1,-1
189,2,356.665,915.3199999999999,40,40,1,-1,-1,-1
190,1,572.1,1084.4,40,40,1,-1,-1,-1
190,2,358.05499999999995,916.875,40,40,1,-1,-1,-1
191,1,574.61,1081.97,40,40,1,-1,-1,-1
191,2,359.17499999999995,918.0400000000001,40,40,1,-1,-1,-1
192,1,576.785,1080.45,40,40,1,-1,-1,-1
192,2,360.21,919.71,40,40,1,-1,-1,-1
193,1,580.14,1079.6100000000001,40,40,1,-1,-1,-1
193,2,361.2,921.26,40,40,1,-1,-1,-1
194,1,583.95,1078.69,40,40,1,-1,-1,-1
194,2,362.185,923.735,40,40,1,-1,-1,-1
195,1,587.925,1077.075,40,40,1,-1,-1,-1
195,2,363.82,926.255,40,40,1,-1,-1,-1
196,1,591.955,1075.8649999999998,40,40,1,-1,-1,-1
196,2,366.71000000000004,928.4499999999999,40,40,1,-1,-1,-1
197,1,595.3499999999999,1074.14,40,40,1,-1,-1,-1
197,2,368.22499999999997,930.5500000000001,40,40,1,-1,-1,-1
198,1,599.15,1072.22,40,40,1,-1,-1,-1
199,1,602.4499999999999,1069.8999999999999,40,40,1,-1,-1,-1
200,1,605.5600000000001,1067.7649999999999,40,40,1,-1,-1,-1
201,1,608.5899999999999,1065.705,40,40,1,-1,-1,-1
202,1,610.9300000000001,1063.67,40,40,1,-1,-1,-1
203,1,612.36,1061.6450000000002,40,40,1,-1,-1,-1
204,1,613.4399999999999,1059.625,40,40,1,-1,-1,-1
205,1,613.085,1058.265,40,40,1,-1,-1,-1
206,1,614.16,1057.165,40,40,1,-1,-1,-1
207,1,614.5,1055.4950000000001,40,40,1,-1,-1,-1
208,1,613.87,1054.935,40,40,1,-1,-1,-1
209,1,613.555,1054.12,40,40,1,-1,-1,-1
210,1,613.365,1053.8700000000001,40,40,1,-1,-1,-1
211,1,612.6099999999999,1052.51,40,40,1,-1,-1,-1
212,1,612.9100000000001,1052.05,40,40,1,-1,-1,-1
213,1,613.645,1051.2649999999999,40,40,1,-1,-1,-1
214,1,614.545,1051.0,40,40,1,-1,-1,-1
215,1,616.17,1050.295,40,40,1,-1,-1,-1
216,1,618.0649999999999,1048.75,40,40,1,-1,-1,-1
217,1,620.735,1047.545,40,40,1,-1,-1,-1
218,1,621.6800000000001,1047.1350000000002,40,40,1,-1,-1,-1
219,1,623.98,1046.36,40,40,1,-1,-1,-1
220,1,625.455,1046.11,40,40,1,-1,-1,-1
221,1,627.28,1045.4,40,40,1,-1,-1,-1
222,1,629.24,1044.8300000000002,40,40,1,-1,-1,-1
223,1,631.25,1043.9850000000001,40,40,1,-1,-1,-1
224,1,633.26,1043.71,40,40,1,-1,-1,-1
225,1,635.62,1043.635,40,40,1,-1,-1,-1
226,1,638.115,1044.31,40,40,1,-1,-1,-1
227,1,639.635,1044.575,40,40,1,-1,-1,-1
228,1,642.4599999999999,1045.355,40,40,1,-1,-1,-1
229,1,645.1,1045.67,40,40,1,-1,-1,-1
230,1,647.3549999999999,1044.815,40,40,1,-1,-1,-1
231,1,650.1,1045.4799999999998,40,40,1,-1,-1,-1
232,1,653.06,1045.425,40,40,1,-1,-1,-1
233,1,656.065,1046.07,40,40,1,-1,-1,-1
234,1,659.75,1045.66,40,40,1,-1,-1,-1
235,1,663.045,1046.1699999999998,40,40,1,-1,-1,-1
236,1,665.52,1047.025,40,40,1,-1,-1,-1
237,1,668.335,1046.69,40,40,1,-1,-1,-1
238,1,670.63,1046.565,40,40,1,-1,-1,-1
239,1,673.37,1047.18,40,40,1,-1,-1,-1
240,1,674.33,1047.405,40,40,1,-1,-1,-1
241,1,675.9150000000001,1047.49,40,40,1,-1,-1,-1
242,1,677.73,1046.8600000000001,40,40,1,-1,-1,-1
243,1,678.995,1046.615,40,40,1,-1,-1,-1
244,1,680.71,1046.535,40,40,1,-1,-1,-1
245,1,682.595,1046.5,40,40,1,-1,-1,-1
246,1,684.5500000000001,1045.8249999999998,40,40,1,-1,-1,-1
247,1,685.875,1045.5749999999998,40,40,1,-1,-1,-1
248,1,687.61,1044.155,40,40,1,-1,-1,-1
249,1,688.855,1042.3049999999998,40,40,1,-1,-1,-1
250,1,689.25,1041.625,40,40,1,-1,-1,-1
251,1,691.315,1040.0549999999998,40,40,1,-1,-1,-1
252,1,693.355,1040.15,40,40,1,-1,-1,-1
253,1,694.715,1040.205,40,40,1,-1,-1,-1
254,1,696.48,1040.9,40,40,1,-1,-1,-1
255,1,697.745,1042.495,40,40,1,-1,-1,-1
256,1,700.775,1044.41,40,40,1,-1,-1,-1
257,1,703.205,1046.495,40,40,1,-1,-1,-1
258,1,707.02,1049.5949999999998,40,40,1,-1,-1,-1
259,1,711.0450000000001,1052.7350000000001,40,40,1,-1,-1,-1
260,1,715.4499999999999,1055.88,40,40,1,-1,-1,-1
261,1,720.3299999999999,1056.68,40,40,1,-1,-1,-1
262,1,724.0450000000001,1058.92,40,40,1,-1,-1,-1
263,1,727.98,1061.045,40,40,1,-1,-1,-1
264,1,731.335,1061.8100000000002,40,40,1,-1,-1,-1
265,1,734.475,1062.705,40,40,1,-1,-1,-1
266,1,736.85,1063.6499999999999,40,40,1,-1,-1,-1
267,1,739.62,1064.625,40,40,1,-1,-1,-1
268,1,741.22,1065.605,40,40,1,-1,-1,-1
269,1,743.035,1065.9350000000002,40,40,1,-1,-1,-1
270,1,744.265,1066.015,40,40,1,-1,-1,-1
271,1,744.61,1066.99,40,40,1,-1,-1,-1
272,1,745.3100000000001,1067.99,40,40,1,-1,-1,-1
273,1,747.15,1067.6599999999999,40,40,1,-1,-1,-1
274,1,749.085,1067.48,40,40,1,-1,-1,-1
275,1,749.705,1067.3799999999999,40,40,1,-1,-1,-1
276,1,750.52,1067.325,40,40,1,-1,-1,-1
277,1,750.085,1067.9550000000002,40,40,1,-1,-1,-1
278,1,750.535,1067.505,40,40,1,-1,-1,-1
279,1,750.3199999999999,1067.315,40,40,1,-1,-1,-1
280,1,750.19,1066.57,40,40,1,-1,-1,-1
281,1,750.0949999999999,1065.29,40,40,1,-1,-1,-1
282,1,750.03,1064.145,40,40,1,-1,-1,-1
283,1,749.965,1062.3950000000002,40,40,1,-1,-1,-1
284,1,749.905,1061.075,40,40,1,-1,-1,-1
285,1,751.1750000000001,1058.605,40,40,1,-1,-1,-1
286,1,752.955,1056.365,40,40,1,-1,-1,-1
287,1,754.255,1054.885,40,40,1,-1,-1,-1
288,1,756.03,1053.03,40,40,1,-1,-1,-1
289,1,757.99,1051.7050000000002,40,40,1,-1,-1,-1
290,1,760.3399999999999,1050.245,40,40,1,-1,-1,-1
291,1,762.1850000000001,1048.075,40,40,1,-1,-1,-1
292,1,764.15,1046.645,40,40,1,-1,-1,-1
293,1,766.16,1045.48,40,40,1,-1,-1,-1
294,1,768.1899999999999,1046.0800000000002,40,40,1,-1,-1,-1
295,1,770.2299999999999,1046.36,40,40,1,-1,-1,-1
296,1,771.595,1047.16,40,40,1,-1,-1,-1
297,1,773.37,1048.155,40,40,1,-1,-1,-1
298,1,775.305,1049.21,40,40,1,-1,-1,-1
299,1,777.3000000000001,1049.96,40,40,1,-1,-1,-1
300,1,779.97,1051.5649999999998,40,40,1,-1,-1,-1
301,1,781.58,1053.17,40,40,1,-1,-1,-1
302,1,784.105,1054.4450000000002,40,40,1,-1,-1,-1
303,1,786.635,1055.58,40,40,1,-1,-1,-1
304,1,790.185,1056.6550000000002,40,40,1,-1,-1,-1
305,1,792.43,1056.385,40,40,1,-1,-1,-1
306,1,795.17,1056.2649999999999,40,40,1,-1,-1,-1
307,1,798.11,1055.2150000000001,40,40,1,-1,-1,-1
308,1,800.455,1053.49,40,40,1,-1,-1,-1
309,1,803.24,1052.165,40,40,1,-1,-1,-1
310,1,804.865,1051.015,40,40,1,-1,-1,-1
311,1,806.055,1049.92,40,40,1,-1,-1,-1
312,1,806.415,1048.86,40,40,1,-1,-1,-1
313,1,807.135,1048.48,40,40,1,-1,-1,-1
314,1,807.985,1048.345,40,40,1,-1,-1,-1
315,1,808.245,1049.635,40,40,1,-1,-1,-1
316,1,808.94,1051.4550000000002,40,40,1,-1,-1,-1
317,1,809.145,1053.14,40,40,1,-1,-1,-1
318,1,810.4849999999999,1054.105,40,40,1,-1,-1,-1
319,1,811.6,1055.125,40,40,1,-1,-1,-1
320,1,813.295,1056.485,40,40,1,-1,-1,-1
321,1,815.2099999999999,1057.6499999999999,40,40,1,-1,-1,-1
322,1,817.865,1057.7350000000001,40,40,1,-1,-1,-1
323,1,820.79,1058.405,40,40,1,-1,-1,-1
324,1,823.815,1059.64,40,40,1,-1,-1,-1
325,1,826.88,1060.7350000000001,40,40,1,-1,-1,-1
326,1,831.27,1061.125,40,40,1,-1,-1,-1
327,1,834.83,1061.585,40,40,1,-1,-1,-1
328,1,838.725,1062.725,40,40,1,-1,-1,-1
329,1,842.0849999999999,1064.4550000000002,40,40,1,-1,-1,-1
330,1,844.585,1065.7450000000001,40,40,1,-1,-1,-1
331,1,847.735,1067.5249999999999,40,40,1,-1,-1,-1
332,1,850.8,1068.82,40,40,1,-1,-1,-1
333,1,852.515,1069.27,40,40,1,-1,-1,-1
334,1,854.0450000000001,1070.0649999999998,40,40,1,-1,-1,-1
335,1,855.195,1071.655,40,40,1,-1,-1,-1
336,1,857.1800000000001,1072.875,40,40,1,-1,-1,-1
337,1,859.5,1073.625,40,40,1,-1,-1,-1
338,1,861.6,1074.865,40,40,1,-1,-1,-1
339,1,864.95,1075.625,40,40,1,-1,-1,-1
340,1,868.1,1077.525,40,40,1,-1,-1,-1
341,1,871.1899999999999,1079.8600000000001,40,40,1,-1,-1,-1
342,1,875.555,1081.685,40,40,1,-1,-1,-1
343,1,879.755,1082.9950000000001,40,40,1,-1,-1,-1
344,1,883.2149999999999,1084.76,40,40,1,-1,-1,-1
345,1,887.7099999999999,1085.365,40,40,1,-1,-1,-1
346,1,891.9449999999999,1086.21,40,40,1,-1,-1,-1
347,1,896.72,1087.15,40,40,1,-1,-1,-1
348,1,902.36,1087.12,40,40,1,-1,-1,-1
349,1,906.9949999999999,1087.405,40,40,1,-1,-1,-1
350,1,911.92,1086.465,40,40,1,-1,-1,-1
351,1,916.265,1086.42,40,40,1,-1,-1,-1
352,1,920.405,1085.71,40,40,1,-1,-1,-1
353,1,924.46,1084.755,40,40,1,-1,-1,-1
354,1,927.8149999999999,1083.385,40,40,1,-1,-1,-1
355,1,930.255,1082.8600000000001,40,40,1,-1,-1,-1
356,1,932.3599999999999,1082.655,40,40,1,-1,-1,-1
357,1,935.6500000000001,1081.5800000000002,40,40,1,-1,-1,-1
358,1,938.725,1080.845,40,40,1,-1,-1,-1
359,1,940.425,1079.91,40,40,1,-1,-1,-1
360,1,942.26,1078.24,40,40,1,-1,-1,-1
361,1,944.8000000000001,1077.62,40,40,1,-1,-1,-1
362,1,948.285,1076.7450000000001,40,40,1,-1,-1,-1
363,1,949.49,1076.0900000000001,40,40,1,-1,-1,-1
364,1,951.8000000000001,1074.88,40,40,1,-1,-1,-1
365,1,955.205,1074.435,40,40,1,-1,-1,-1
366,1,958.365,1075.6149999999998,40,40,1,-1,-1,-1
367,1,960.77,1076.075,40,40,1,-1,-1,-1
368,1,963.5500000000001,1076.265,40,40,1,-1,-1,-1
369,1,967.13,1076.35,40,40,1,-1,-1,-1
370,1,971.01,1076.39,40,40,1,-1,-1,-1
371,1,973.685,1076.405,40,40,1,-1,-1,-1
372,1,977.225,1076.415,40,40,1,-1,-1,-1
373,1,981.08,1076.4250000000002,40,40,1,-1,-1,-1
374,1,985.0699999999999,1075.775,40,40,1,-1,-1,-1
375,1,989.085,1074.885,40,40,1,-1,-1,-1
376,1,993.13,1073.885,40,40,1,-1,-1,-1
377,1,997.165,1072.86,40,40,1,-1,-1,-1
378,1,1001.86,1071.825,40,40,1,-1,-1,-1
379,1,1006.155,1070.79,40,40,1,-1,-1,-1
380,1,1009.615,1069.09,40,40,1,-1,-1,-1
381,1,1014.0799999999999,1067.8100000000002,40,40,1,-1,-1,-1
382,1,1016.9550000000002,1065.385,40,40,1,-1,-1,-1
383,1,1021.2,1064.485,40,40,1,-1,-1,-1
384,1,1024.6399999999999,1063.5249999999999,40,40,1,-1,-1,-1
385,1,1029.095,1063.195,40,40,1,-1,-1,-1
386,1,1033.285,1062.4450000000002,40,40,1,-1,-1,-1
387,1,1037.36,1062.855,40,40,1,-1,-1,-1
388,1,1041.405,1065.04,40,40,1,-1,-1,-1
389,1,1046.08,1066.5249999999999,40,40,1,-1,-1,-1
390,1,1050.34,1069.08,40,40,1,-1,-1,-1
391,1,1055.105,1070.71,40,40,1,-1,-1,-1
392,1,1060.045,1071.9850000000001,40,40,1,-1,-1,-1
393,1,1065.725,1072.46,40,40,1,-1,-1,-1
394,1,1070.995,1072.625,40,40,1,-1,-1,-1
395,1,1075.48,1072.6750000000002,40,40,1,-1,-1,-1
396,1,1080.295,1073.335,40,40,1,-1,-1,-1
397,1,1085.25,1074.225,40,40,1,-1,-1,-1
398,1,1090.9250000000002,1074.555,40,40,1,-1,-1,-1
399,1,1098.155,1074.665,40,40,1,-1,-1,-1
400,1,1104.005,1074.6850000000002,40,40,1,-1,-1,-1
401,1,1109.345,1074.685,40,40,1,-1,-1,-1
402,1,1116.455,1074.665,40,40,1,-1,-1,-1
403,1,1123.56,1075.3100000000002,40,40,1,-1,-1,-1
404,1,1132.015,1074.21,40,40,1,-1,-1,-1
405,1,1139.2450000000001,1073.805,40,40,1,-1,-1,-1
406,1,1146.71,1072.98,40,40,1,-1,-1,-1
407,1,1154.585,1073.325,40,40,1,-1,-1,-1
408,1,1161.29,1072.795,40,40,1,-1,-1,-1
409,1,1168.535,1072.915,40,40,1,-1,-1,-1
410,1,1174.345,1074.6,40,40,1,-1,-1,-1
411,1,1180.25,1077.215,40,40,1,-1,-1,-1
412,1,1186.855,1079.51,40,40,1,-1,-1,-1
413,1,1194.3899999999999,1082.6699999999998,40,40,1,-1,-1,-1
414,1,1201.935,1088.07,40,40,1,-1,-1,-1
415,1,1209.8449999999998,1092.8000000000002,40,40,1,-1,-1,-1
416,1,1216.5200000000002,1099.2,40,40,1,-1,-1,-1
417,1,1223.4250000000002,1104.855,40,40,1,-1,-1,-1
418,1,1229.715,1109.51,40,40,1,-1,-1,-1
418,3,384.89,913.055,40,40,1,-1,-1,-1
419,1,1236.4199999999998,1112.42,40,40,1,-1,-1,-1
419,3,383.585,908.8100000000001,40,40,1,-1,-1,-1
420,3,379.94,906.055,40,40,1,-1,-1,-1
421,3,377.33,902.4100000000001,40,40,1,-1,-1,-1
422,3,375.795,899.1650000000001,40,40,1,-1,-1,-1
423,3,373.97,896.065,40,40,1,-1,-1,-1
424,3,371.34000000000003,893.705,40,40,1,-1,-1,-1
425,3,369.785,890.945,40,40,1,-1,-1,-1
426,3,368.615,888.025,40,40,1,-1,-1,-1
427,3,366.925,885.06,40,40,1,-1,-1,-1
428,3,366.375,882.055,40,40,1,-1,-1,-1
429,3,364.24,879.715,40,40,1,-1,-1,-1
430,1,1283.01,1106.22,40,40,1,-1,-1,-1
430,3,362.835,877.62,40,40,1,-1,-1,-1
431,1,1285.985,1103.885,40,40,1,-1,-1,-1
431,3,361.71,875.615,40,40,1,-1,-1,-1
432,1,1288.3049999999998,1100.435,40,40,1,-1,-1,-1
432,3,360.69000000000005,872.985,40,40,1,-1,-1,-1
433,1,1289.99,1096.49,40,40,1,-1,-1,-1
433,3,359.7,872.07,40,40,1,-1,-1,-1
434,1,1290.44,1093.66,40,40,1,-1,-1,-1
434,3,358.73,871.17,40,40,1,-1,-1,-1
435,1,1291.79,1089.3149999999998,40,40,1,-1,-1,-1
435,3,357.755,870.265,40,40,1,-1,-1,-1
436,1,1291.855,1084.775,40,40,1,-1,-1,-1
436,3,356.125,870.01,40,40,1,-1,-1,-1
437,1,1291.755,1080.8000000000002,40,40,1,-1,-1,-1
437,3,355.565,870.01,40,40,1,-1,-1,-1
438,1,1291.58,1079.335,40,40,1,-1,-1,-1
438,3,355.415,870.08,40,40,1,-1,-1,-1
439,1,1293.72,1073.58,40,40,1,-1,-1,-1
439,3,354.74,868.18,40,40,1,-1,-1,-1
440,1,1295.09,1068.5049999999999,40,40,1,-1,-1,-1
440,3,354.545,867.5450000000001,40,40,1,-1,-1,-1
441,1,1295.52,1064.365,40,40,1,-1,-1,-1
441,3,353.84,866.6899999999999,40,40,1,-1,-1,-1
442,1,1296.91,1060.25,40,40,1,-1,-1,-1
442,3,353.62,866.43,40,40,1,-1,-1,-1
443,1,1298.0100000000002,1056.81,40,40,1,-1,-1,-1
443,3,354.86999999999995,866.37,40,40,1,-1,-1,-1
444,1,1299.3400000000001,1052.325,40,40,1,-1,-1,-1
444,3,355.40999999999997,866.4150000000001,40,40,1,-1,-1,-1
445,1,1300.76,1048.76,40,40,1,-1,-1,-1
445,3,355.625,866.4599999999999,40,40,1,-1,-1,-1
446,1,1302.205,1043.895,40,40,1,-1,-1,-1
446,3,356.38,865.855,40,40,1,-1,-1,-1
447,1,1304.01,1040.205,40,40,1,-1,-1,-1
447,3,358.02,865.675,40,40,1,-1,-1,-1
448,1,1307.255,1036.95,40,40,1,-1,-1,-1
448,3,359.29,865.625,40,40,1,-1,-1,-1
449,1,1309.735,1032.55,40,40,1,-1,-1,-1
449,3,361.1,866.2900000000001,40,40,1,-1,-1,-1
450,1,1311.92,1029.035,40,40,1,-1,-1,-1
450,3,362.45500000000004,866.585,40,40,1,-1,-1,-1
451,1,1315.305,1026.18,40,40,1,-1,-1,-1
451,3,363.6,866.6999999999999,40,40,1,-1,-1,-1
452,1,1317.83,1022.595,40,40,1,-1,-1,-1
452,3,366.02000000000004,866.7650000000001,40,40,1,-1,-1,-1
453,1,1320.35,1018.7349999999999,40,40,1,-1,-1,-1
453,3,367.565,866.81,40,40,1,-1,-1,-1
454,1,1323.8700000000001,1014.7550000000001,40,40,1,-1,-1,-1
454,3,370.105,866.835,40,40,1,-1,-1,-1
455,1,1326.745,1009.4300000000001,40,40,1,-1,-1,-1
455,3,372.355,866.855,40,40,1,-1,-1,-1
456,1,1328.405,1003.92,40,40,1,-1,-1,-1
456,3,373.825,867.535,40,40,1,-1,-1,-1
457,1,1330.2649999999999,999.335,40,40,1,-1,-1,-1
457,3,375.65999999999997,869.13,40,40,1,-1,-1,-1
458,1,1332.855,995.12,40,40,1,-1,-1,-1
458,3,376.96000000000004,871.0500000000001,40,40,1,-1,-1,-1
459,1,1336.39,991.035,40,40,1,-1,-1,-1
459,3,379.39,871.77,40,40,1,-1,-1,-1
460,1,1338.2849999999999,987.66,40,40,1,-1,-1,-1
460,3,380.26,872.695,40,40,1,-1,-1,-1
461,1,1341.5549999999998,983.57,40,40,1,-1,-1,-1
461,3,381.195,873.6850000000001,40,40,1,-1,-1,-1
462,1,1344.02,979.1949999999999,40,40,1,-1,-1,-1
462,3,381.495,874.05,40,40,1,-1,-1,-1
463,1,1346.5049999999999,974.735,40,40,1,-1,-1,-1
463,3,381.57000000000005,874.17,40,40,1,-1,-1,-1
464,1,1349.005,969.57,40,40,1,-1,-1,-1
464,3,381.55,874.86,40,40,1,-1,-1,-1
465,1,1352.49,964.465,40,40,1,-1,-1,-1
465,3,380.86,874.445,40,40,1,-1,-1,-1
466,1,1355.0349999999999,959.4,40,40,1,-1,-1,-1
466,3,379.885,875.6,40,40,1,-1,-1,-1
467,1,1358.535,954.35,40,40,1,-1,-1,-1
467,3,378.84999999999997,876.01,40,40,1,-1,-1,-1
468,1,1361.74,949.63,40,40,1,-1,-1,-1
468,3,376.42499999999995,876.15,40,40,1,-1,-1,-1
469,1,1364.4950000000001,945.385,40,40,1,-1,-1,-1
469,3,374.21000000000004,874.88,40,40,1,-1,-1,-1
470,1,1367.4199999999998,940.65,40,40,1,-1,-1,-1
470,3,372.685,875.04,40,40,1,-1,-1,-1
471,1,1371.065,935.72,40,40,1,-1,-1,-1
471,3,370.165,875.74,40,40,1,-1,-1,-1
472,1,1373.645,930.73,40,40,1,-1,-1,-1
472,3,367.88,876.6700000000001,40,40,1,-1,-1,-1
473,1,1376.4950000000001,926.375,40,40,1,-1,-1,-1
473,3,366.385,877.66,40,40,1,-1,-1,-1
474,1,1379.445,920.94,40,40,1,-1,-1,-1
474,3,364.525,878.025,40,40,1,-1,-1,-1
475,1,1383.09,915.77,40,40,1,-1,-1,-1
475,3,363.2,879.47,40,40,1,-1,-1,-1
476,1,1386.345,911.3499999999999,40,40,1,-1,-1,-1
476,3,362.075,880.655,40,40,1,-1,-1,-1
477,1,1388.105,907.89,40,40,1,-1,-1,-1
477,3,361.025,881.74,40,40,1,-1,-1,-1
478,1,1392.66,902.11,40,40,1,-1,-1,-1
478,3,360.65999999999997,882.13,40,40,1,-1,-1,-1
479,1,1396.2350000000001,897.475,40,40,1,-1,-1,-1
479,3,360.56,882.92,40,40,1,-1,-1,-1
480,1,1398.7849999999999,893.2550000000001,40,40,1,-1,-1,-1
480,3,361.225,883.1899999999999,40,40,1,-1,-1,-1
481,1,1402.275,887.885,40,40,1,-1,-1,-1
481,3,360.84000000000003,884.5899999999999,40,40,1,-1,-1,-1
482,1,1404.795,884.0600000000001,40,40,1,-1,-1,-1
482,3,360.71999999999997,885.095,40,40,1,-1,-1,-1
483,1,1407.61,881.475,40,40,1,-1,-1,-1
483,3,360.045,885.255,40,40,1,-1,-1,-1
484,1,1411.865,878.6800000000001,40,40,1,-1,-1,-1
484,3,359.805,885.3,40,40,1,-1,-1,-1
485,1,1414.005,877.8050000000001,40,40,1,-1,-1,-1
485,3,358.425,884.63,40,40,1,-1,-1,-1
486,1,1417.3449999999998,877.635,40,40,1,-1,-1,-1
486,3,357.27000000000004,884.365,40,40,1,-1,-1,-1
487,1,1419.805,879.6949999999999,40,40,1,-1,-1,-1
487,3,355.53499999999997,884.245,40,40,1,-1,-1,-1
488,1,1423.2749999999999,879.3000000000001,40,40,1,-1,-1,-1
488,3,353.59499999999997,884.8449999999999,40,40,1,-1,-1,-1
489,1,1426.4450000000002,879.885,40,40,1,-1,-1,-1
489,3,351.565,885.06,40,40,1,-1,-1,-1
490,1,1429.5,880.23,40,40,1,-1,-1,-1
490,3,349.515,885.13,40,40,1,-1,-1,-1
491,1,1433.8300000000002,880.4,40,40,1,-1,-1,-1
491,3,347.465,886.4549999999999,40,40,1,-1,-1,-1
492,1,1438.66,881.88,40,40,1,-1,-1,-1
492,3,345.41499999999996,888.27,40,40,1,-1,-1,-1
493,1,1442.34,883.135,40,40,1,-1,-1,-1
493,3,344.025,889.5949999999999,40,40,1,-1,-1,-1
494,1,1448.235,884.345,40,40,1,-1,-1,-1
494,3,342.89,890.745,40,40,1,-1,-1,-1
495,1,1452.96,884.8199999999999,40,40,1,-1,-1,-1
495,3,341.85,891.15,40,40,1,-1,-1,-1
496,1,1458.5649999999998,885.0450000000001,40,40,1,-1,-1,-1
496,3,341.525,891.9350000000001,40,40,1,-1,-1,-1
497,1,1463.185,885.82,40,40,1,-1,-1,-1
497,3,341.44500000000005,892.87,40,40,1,-1,-1,-1
498,1,1468.065,884.805,40,40,1,-1,-1,-1
498,3,340.79499999999996,893.19,40,40,1,-1,-1,-1
499,1,1472.405,885.1,40,40,1,-1,-1,-1
499,3,340.59000000000003,893.95,40,40,1,-1,-1,-1
500,1,1475.865,884.5699999999999,40,40,1,-1,-1,-1
500,3,341.215,894.875,40,40,1,-1,-1,-1
