0,1,671.00,1419.00,46.00,43.00,1,-1,-1,-1
0,2,592.00,337.00,52.00,49.00,1,-1,-1,-1
0,3,656.00,1310.00,48.00,46.00,1,-1,-1,-1
1,1,671.00,1416.40,46.00,43.00,1,-1,-1,-1
1,2,601.12,337.00,51.98,49.00,1,-1,-1,-1
1,3,654.28,1309.13,47.96,46.00,1,-1,-1,-1
2,1,671.00,1412.83,46.00,43.00,1,-1,-1,-1
2,2,611.65,336.22,51.98,49.00,1,-1,-1,-1
2,3,651.68,1308.98,47.90,46.00,1,-1,-1,-1
3,1,670.96,1409.47,46.07,43.00,1,-1,-1,-1
3,2,623.17,335.98,53.52,50.53,1,-1,-1,-1
3,3,650.52,1308.95,45.57,43.71,1,-1,-1,-1
4,1,670.23,1405.55,46.07,43.00,1,-1,-1,-1
4,2,635.34,336.64,52.51,49.56,1,-1,-1,-1
4,3,648.72,1307.44,44.86,42.98,1,-1,-1,-1
5,1,669.93,1401.50,46.17,43.00,1,-1,-1,-1
5,2,646.64,336.89,52.07,49.19,1,-1,-1,-1
5,3,644.94,1305.52,46.84,44.97,1,-1,-1,-1
6,1,665.97,1397.42,49.73,46.50,1,-1,-1,-1
6,2,658.95,339.79,51.08,48.36,1,-1,-1,-1
6,3,643.71,1304.20,47.55,45.65,1,-1,-1,-1
7,1,663.34,1393.38,50.83,47.73,1,-1,-1,-1
7,2,671.23,342.20,50.66,48.06,1,-1,-1,-1
7,3,641.98,1303.08,47.82,45.91,1,-1,-1,-1
8,1,661.43,1390.66,47.78,44.85,1,-1,-1,-1
8,2,682.76,343.72,50.44,47.96,1,-1,-1,-1
8,3,641.47,1302.71,45.81,43.96,1,-1,-1,-1
9,1,657.70,1385.74,49.94,47.09,1,-1,-1,-1
9,2,694.37,344.91,50.94,48.62,1,-1,-1,-1
9,3,641.69,1301.26,45.13,43.23,1,-1,-1,-1
10,1,655.46,1382.73,47.31,44.58,1,-1,-1,-1
10,2,705.98,347.33,50.39,48.19,1,-1,-1,-1
10,3,641.81,1299.41,44.96,42.98,1,-1,-1,-1
11,1,652.66,1377.73,46.25,43.56,1,-1,-1,-1
11,2,716.94,348.18,50.75,48.70,1,-1,-1,-1
11,3,642.25,1297.42,44.87,42.90,1,-1,-1,-1
12,1,650.27,1373.35,46.05,43.18,1,-1,-1,-1
12,2,729.94,351.12,48.88,46.90,1,-1,-1,-1
12,3,642.50,1294.05,46.79,44.90,1,-1,-1,-1
13,1,645.16,1368.52,49.22,46.40,1,-1,-1,-1
13,2,741.70,352.84,48.17,46.21,1,-1,-1,-1
13,3,644.87,1292.19,45.61,43.66,1,-1,-1,-1
14,1,640.81,1363.57,50.21,47.56,1,-1,-1,-1
14,2,752.31,354.77,47.92,45.97,1,-1,-1,-1
14,3,647.84,1290.88,44.50,42.51,1,-1,-1,-1
15,1,637.92,1359.20,49.25,46.71,1,-1,-1,-1
15,2,763.15,356.09,47.85,45.90,1,-1,-1,-1
15,3,648.67,1287.77,46.69,44.78,1,-1,-1,-1
16,1,633.97,1353.73,50.12,47.67,1,-1,-1,-1
16,2,773.42,357.19,47.83,45.88,1,-1,-1,-1
16,3,652.52,1285.37,45.61,43.64,1,-1,-1,-1
17,1,630.92,1348.53,51.13,48.67,1,-1,-1,-1
17,2,782.14,358.87,47.84,45.88,1,-1,-1,-1
17,3,656.37,1282.53,45.14,43.19,1,-1,-1,-1
18,1,628.29,1344.72,50.70,48.39,1,-1,-1,-1
18,2,790.03,360.78,47.07,45.23,1,-1,-1,-1
18,3,660.44,1279.54,44.98,43.02,1,-1,-1,-1
19,1,626.34,1338.84,53.28,50.89,1,-1,-1,-1
19,2,797.22,362.77,46.75,44.99,1,-1,-1,-1
19,3,665.25,1277.17,44.92,42.97,1,-1,-1,-1
20,1,625.07,1334.15,52.20,49.89,1,-1,-1,-1
20,2,803.88,364.78,47.20,45.58,1,-1,-1,-1
20,3,668.41,1273.70,44.72,42.95,1,-1,-1,-1
21,1,623.50,1329.89,51.53,49.45,1,-1,-1,-1
21,2,809.30,366.14,47.46,45.80,1,-1,-1,-1
21,3,672.90,1270.50,44.56,42.95,1,-1,-1,-1
22,1,623.36,1326.47,50.56,48.61,1,-1,-1,-1
22,2,812.34,367.25,49.45,47.88,1,-1,-1,-1
22,3,677.40,1267.39,44.69,42.95,1,-1,-1,-1
23,1,622.76,1322.05,50.13,48.28,1,-1,-1,-1
23,2,816.86,370.22,49.53,48.00,1,-1,-1,-1
23,3,680.73,1264.32,46.59,44.94,1,-1,-1,-1
24,1,621.98,1317.90,49.92,48.15,1,-1,-1,-1
24,2,821.82,373.28,48.27,46.73,1,-1,-1,-1
24,3,685.43,1261.29,45.47,43.73,1,-1,-1,-1
25,1,622.19,1313.20,48.32,46.77,1,-1,-1,-1
25,2,825.32,376.37,47.81,46.24,1,-1,-1,-1
25,3,689.09,1258.24,45.09,43.25,1,-1,-1,-1
26,1,622.30,1308.95,47.82,46.24,1,-1,-1,-1
26,2,827.28,380.11,47.75,46.06,1,-1,-1,-1
26,3,691.99,1255.21,46.98,45.06,1,-1,-1,-1
27,1,621.73,1304.20,47.66,46.05,1,-1,-1,-1
27,2,828.46,383.42,48.99,47.32,1,-1,-1,-1
27,3,694.62,1252.84,45.76,43.77,1,-1,-1,-1
28,1,620.99,1299.93,47.44,45.98,1,-1,-1,-1
28,2,828.74,386.56,49.41,47.79,1,-1,-1,-1
28,3,696.79,1250.74,45.32,43.26,1,-1,-1,-1
29,1,620.71,1295.85,47.47,45.96,1,-1,-1,-1
29,2,830.89,390.29,48.28,46.65,1,-1,-1,-1
29,3,698.80,1248.72,45.21,43.07,1,-1,-1,-1
30,1,619.67,1291.17,48.78,47.28,1,-1,-1,-1
30,2,832.53,395.60,45.02,43.55,1,-1,-1,-1
30,3,698.57,1246.07,44.93,43.00,1,-1,-1,-1
31,1,619.34,1288.24,49.24,47.78,1,-1,-1,-1
31,2,833.25,400.18,43.68,42.38,1,-1,-1,-1
31,3,698.73,1244.51,44.13,42.31,1,-1,-1,-1
32,1,620.32,1285.97,47.95,46.65,1,-1,-1,-1
32,2,833.01,404.42,43.23,41.98,1,-1,-1,-1
32,3,699.10,1242.70,43.69,42.06,1,-1,-1,-1
33,1,621.35,1283.98,47.56,46.21,1,-1,-1,-1
33,2,831.81,407.20,43.67,42.52,1,-1,-1,-1
33,3,699.20,1241.45,43.45,41.97,1,-1,-1,-1
34,1,620.78,1282.06,48.73,47.38,1,-1,-1,-1
34,2,830.63,409.45,43.78,42.73,1,-1,-1,-1
34,3,697.88,1239.74,43.28,41.94,1,-1,-1,-1
35,1,622.21,1281.44,47.89,46.50,1,-1,-1,-1
35,2,829.03,412.16,45.22,44.15,1,-1,-1,-1
35,3,697.36,1238.52,43.15,41.94,1,-1,-1,-1
36,1,621.73,1280.06,47.69,46.16,1,-1,-1,-1
36,2,826.41,414.40,45.76,44.69,1,-1,-1,-1
36,3,694.78,1236.82,43.13,41.94,1,-1,-1,-1
37,1,623.23,1279.66,47.61,46.03,1,-1,-1,-1
37,2,824.01,416.45,45.97,44.89,1,-1,-1,-1
37,3,692.46,1235.60,43.12,41.94,1,-1,-1,-1
38,1,622.83,1278.30,48.87,47.31,1,-1,-1,-1
38,2,821.72,418.43,46.04,44.97,1,-1,-1,-1
38,3,691.86,1235.21,41.85,40.63,1,-1,-1,-1
39,1,624.31,1277.86,48.06,46.48,1,-1,-1,-1
39,2,819.77,419.08,46.83,45.66,1,-1,-1,-1
39,3,690.25,1234.49,41.41,40.13,1,-1,-1,-1
40,1,625.54,1277.82,47.76,46.16,1,-1,-1,-1
40,2,817.03,419.23,47.17,45.92,1,-1,-1,-1
40,3,688.37,1232.95,42.49,41.29,1,-1,-1,-1
41,1,625.03,1277.23,48.95,47.36,1,-1,-1,-1
41,2,814.63,419.20,47.34,46.01,1,-1,-1,-1
41,3,687.64,1232.43,41.66,40.41,1,-1,-1,-1
42,1,626.56,1277.72,47.91,46.50,1,-1,-1,-1
42,2,810.69,418.44,47.53,46.04,1,-1,-1,-1
42,3,686.80,1232.31,39.14,38.07,1,-1,-1,-1
43,1,627.85,1278.67,47.43,46.16,1,-1,-1,-1
43,2,808.88,417.42,47.59,46.05,1,-1,-1,-1
43,3,686.05,1230.99,38.43,37.21,1,-1,-1,-1
44,1,628.34,1279.09,48.54,47.36,1,-1,-1,-1
44,2,807.54,416.31,47.63,46.05,1,-1,-1,-1
44,3,685.74,1229.21,38.30,36.91,1,-1,-1,-1
45,1,628.17,1280.59,48.98,47.81,1,-1,-1,-1
45,2,804.49,415.18,48.84,47.37,1,-1,-1,-1
45,3,686.37,1228.61,37.47,36.15,1,-1,-1,-1
46,1,631.02,1283.18,47.89,46.67,1,-1,-1,-1
46,2,803.71,414.73,47.29,45.90,1,-1,-1,-1
46,3,687.62,1227.78,35.88,34.54,1,-1,-1,-1
47,1,632.75,1286.21,47.51,46.22,1,-1,-1,-1
47,2,803.08,412.51,47.43,45.98,1,-1,-1,-1
47,3,687.58,1226.54,35.22,33.90,1,-1,-1,-1
48,1,632.38,1288.02,48.67,47.38,1,-1,-1,-1
48,2,800.29,409.68,49.36,47.99,1,-1,-1,-1
49,1,634.60,1290.66,47.65,46.50,1,-1,-1,-1
49,2,800.54,408.62,48.19,46.79,1,-1,-1,-1
50,1,636.12,1293.00,47.19,46.16,1,-1,-1,-1
50,2,801.07,406.87,46.97,45.64,1,-1,-1,-1
51,1,636.29,1294.53,48.41,47.36,1,-1,-1,-1
51,2,800.93,404.22,47.27,45.87,1,-1,-1,-1
51,3,686.64,1202.42,44.00,42.20,1,-1,-1,-1
52,1,637.94,1297.70,47.62,46.50,1,-1,-1,-1
52,2,800.62,401.92,46.64,45.30,1,-1,-1,-1
52,3,687.62,1199.09,43.83,42.25,1,-1,-1,-1
53,1,638.60,1300.21,48.53,47.49,1,-1,-1,-1
53,2,800.94,399.08,44.93,43.75,1,-1,-1,-1
53,3,688.09,1195.97,43.64,42.24,1,-1,-1,-1
54,1,638.85,1301.12,48.80,47.85,1,-1,-1,-1
54,2,801.12,398.05,44.22,43.17,1,-1,-1,-1
54,3,688.31,1194.87,43.47,42.22,1,-1,-1,-1
55,1,640.17,1304.71,47.71,46.68,1,-1,-1,-1
55,2,801.91,393.69,43.91,42.97,1,-1,-1,-1
55,3,686.44,1186.10,45.98,44.80,1,-1,-1,-1
56,1,640.61,1307.36,47.33,46.22,1,-1,-1,-1
56,2,802.52,389.44,45.21,44.24,1,-1,-1,-1
56,3,686.31,1180.93,47.06,45.77,1,-1,-1,-1
57,1,641.39,1310.29,47.25,46.05,1,-1,-1,-1
57,2,803.03,385.28,46.46,45.37,1,-1,-1,-1
57,3,685.61,1177.09,47.50,46.13,1,-1,-1,-1
58,1,640.96,1312.65,47.26,45.99,1,-1,-1,-1
58,2,802.16,379.83,49.09,47.77,1,-1,-1,-1
58,3,684.67,1174.43,47.69,46.25,1,-1,-1,-1
59,1,640.18,1315.46,47.12,45.97,1,-1,-1,-1
59,2,802.43,375.23,50.17,48.67,1,-1,-1,-1
59,3,681.41,1172.24,49.00,47.57,1,-1,-1,-1
60,1,639.24,1318.44,47.01,45.97,1,-1,-1,-1
60,2,803.50,370.93,52.57,50.97,1,-1,-1,-1
60,3,679.26,1170.21,50.03,48.71,1,-1,-1,-1
61,1,638.80,1321.47,47.10,45.97,1,-1,-1,-1
61,2,804.92,366.78,52.75,51.19,1,-1,-1,-1
61,3,676.72,1169.54,50.63,49.13,1,-1,-1,-1
62,1,637.37,1324.52,46.99,45.97,1,-1,-1,-1
62,2,806.54,363.31,51.33,49.95,1,-1,-1,-1
62,3,674.24,1169.40,50.62,49.27,1,-1,-1,-1
63,1,635.51,1326.91,48.25,47.30,1,-1,-1,-1
63,2,809.36,358.81,50.97,49.45,1,-1,-1,-1
63,3,671.68,1170.12,49.95,48.65,1,-1,-1,-1
64,1,632.88,1329.05,49.33,48.45,1,-1,-1,-1
64,2,811.14,355.90,50.04,48.59,1,-1,-1,-1
64,3,669.15,1170.51,50.23,49.04,1,-1,-1,-1
65,1,630.60,1331.75,49.69,48.88,1,-1,-1,-1
65,2,814.45,352.94,49.65,48.25,1,-1,-1,-1
65,3,666.96,1172.04,49.58,48.52,1,-1,-1,-1
66,1,628.36,1332.70,49.96,49.04,1,-1,-1,-1
66,2,818.62,349.29,48.22,46.80,1,-1,-1,-1
66,3,664.52,1174.03,49.35,48.30,1,-1,-1,-1
67,1,626.47,1336.26,49.55,48.44,1,-1,-1,-1
67,2,821.17,344.72,48.98,47.58,1,-1,-1,-1
67,3,663.94,1176.17,48.01,46.89,1,-1,-1,-1
68,1,624.40,1338.18,50.16,48.86,1,-1,-1,-1
68,2,824.43,339.82,49.82,48.53,1,-1,-1,-1
68,3,661.18,1178.38,48.70,47.67,1,-1,-1,-1
69,1,622.02,1340.80,50.38,49.01,1,-1,-1,-1
69,2,828.28,335.46,50.06,48.88,1,-1,-1,-1
69,3,660.82,1181.19,45.73,44.66,1,-1,-1,-1
70,1,619.52,1343.69,51.75,50.38,1,-1,-1,-1
70,2,834.24,332.62,48.26,47.04,1,-1,-1,-1
70,3,660.37,1184.36,44.72,43.48,1,-1,-1,-1
71,1,617.32,1346.01,52.23,50.89,1,-1,-1,-1
71,2,839.76,329.71,47.60,46.33,1,-1,-1,-1
71,3,658.86,1186.86,44.46,43.07,1,-1,-1,-1
72,1,616.53,1349.43,52.39,51.07,1,-1,-1,-1
72,2,845.41,326.76,46.63,45.40,1,-1,-1,-1
72,3,656.97,1189.10,44.46,42.92,1,-1,-1,-1
73,1,615.93,1352.62,51.18,49.82,1,-1,-1,-1
73,2,850.37,323.80,47.04,45.73,1,-1,-1,-1
73,3,654.32,1189.92,47.82,46.22,1,-1,-1,-1
74,1,615.74,1355.71,50.73,49.33,1,-1,-1,-1
74,2,855.78,322.15,46.46,45.19,1,-1,-1,-1
74,3,652.78,1190.58,47.98,46.38,1,-1,-1,-1
75,1,616.09,1359.43,49.82,48.47,1,-1,-1,-1
75,2,862.27,319.67,45.06,43.66,1,-1,-1,-1
75,3,651.30,1196.45,47.55,46.12,1,-1,-1,-1
76,1,616.94,1363.38,49.46,48.15,1,-1,-1,-1
76,2,867.97,318.90,43.75,42.43,1,-1,-1,-1
76,3,650.19,1199.24,47.36,46.08,1,-1,-1,-1
77,1,617.96,1366.74,49.30,48.03,1,-1,-1,-1
77,2,872.98,316.71,43.87,42.66,1,-1,-1,-1
77,3,650.72,1200.87,45.48,44.07,1,-1,-1,-1
78,1,619.04,1370.55,49.23,47.99,1,-1,-1,-1
78,2,879.38,316.01,43.17,42.10,1,-1,-1,-1
78,3,652.14,1204.10,42.48,41.30,1,-1,-1,-1
79,1,621.18,1373.19,49.10,47.97,1,-1,-1,-1
79,2,884.98,315.19,42.87,41.90,1,-1,-1,-1
79,3,651.16,1205.71,42.04,40.87,1,-1,-1,-1
80,1,623.36,1376.05,48.99,47.97,1,-1,-1,-1
80,2,889.88,315.65,40.77,39.84,1,-1,-1,-1
81,1,625.53,1379.01,48.90,47.97,1,-1,-1,-1
81,2,894.50,313.71,40.18,39.26,1,-1,-1,-1
82,1,629.23,1382.65,45.74,44.67,1,-1,-1,-1
83,1,631.93,1385.22,44.63,43.40,1,-1,-1,-1
84,1,634.85,1387.39,44.35,42.96,1,-1,-1,-1
85,1,637.17,1388.74,44.36,42.82,1,-1,-1,-1
85,3,644.52,1224.57,42.86,41.83,1,-1,-1,-1
86,1,639.03,1389.13,47.64,46.14,1,-1,-1,-1
86,3,643.41,1226.32,43.76,42.58,1,-1,-1,-1
87,1,641.68,1389.24,48.74,47.35,1,-1,-1,-1
87,3,643.00,1229.54,44.13,42.85,1,-1,-1,-1
88,1,644.28,1388.53,49.19,47.82,1,-1,-1,-1
88,3,642.85,1232.65,44.32,42.95,1,-1,-1,-1
88,4,873.32,312.19,45.66,44.56,1,-1,-1,-1
89,1,647.56,1388.16,49.24,48.00,1,-1,-1,-1
89,3,642.43,1235.71,44.54,42.98,1,-1,-1,-1
89,4,865.51,309.64,46.20,45.10,1,-1,-1,-1
90,1,651.41,1386.64,49.19,48.06,1,-1,-1,-1
90,3,643.30,1239.41,44.61,43.00,1,-1,-1,-1
90,4,856.87,306.64,47.11,45.95,1,-1,-1,-1
91,1,654.44,1386.01,49.19,48.08,1,-1,-1,-1
91,3,644.42,1242.69,44.44,43.00,1,-1,-1,-1
91,4,848.87,304.26,46.65,45.51,1,-1,-1,-1
92,1,658.14,1385.06,49.18,48.08,1,-1,-1,-1
92,3,646.12,1245.81,44.50,43.01,1,-1,-1,-1
92,4,841.40,301.42,45.14,43.91,1,-1,-1,-1
93,1,661.35,1384.00,49.36,48.07,1,-1,-1,-1
93,3,648.74,1248.86,44.55,43.01,1,-1,-1,-1
93,4,832.81,299.80,45.93,44.70,1,-1,-1,-1
94,1,664.50,1383.57,49.32,48.07,1,-1,-1,-1
94,3,651.71,1252.55,44.60,43.00,1,-1,-1,-1
94,4,826.31,299.29,44.74,43.62,1,-1,-1,-1
95,1,666.92,1382.06,49.29,48.06,1,-1,-1,-1
95,3,655.07,1256.48,44.74,43.00,1,-1,-1,-1
95,4,820.50,299.22,43.60,42.52,1,-1,-1,-1
96,1,669.07,1381.48,49.26,48.05,1,-1,-1,-1
96,3,657.99,1259.83,44.77,43.00,1,-1,-1,-1
96,4,815.29,299.95,43.19,42.12,1,-1,-1,-1
97,1,672.15,1381.24,49.14,48.05,1,-1,-1,-1
97,3,661.31,1263.62,44.89,43.00,1,-1,-1,-1
97,4,810.87,299.60,43.89,42.66,1,-1,-1,-1
98,1,673.54,1382.46,49.13,48.04,1,-1,-1,-1
98,3,665.14,1267.58,45.00,43.00,1,-1,-1,-1
98,4,807.49,300.18,45.45,44.20,1,-1,-1,-1
99,1,674.63,1382.92,49.11,48.04,1,-1,-1,-1
99,3,668.49,1271.60,45.09,43.00,1,-1,-1,-1
99,4,804.73,301.08,46.77,45.43,1,-1,-1,-1
100,1,675.61,1384.40,49.10,48.03,1,-1,-1,-1
100,3,670.99,1275.63,45.18,43.00,1,-1,-1,-1
100,4,802.26,303.43,48.56,47.20,1,-1,-1,-1
101,1,677.41,1386.27,49.38,48.03,1,-1,-1,-1
101,3,673.17,1279.01,45.26,43.00,1,-1,-1,-1
101,4,801.85,305.64,49.80,48.52,1,-1,-1,-1
102,1,678.60,1387.61,49.63,48.02,1,-1,-1,-1
102,3,675.22,1283.46,45.33,43.00,1,-1,-1,-1
102,4,802.57,308.45,50.19,49.02,1,-1,-1,-1
103,1,678.71,1388.76,49.57,48.02,1,-1,-1,-1
103,3,675.72,1287.65,45.11,43.00,1,-1,-1,-1
103,4,804.55,311.50,50.53,49.19,1,-1,-1,-1
104,1,679.36,1390.49,49.51,48.02,1,-1,-1,-1
104,3,675.89,1291.74,44.91,43.00,1,-1,-1,-1
104,4,806.15,313.97,51.89,50.54,1,-1,-1,-1
105,1,680.87,1392.43,49.46,48.02,1,-1,-1,-1
105,3,675.47,1295.79,45.01,43.00,1,-1,-1,-1
105,4,809.38,316.84,51.23,49.75,1,-1,-1,-1
106,1,682.71,1394.45,49.42,48.01,1,-1,-1,-1
106,3,673.91,1300.48,45.11,43.00,1,-1,-1,-1
106,4,812.06,318.58,51.02,49.41,1,-1,-1,-1
107,1,684.01,1395.84,49.38,48.01,1,-1,-1,-1
107,3,670.71,1305.42,44.31,42.34,1,-1,-1,-1
107,4,815.19,320.52,50.14,48.60,1,-1,-1,-1
108,1,684.45,1396.32,49.34,48.01,1,-1,-1,-1
108,3,669.49,1307.12,43.96,42.09,1,-1,-1,-1
108,4,816.47,321.22,49.76,48.29,1,-1,-1,-1
109,1,685.89,1398.45,49.31,48.01,1,-1,-1,-1
109,3,661.96,1310.27,46.63,44.66,1,-1,-1,-1
109,4,822.60,322.10,48.32,46.83,1,-1,-1,-1
110,1,687.04,1399.21,49.28,48.01,1,-1,-1,-1
110,3,655.41,1313.31,47.43,45.60,1,-1,-1,-1
110,4,826.96,322.38,47.80,46.28,1,-1,-1,-1
111,1,687.43,1400.11,49.25,48.01,1,-1,-1,-1
111,3,650.53,1316.30,45.90,44.01,1,-1,-1,-1
111,4,828.93,321.12,48.91,47.40,1,-1,-1,-1
112,1,687.53,1400.41,49.23,48.01,1,-1,-1,-1
112,3,644.00,1319.27,45.34,43.37,1,-1,-1,-1
112,4,833.24,319.97,48.03,46.51,1,-1,-1,-1
113,1,687.52,1400.48,49.21,48.01,1,-1,-1,-1
113,3,636.06,1320.91,46.98,45.12,1,-1,-1,-1
113,4,837.25,318.16,46.94,45.49,1,-1,-1,-1
114,1,686.82,1401.13,49.19,48.01,1,-1,-1,-1
114,3,628.68,1322.75,47.47,45.77,1,-1,-1,-1
114,4,839.79,316.79,45.04,43.78,1,-1,-1,-1
115,1,686.52,1401.34,49.17,48.00,1,-1,-1,-1
115,3,622.06,1323.99,47.55,46.01,1,-1,-1,-1
115,4,843.01,314.92,45.75,44.50,1,-1,-1,-1
116,1,685.72,1400.73,49.15,48.00,1,-1,-1,-1
116,3,615.11,1325.65,47.49,46.09,1,-1,-1,-1
116,4,846.13,312.92,46.00,44.76,1,-1,-1,-1
117,1,684.26,1400.47,49.42,48.00,1,-1,-1,-1
117,3,608.69,1327.49,47.38,46.11,1,-1,-1,-1
117,4,848.58,310.85,46.09,44.87,1,-1,-1,-1
118,1,682.29,1400.34,49.67,48.00,1,-1,-1,-1
118,3,602.40,1328.08,47.45,46.11,1,-1,-1,-1
118,4,851.03,308.10,46.89,45.58,1,-1,-1,-1
119,1,680.82,1400.28,49.89,48.00,1,-1,-1,-1
119,3,596.20,1329.53,47.51,46.10,1,-1,-1,-1
119,4,852.61,305.11,48.39,47.17,1,-1,-1,-1
120,1,678.69,1400.23,49.81,48.00,1,-1,-1,-1
120,3,589.09,1331.30,48.81,47.41,1,-1,-1,-1
120,4,855.99,302.06,47.17,45.81,1,-1,-1,-1
121,1,676.59,1400.20,49.73,48.00,1,-1,-1,-1
121,3,583.67,1332.55,49.84,48.55,1,-1,-1,-1
121,4,858.59,299.59,46.59,45.27,1,-1,-1,-1
122,1,675.17,1399.52,49.66,48.00,1,-1,-1,-1
122,3,579.47,1335.56,49.59,48.32,1,-1,-1,-1
122,4,860.82,296.73,46.35,45.07,1,-1,-1,-1
123,1,673.35,1399.91,49.60,48.00,1,-1,-1,-1
123,3,577.33,1338.59,48.31,46.91,1,-1,-1,-1
123,4,862.64,294.39,44.79,43.67,1,-1,-1,-1
124,1,670.72,1400.05,49.54,48.00,1,-1,-1,-1
124,3,574.04,1342.31,47.89,46.35,1,-1,-1,-1
124,4,864.22,292.91,43.56,42.48,1,-1,-1,-1
125,1,669.11,1400.75,49.49,48.00,1,-1,-1,-1
125,3,571.02,1346.26,48.99,47.47,1,-1,-1,-1
125,4,865.39,291.76,43.11,42.04,1,-1,-1,-1
126,1,666.57,1402.33,49.44,48.00,1,-1,-1,-1
126,3,569.38,1350.93,49.36,47.88,1,-1,-1,-1
126,4,865.75,290.73,42.96,41.90,1,-1,-1,-1
127,1,665.00,1402.91,49.40,48.00,1,-1,-1,-1
127,3,569.89,1355.90,48.22,46.72,1,-1,-1,-1
127,4,865.51,289.07,43.50,42.53,1,-1,-1,-1
128,1,664.19,1404.44,49.27,48.00,1,-1,-1,-1
128,3,568.63,1359.66,49.07,47.59,1,-1,-1,-1
128,4,865.69,288.51,43.07,42.11,1,-1,-1,-1
129,1,664.08,1406.98,46.26,44.70,1,-1,-1,-1
129,3,569.30,1363.60,49.26,47.91,1,-1,-1,-1
129,4,865.40,287.03,43.51,42.62,1,-1,-1,-1
130,1,661.84,1407.24,48.31,46.83,1,-1,-1,-1
130,3,571.91,1369.58,46.18,44.74,1,-1,-1,-1
130,4,864.61,285.86,43.63,42.82,1,-1,-1,-1
131,1,661.23,1409.95,46.05,44.29,1,-1,-1,-1
131,3,574.43,1374.40,45.05,43.50,1,-1,-1,-1
131,4,864.48,284.82,43.92,42.90,1,-1,-1,-1
132,1,658.81,1410.97,48.36,46.69,1,-1,-1,-1
132,3,577.38,1378.70,44.74,43.06,1,-1,-1,-1
132,4,863.10,283.82,45.30,44.26,1,-1,-1,-1
133,1,655.67,1412.62,49.18,47.54,1,-1,-1,-1
133,3,581.16,1381.48,44.71,42.91,1,-1,-1,-1
133,4,862.47,282.83,46.00,44.77,1,-1,-1,-1
134,1,653.88,1415.19,49.45,47.87,1,-1,-1,-1
134,3,583.65,1384.38,47.96,46.21,1,-1,-1,-1
134,4,861.21,281.19,46.94,45.62,1,-1,-1,-1
135,1,652.61,1416.79,49.52,47.99,1,-1,-1,-1
135,3,588.72,1387.98,45.99,44.18,1,-1,-1,-1
135,4,860.34,279.95,46.76,45.28,1,-1,-1,-1
136,1,650.79,1419.33,49.71,48.03,1,-1,-1,-1
136,3,592.75,1391.18,45.25,43.35,1,-1,-1,-1
136,4,859.38,278.88,46.58,45.14,1,-1,-1,-1
137,1,648.90,1420.90,49.66,48.04,1,-1,-1,-1
137,3,596.86,1392.89,45.04,43.05,1,-1,-1,-1
137,4,858.40,279.18,44.44,43.11,1,-1,-1,-1
138,1,646.94,1422.76,49.60,48.05,1,-1,-1,-1
138,3,600.79,1393.40,44.74,42.95,1,-1,-1,-1
138,4,858.33,278.06,44.33,43.00,1,-1,-1,-1
139,1,644.95,1423.41,49.54,48.04,1,-1,-1,-1
139,3,604.83,1393.47,44.73,42.92,1,-1,-1,-1
140,1,644.00,1424.26,49.40,48.04,1,-1,-1,-1
140,3,608.36,1392.72,44.55,42.92,1,-1,-1,-1
141,1,643.86,1426.51,46.37,44.74,1,-1,-1,-1
141,3,611.55,1391.01,44.59,42.92,1,-1,-1,-1
142,1,640.95,1425.94,48.41,46.86,1,-1,-1,-1
142,3,614.27,1389.62,44.73,42.93,1,-1,-1,-1
143,1,638.67,1427.04,49.03,47.60,1,-1,-1,-1
143,3,616.88,1388.37,44.75,42.94,1,-1,-1,-1
144,1,637.25,1427.41,49.18,47.89,1,-1,-1,-1
144,3,619.10,1385.86,44.78,42.94,1,-1,-1,-1
145,1,636.25,1428.17,48.98,47.99,1,-1,-1,-1
145,3,620.79,1384.21,44.90,42.95,1,-1,-1,-1
146,1,635.26,1429.07,48.92,48.03,1,-1,-1,-1
146,3,621.97,1382.24,45.00,42.96,1,-1,-1,-1
147,1,634.40,1430.69,48.66,48.04,1,-1,-1,-1
147,3,622.05,1380.83,48.26,46.27,1,-1,-1,-1
148,1,634.78,1431.93,48.60,48.04,1,-1,-1,-1
148,3,624.28,1380.94,46.30,44.28,1,-1,-1,-1
149,1,634.99,1433.01,48.54,48.04,1,-1,-1,-1
149,3,625.69,1380.99,45.54,43.45,1,-1,-1,-1
150,1,635.13,1434.70,48.49,48.03,1,-1,-1,-1
150,3,626.78,1381.01,45.30,43.14,1,-1,-1,-1
151,1,634.86,1435.96,48.54,48.03,1,-1,-1,-1
151,3,627.10,1381.01,45.26,43.03,1,-1,-1,-1
152,1,636.48,1436.39,48.49,48.03,1,-1,-1,-1
152,3,627.14,1381.01,45.29,42.99,1,-1,-1,-1
153,1,637.14,1436.50,48.44,48.02,1,-1,-1,-1
153,3,627.07,1381.01,45.35,42.98,1,-1,-1,-1
154,1,639.87,1438.49,48.78,48.02,1,-1,-1,-1
154,3,626.97,1381.01,45.40,42.97,1,-1,-1,-1
155,1,641.57,1437.22,51.57,50.66,1,-1,-1,-1
155,3,626.87,1381.01,45.46,42.97,1,-1,-1,-1
156,1,643.56,1436.73,52.48,51.64,1,-1,-1,-1
156,3,626.11,1380.35,45.51,42.98,1,-1,-1,-1
157,1,645.95,1438.45,50.23,49.41,1,-1,-1,-1
157,3,625.78,1379.44,45.56,42.98,1,-1,-1,-1
158,1,647.81,1438.42,52.14,51.18,1,-1,-1,-1
158,3,624.95,1377.11,45.60,42.98,1,-1,-1,-1
159,1,648.45,1439.13,52.44,51.47,1,-1,-1,-1
159,3,623.94,1374.26,45.64,42.98,1,-1,-1,-1
160,3,620.61,1369.89,48.88,46.29,1,-1,-1,-1
161,3,618.82,1366.37,49.91,47.51,1,-1,-1,-1
162,3,616.51,1361.78,50.27,47.98,1,-1,-1,-1
163,3,614.35,1357.45,50.32,48.15,1,-1,-1,-1
164,3,612.27,1353.23,50.26,48.19,1,-1,-1,-1
165,3,610.87,1348.42,50.16,48.20,1,-1,-1,-1
166,3,609.08,1342.73,50.06,48.18,1,-1,-1,-1
167,3,607.80,1337.37,49.96,48.17,1,-1,-1,-1
168,3,606.33,1330.84,50.64,48.81,1,-1,-1,-1
169,3,606.48,1327.16,48.87,47.08,1,-1,-1,-1
170,3,604.29,1321.91,49.46,47.72,1,-1,-1,-1
171,3,603.53,1317.44,49.63,47.96,1,-1,-1,-1
172,3,603.95,1312.59,49.65,48.04,1,-1,-1,-1
173,3,604.17,1308.92,49.62,48.07,1,-1,-1,-1
174,3,605.24,1303.72,50.35,48.73,1,-1,-1,-1
175,3,606.04,1300.57,49.87,48.32,1,-1,-1,-1
176,3,609.32,1297.56,48.38,46.83,1,-1,-1,-1
177,3,611.34,1294.59,47.65,46.26,1,-1,-1,-1
178,3,613.46,1290.97,47.30,46.05,1,-1,-1,-1
179,3,615.60,1288.42,47.11,45.98,1,-1,-1,-1
180,3,619.28,1286.95,45.23,43.96,1,-1,-1,-1
181,3,622.62,1285.91,44.62,43.21,1,-1,-1,-1
182,3,624.20,1284.30,46.29,44.96,1,-1,-1,-1
183,3,626.76,1283.78,46.82,45.60,1,-1,-1,-1
184,3,630.56,1284.35,45.23,43.88,1,-1,-1,-1
185,3,632.95,1285.39,44.61,43.22,1,-1,-1,-1
186,3,635.19,1287.19,44.24,42.98,1,-1,-1,-1
187,3,638.17,1288.59,44.33,42.90,1,-1,-1,-1
188,3,638.95,1289.82,46.23,44.88,1,-1,-1,-1
189,3,641.10,1291.61,47.04,45.62,1,-1,-1,-1
190,3,642.49,1293.64,47.39,45.90,1,-1,-1,-1
191,3,643.59,1295.75,47.54,46.00,1,-1,-1,-1
192,3,643.93,1297.88,47.63,46.04,1,-1,-1,-1
193,3,643.61,1300.01,47.77,46.05,1,-1,-1,-1
194,3,643.86,1302.12,47.61,46.05,1,-1,-1,-1
195,3,643.85,1303.56,47.64,46.05,1,-1,-1,-1
196,3,643.21,1304.74,48.85,47.36,1,-1,-1,-1
197,3,643.55,1306.47,48.06,46.55,1,-1,-1,-1
198,3,643.63,1308.43,47.77,46.22,1,-1,-1,-1
199,3,643.61,1309.79,47.68,46.09,1,-1,-1,-1
200,3,642.90,1310.93,47.67,46.04,1,-1,-1,-1
201,3,641.64,1311.32,48.96,47.35,1,-1,-1,-1
202,3,642.12,1312.09,48.15,46.52,1,-1,-1,-1
203,3,641.31,1311.68,49.12,47.52,1,-1,-1,-1
204,3,641.67,1311.51,49.44,47.89,1,-1,-1,-1
205,3,642.85,1311.41,49.43,48.03,1,-1,-1,-1
206,3,643.98,1310.03,49.34,48.07,1,-1,-1,-1
207,3,646.33,1309.49,48.08,46.76,1,-1,-1,-1
208,3,648.52,1307.93,47.63,46.26,1,-1,-1,-1
209,3,650.62,1306.01,47.49,46.07,1,-1,-1,-1
210,3,652.68,1303.97,47.48,46.00,1,-1,-1,-1
211,3,654.73,1301.88,47.50,45.98,1,-1,-1,-1
212,3,656.20,1299.12,47.35,45.97,1,-1,-1,-1
213,3,658.08,1296.12,47.22,45.97,1,-1,-1,-1
214,3,660.66,1293.04,47.29,45.97,1,-1,-1,-1
215,3,662.88,1289.93,47.36,45.98,1,-1,-1,-1
216,3,664.97,1286.17,47.42,45.98,1,-1,-1,-1
217,3,666.44,1283.49,47.29,45.98,1,-1,-1,-1
218,3,667.64,1279.90,47.17,45.98,1,-1,-1,-1
219,3,669.28,1276.63,47.24,45.99,1,-1,-1,-1
220,3,670.58,1272.83,47.13,45.99,1,-1,-1,-1
221,3,672.58,1269.50,45.28,44.01,1,-1,-1,-1
222,3,673.21,1266.34,44.68,43.25,1,-1,-1,-1
223,3,673.02,1261.92,46.52,45.00,1,-1,-1,-1
224,3,673.22,1258.40,45.30,43.67,1,-1,-1,-1
225,3,672.52,1254.51,44.90,43.16,1,-1,-1,-1
226,3,671.52,1250.51,44.83,42.97,1,-1,-1,-1
227,3,670.52,1248.47,44.00,42.25,1,-1,-1,-1
228,3,669.07,1243.16,44.44,42.66,1,-1,-1,-1
229,3,667.48,1239.97,44.72,42.82,1,-1,-1,-1
230,3,665.23,1236.25,44.80,42.88,1,-1,-1,-1
231,3,662.67,1232.32,44.94,42.91,1,-1,-1,-1
232,3,659.82,1229.65,44.17,42.27,1,-1,-1,-1
233,3,657.83,1226.79,43.74,42.03,1,-1,-1,-1
234,3,656.96,1223.55,43.55,41.85,1,-1,-1,-1
237,3,644.51,1206.86,41.58,40.14,1,-1,-1,-1
238,3,640.97,1204.38,41.45,39.95,1,-1,-1,-1
239,3,635.47,1200.20,42.71,41.23,1,-1,-1,-1
240,3,629.93,1192.19,45.75,44.33,1,-1,-1,-1
241,3,626.84,1186.68,45.14,43.57,1,-1,-1,-1
242,3,622.23,1180.77,46.68,45.22,1,-1,-1,-1
243,3,617.63,1174.78,48.60,47.13,1,-1,-1,-1
244,3,614.03,1168.74,49.30,47.86,1,-1,-1,-1
245,3,610.81,1163.32,49.53,48.12,1,-1,-1,-1
246,3,608.02,1156.19,50.34,48.86,1,-1,-1,-1
247,3,605.09,1149.73,50.66,49.13,1,-1,-1,-1
248,3,602.11,1143.52,50.80,49.21,1,-1,-1,-1
249,3,599.39,1136.76,50.95,49.22,1,-1,-1,-1
250,3,596.18,1129.79,50.97,49.21,1,-1,-1,-1
251,3,593.39,1124.05,50.39,48.54,1,-1,-1,-1
252,3,590.15,1117.48,50.81,48.93,1,-1,-1,-1
253,3,588.37,1111.25,50.96,49.06,1,-1,-1,-1
254,3,585.57,1105.81,50.24,48.45,1,-1,-1,-1
255,3,582.66,1100.68,49.91,48.20,1,-1,-1,-1
256,3,579.71,1095.00,49.74,48.11,1,-1,-1,-1
257,3,576.75,1089.77,49.64,48.07,1,-1,-1,-1
258,3,573.77,1085.37,49.57,48.05,1,-1,-1,-1
259,3,570.13,1080.62,49.51,48.04,1,-1,-1,-1
260,3,566.24,1077.05,49.46,48.03,1,-1,-1,-1
261,3,561.60,1073.93,49.41,48.03,1,-1,-1,-1
262,3,559.98,1072.95,49.37,48.02,1,-1,-1,-1
263,3,552.23,1069.46,49.33,48.02,1,-1,-1,-1
264,3,546.13,1067.66,49.30,48.02,1,-1,-1,-1
265,3,539.36,1065.82,49.27,48.02,1,-1,-1,-1
266,3,531.67,1065.28,49.25,48.01,1,-1,-1,-1
267,3,524.97,1064.57,49.22,48.01,1,-1,-1,-1
268,3,518.96,1065.09,47.95,46.69,1,-1,-1,-1
269,3,511.54,1064.77,47.50,46.19,1,-1,-1,-1
270,3,504.40,1065.42,47.19,46.01,1,-1,-1,-1
271,3,497.23,1066.42,45.17,43.95,1,-1,-1,-1
272,3,490.46,1068.26,43.67,42.50,1,-1,-1,-1
273,3,483.50,1069.01,43.13,42.00,1,-1,-1,-1
274,3,478.20,1069.32,42.85,41.83,1,-1,-1,-1
275,3,473.16,1069.48,42.71,41.79,1,-1,-1,-1
276,3,468.20,1068.23,42.63,41.79,1,-1,-1,-1
277,3,463.28,1067.80,41.21,40.47,1,-1,-1,-1
278,3,457.69,1067.01,40.72,39.99,1,-1,-1,-1
296,6,484.18,1006.41,43.00,42.00,1,-1,-1,-1
297,6,488.34,1005.86,43.00,42.00,1,-1,-1,-1
298,6,493.58,1004.26,43.80,42.74,1,-1,-1,-1
299,6,497.71,1005.90,43.32,42.27,1,-1,-1,-1
300,6,500.69,1005.84,43.91,42.80,1,-1,-1,-1
301,6,503.27,1007.20,44.22,42.98,1,-1,-1,-1
302,6,504.44,1008.40,46.29,45.08,1,-1,-1,-1
303,6,506.08,1010.16,45.10,43.86,1,-1,-1,-1
304,6,505.89,1010.84,46.56,45.37,1,-1,-1,-1
305,6,505.79,1011.73,47.02,45.92,1,-1,-1,-1
306,6,505.67,1012.06,47.13,46.11,1,-1,-1,-1
307,6,504.91,1011.51,47.10,46.17,1,-1,-1,-1
308,6,503.25,1011.28,47.03,46.18,1,-1,-1,-1
309,6,502.59,1011.18,46.94,46.17,1,-1,-1,-1
310,6,500.24,1008.50,47.04,46.15,1,-1,-1,-1
311,6,497.40,1005.50,46.94,46.13,1,-1,-1,-1
312,6,494.35,1002.39,46.85,46.12,1,-1,-1,-1
313,6,492.74,999.25,45.04,44.12,1,-1,-1,-1
314,6,489.18,994.72,46.22,45.37,1,-1,-1,-1
315,6,488.13,989.83,44.88,43.84,1,-1,-1,-1
316,6,486.75,985.33,44.36,43.25,1,-1,-1,-1
317,6,484.53,980.40,44.32,43.03,1,-1,-1,-1
318,6,483.69,978.65,44.40,42.96,1,-1,-1,-1
319,6,481.75,971.44,44.43,42.94,1,-1,-1,-1
320,6,479.81,966.85,44.29,42.94,1,-1,-1,-1
321,6,478.13,963.91,43.58,42.28,1,-1,-1,-1
322,6,476.92,960.81,43.40,42.10,1,-1,-1,-1
325,6,472.92,944.82,43.21,41.95,1,-1,-1,-1
326,6,470.73,938.95,43.99,42.63,1,-1,-1,-1
327,6,468.75,933.67,44.07,42.86,1,-1,-1,-1
328,6,467.33,929.55,44.05,42.83,1,-1,-1,-1
330,6,464.48,917.67,44.04,42.97,1,-1,-1,-1
331,6,464.06,911.69,46.02,45.03,1,-1,-1,-1
332,6,464.76,907.67,44.98,43.79,1,-1,-1,-1
333,6,465.05,903.03,44.67,43.29,1,-1,-1,-1
334,6,466.86,899.48,44.54,43.10,1,-1,-1,-1
335,6,468.49,896.99,44.63,43.03,1,-1,-1,-1
336,6,470.79,894.90,44.65,43.00,1,-1,-1,-1
337,6,473.65,893.61,44.67,42.99,1,-1,-1,-1
338,6,477.36,892.61,44.70,42.99,1,-1,-1,-1
339,6,480.34,891.71,44.83,42.99,1,-1,-1,-1
340,6,481.85,890.84,46.71,44.97,1,-1,-1,-1
341,6,485.25,891.23,45.59,43.76,1,-1,-1,-1
342,6,487.83,892.22,45.20,43.28,1,-1,-1,-1
343,6,489.06,892.67,47.08,45.08,1,-1,-1,-1
344,6,490.78,893.53,47.77,45.75,1,-1,-1,-1
345,6,492.05,895.25,48.03,46.00,1,-1,-1,-1
346,6,492.58,896.63,47.92,46.08,1,-1,-1,-1
346,7,684.00,1433.56,44.02,42.93,1,-1,-1,-1
347,6,494.00,898.51,47.96,46.11,1,-1,-1,-1
347,7,679.35,1428.94,47.88,46.70,1,-1,-1,-1
348,6,495.15,900.57,47.98,46.11,1,-1,-1,-1
348,7,676.48,1423.98,49.07,47.87,1,-1,-1,-1
349,6,495.53,904.01,47.98,46.10,1,-1,-1,-1
349,7,676.17,1420.24,46.07,44.74,1,-1,-1,-1
350,6,494.66,906.65,49.25,47.41,1,-1,-1,-1
350,7,674.77,1416.26,44.90,43.51,1,-1,-1,-1
351,6,494.32,910.24,49.68,47.89,1,-1,-1,-1
351,7,671.51,1411.54,44.58,43.09,1,-1,-1,-1
352,6,494.55,913.57,49.69,48.07,1,-1,-1,-1
352,7,668.32,1405.89,44.54,42.95,1,-1,-1,-1
353,6,494.58,918.10,48.43,46.82,1,-1,-1,-1
353,7,665.10,1400.60,44.75,42.91,1,-1,-1,-1
354,6,492.24,921.79,49.23,47.65,1,-1,-1,-1
354,7,660.33,1395.45,48.12,46.29,1,-1,-1,-1
355,6,490.07,926.40,49.49,47.95,1,-1,-1,-1
355,7,656.73,1389.08,49.24,47.52,1,-1,-1,-1
356,6,488.98,930.72,48.10,46.75,1,-1,-1,-1
356,7,653.77,1384.17,46.46,44.71,1,-1,-1,-1
357,6,487.27,934.95,47.49,46.27,1,-1,-1,-1
357,7,650.73,1379.17,45.39,43.57,1,-1,-1,-1
358,6,486.21,939.76,45.44,44.10,1,-1,-1,-1
358,7,647.38,1373.49,44.98,43.16,1,-1,-1,-1
359,6,484.14,944.16,44.66,43.28,1,-1,-1,-1
359,7,644.24,1368.23,44.84,43.01,1,-1,-1,-1
360,6,481.65,949.02,44.52,42.99,1,-1,-1,-1
360,7,640.80,1361.79,44.89,42.96,1,-1,-1,-1
361,6,478.82,956.05,43.68,42.23,1,-1,-1,-1
361,7,636.94,1356.91,44.97,42.95,1,-1,-1,-1
362,6,475.50,961.89,43.96,42.63,1,-1,-1,-1
362,7,633.96,1351.96,44.97,42.95,1,-1,-1,-1
363,6,473.03,967.91,43.31,42.12,1,-1,-1,-1
363,7,629.99,1346.32,46.26,44.28,1,-1,-1,-1
364,6,469.52,973.34,43.01,41.94,1,-1,-1,-1
364,7,626.28,1341.08,47.46,45.43,1,-1,-1,-1
365,6,466.98,979.20,41.49,40.55,1,-1,-1,-1
365,7,623.40,1336.64,47.14,45.22,1,-1,-1,-1
366,6,465.18,983.66,41.07,40.14,1,-1,-1,-1
366,7,621.72,1331.87,45.79,43.81,1,-1,-1,-1
367,7,619.21,1326.95,45.32,43.26,1,-1,-1,-1
368,7,616.13,1320.65,47.00,45.06,1,-1,-1,-1
369,7,613.15,1315.18,47.50,45.72,1,-1,-1,-1
370,7,612.11,1310.65,45.75,44.01,1,-1,-1,-1
371,7,610.15,1305.18,45.17,43.33,1,-1,-1,-1
372,7,607.49,1299.34,45.03,43.08,1,-1,-1,-1
373,7,605.91,1294.70,45.03,42.99,1,-1,-1,-1
374,7,603.40,1289.85,45.09,42.96,1,-1,-1,-1
375,7,599.64,1284.91,46.96,44.95,1,-1,-1,-1
376,7,597.06,1279.93,47.54,45.68,1,-1,-1,-1
377,7,594.17,1274.94,47.84,45.96,1,-1,-1,-1
378,7,591.29,1270.61,47.76,46.06,1,-1,-1,-1
379,7,588.93,1266.52,47.82,46.09,1,-1,-1,-1
380,7,585.50,1263.18,47.85,46.09,1,-1,-1,-1
381,7,580.70,1258.81,49.14,47.41,1,-1,-1,-1
382,7,578.64,1256.64,48.32,46.59,1,-1,-1,-1
383,7,575.34,1254.71,48.01,46.26,1,-1,-1,-1
384,7,571.55,1253.49,47.90,46.13,1,-1,-1,-1
385,7,567.68,1252.52,47.67,46.08,1,-1,-1,-1
386,7,564.30,1251.63,47.69,46.05,1,-1,-1,-1
387,7,561.16,1250.77,47.71,46.04,1,-1,-1,-1
388,7,558.10,1250.57,47.73,46.03,1,-1,-1,-1
389,7,554.51,1251.27,47.57,46.03,1,-1,-1,-1
390,7,551.99,1252.29,47.42,46.02,1,-1,-1,-1
391,7,550.75,1254.08,45.54,44.04,1,-1,-1,-1
392,7,548.84,1255.54,46.69,45.30,1,-1,-1,-1
393,7,547.59,1257.41,47.03,45.75,1,-1,-1,-1
394,7,546.60,1258.83,47.09,45.93,1,-1,-1,-1
395,7,546.36,1260.72,47.04,45.99,1,-1,-1,-1
396,7,545.73,1262.78,46.96,46.02,1,-1,-1,-1
397,7,546.26,1264.22,46.88,46.02,1,-1,-1,-1
398,7,546.56,1265.43,46.80,46.02,1,-1,-1,-1
399,7,546.76,1267.20,46.72,46.02,1,-1,-1,-1
400,7,548.14,1267.86,46.85,46.02,1,-1,-1,-1
401,7,549.44,1268.76,46.77,46.02,1,-1,-1,-1
402,7,550.64,1269.08,46.69,46.02,1,-1,-1,-1
403,7,553.99,1269.84,44.91,44.03,1,-1,-1,-1
404,7,556.30,1269.44,44.25,43.27,1,-1,-1,-1
405,7,558.74,1268.60,44.16,43.00,1,-1,-1,-1
406,7,560.03,1266.95,46.01,44.92,1,-1,-1,-1
407,7,561.84,1265.03,46.63,45.62,1,-1,-1,-1
407,8,462.00,1167.59,39.00,37.00,1,-1,-1,-1
408,7,563.86,1263.63,46.81,45.90,1,-1,-1,-1
408,8,461.60,1170.43,39.04,37.00,1,-1,-1,-1
409,7,565.94,1262.45,46.83,46.00,1,-1,-1,-1
409,8,460.36,1172.02,41.27,39.21,1,-1,-1,-1
410,7,568.04,1260.69,46.79,46.03,1,-1,-1,-1
410,8,459.61,1175.98,39.91,37.86,1,-1,-1,-1
411,7,570.04,1259.39,46.91,46.04,1,-1,-1,-1
411,8,459.10,1178.12,40.11,38.05,1,-1,-1,-1
412,7,572.05,1258.25,47.02,46.04,1,-1,-1,-1
413,7,574.05,1257.85,47.12,46.04,1,-1,-1,-1
414,7,576.06,1257.72,47.20,46.04,1,-1,-1,-1
415,7,578.15,1257.70,47.09,46.03,1,-1,-1,-1
416,7,580.24,1257.71,46.98,46.03,1,-1,-1,-1
417,7,583.55,1257.74,47.08,46.02,1,-1,-1,-1
418,7,586.69,1259.09,47.16,46.02,1,-1,-1,-1
419,7,589.20,1260.27,47.05,46.02,1,-1,-1,-1
420,7,592.75,1261.39,46.95,46.02,1,-1,-1,-1
421,7,596.02,1263.13,46.86,46.02,1,-1,-1,-1
422,7,599.74,1265.11,46.97,46.01,1,-1,-1,-1
423,7,603.01,1267.17,47.07,46.01,1,-1,-1,-1
424,7,606.20,1270.57,46.97,46.01,1,-1,-1,-1
425,7,609.98,1273.15,46.87,46.01,1,-1,-1,-1
425,8,462.88,1252.50,39.04,37.04,1,-1,-1,-1
426,7,614.54,1276.07,46.98,46.01,1,-1,-1,-1
426,8,464.72,1257.81,39.15,37.00,1,-1,-1,-1
427,7,618.20,1279.77,46.89,46.01,1,-1,-1,-1
427,8,466.94,1261.55,41.23,39.00,1,-1,-1,-1
428,7,622.80,1283.10,46.80,46.01,1,-1,-1,-1
428,8,469.15,1265.44,43.07,41.03,1,-1,-1,-1
429,7,627.65,1286.27,46.92,46.01,1,-1,-1,-1
429,8,471.62,1270.02,43.75,41.81,1,-1,-1,-1
430,7,632.64,1289.39,47.02,46.00,1,-1,-1,-1
430,8,473.89,1274.88,43.94,42.10,1,-1,-1,-1
431,7,637.10,1292.47,46.92,46.00,1,-1,-1,-1
431,8,477.37,1279.83,43.94,42.19,1,-1,-1,-1
432,7,643.20,1296.20,47.02,46.00,1,-1,-1,-1
432,8,480.65,1284.83,43.88,42.21,1,-1,-1,-1
433,7,648.73,1300.16,46.93,46.00,1,-1,-1,-1
433,8,484.76,1288.53,44.58,42.86,1,-1,-1,-1
434,7,655.53,1304.21,45.11,44.02,1,-1,-1,-1
434,8,487.84,1293.05,44.96,43.09,1,-1,-1,-1
435,7,661.21,1308.31,44.52,43.26,1,-1,-1,-1
435,8,491.92,1298.53,45.05,43.16,1,-1,-1,-1
436,7,667.10,1312.39,44.41,43.00,1,-1,-1,-1
436,8,496.03,1303.73,45.08,43.18,1,-1,-1,-1
437,7,673.06,1315.80,44.47,42.91,1,-1,-1,-1
437,8,499.44,1308.82,47.12,45.14,1,-1,-1,-1
438,7,678.07,1318.95,46.55,44.88,1,-1,-1,-1
438,8,503.90,1314.50,47.88,45.87,1,-1,-1,-1
439,7,683.07,1322.65,47.34,45.62,1,-1,-1,-1
439,8,507.59,1320.43,47.96,46.13,1,-1,-1,-1
440,7,689.69,1326.58,45.72,43.93,1,-1,-1,-1
440,8,512.13,1325.79,48.06,46.22,1,-1,-1,-1
441,7,694.60,1329.93,46.54,44.61,1,-1,-1,-1
441,8,517.69,1331.59,48.09,46.23,1,-1,-1,-1
442,7,699.24,1333.05,47.49,45.52,1,-1,-1,-1
442,8,522.97,1338.20,48.10,46.22,1,-1,-1,-1
443,7,703.54,1336.75,47.66,45.87,1,-1,-1,-1
443,8,528.80,1344.47,48.09,46.20,1,-1,-1,-1
444,7,708.97,1340.01,47.62,45.99,1,-1,-1,-1
444,8,533.21,1349.28,49.34,47.49,1,-1,-1,-1
445,7,713.53,1343.09,47.51,46.04,1,-1,-1,-1
445,8,540.60,1355.50,46.59,44.72,1,-1,-1,-1
446,7,718.61,1346.77,45.65,44.08,1,-1,-1,-1
446,8,547.27,1360.97,45.54,43.60,1,-1,-1,-1
447,7,722.94,1348.68,45.00,43.32,1,-1,-1,-1
447,8,553.55,1365.45,45.21,43.18,1,-1,-1,-1
448,7,726.99,1349.93,44.84,43.04,1,-1,-1,-1
448,8,559.01,1368.92,45.15,43.03,1,-1,-1,-1
449,7,730.09,1351.62,44.58,42.95,1,-1,-1,-1
449,8,564.17,1372.67,45.18,42.98,1,-1,-1,-1
450,7,734.62,1352.80,44.68,42.92,1,-1,-1,-1
450,8,569.22,1375.87,45.24,42.96,1,-1,-1,-1
451,7,738.10,1353.14,44.79,42.92,1,-1,-1,-1
451,8,574.22,1377.54,45.30,42.96,1,-1,-1,-1
452,7,740.59,1353.83,46.09,44.25,1,-1,-1,-1
452,8,579.21,1378.66,45.37,42.96,1,-1,-1,-1
453,7,742.64,1354.03,46.72,44.75,1,-1,-1,-1
453,8,583.91,1378.91,45.33,42.97,1,-1,-1,-1
454,7,744.63,1354.01,46.82,44.94,1,-1,-1,-1
454,8,588.44,1378.85,45.40,42.97,1,-1,-1,-1
455,7,746.19,1353.94,47.59,45.67,1,-1,-1,-1
455,8,592.59,1378.03,45.46,42.97,1,-1,-1,-1
456,7,747.31,1353.85,47.88,45.94,1,-1,-1,-1
456,8,595.94,1376.95,45.51,42.98,1,-1,-1,-1
457,7,747.60,1353.76,47.99,46.04,1,-1,-1,-1
457,8,599.65,1375.11,45.56,42.98,1,-1,-1,-1
458,7,747.59,1353.67,48.02,46.07,1,-1,-1,-1
458,8,602.85,1371.69,45.60,42.98,1,-1,-1,-1
459,7,746.81,1353.60,48.03,46.07,1,-1,-1,-1
459,8,604.54,1367.69,48.93,46.29,1,-1,-1,-1
460,7,745.76,1353.53,48.03,46.07,1,-1,-1,-1
460,8,607.09,1364.92,50.06,47.51,1,-1,-1,-1
461,7,743.96,1353.47,48.03,46.06,1,-1,-1,-1
461,8,609.53,1360.55,51.17,48.63,1,-1,-1,-1
462,7,741.52,1352.09,47.44,45.40,1,-1,-1,-1
462,8,613.23,1357.56,50.98,48.40,1,-1,-1,-1
463,7,739.27,1351.54,47.07,45.14,1,-1,-1,-1
463,8,615.90,1354.43,50.71,48.29,1,-1,-1,-1
464,7,736.36,1351.98,45.70,43.72,1,-1,-1,-1
464,8,618.79,1351.95,50.52,48.23,1,-1,-1,-1
465,7,733.18,1352.13,45.24,43.18,1,-1,-1,-1
465,8,621.10,1349.06,50.36,48.19,1,-1,-1,-1
466,7,729.97,1351.50,45.13,42.99,1,-1,-1,-1
466,8,623.85,1346.03,50.22,48.17,1,-1,-1,-1
467,7,726.10,1351.25,45.15,42.93,1,-1,-1,-1
467,8,626.38,1342.94,50.88,48.80,1,-1,-1,-1
468,7,722.05,1349.82,46.41,44.24,1,-1,-1,-1
468,8,628.54,1339.85,51.11,49.04,1,-1,-1,-1
469,7,718.25,1347.97,47.59,45.39,1,-1,-1,-1
469,8,630.25,1337.42,52.45,50.43,1,-1,-1,-1
470,7,714.53,1346.61,47.44,45.18,1,-1,-1,-1
470,8,631.85,1334.59,53.47,51.59,1,-1,-1,-1
471,7,710.60,1345.44,47.23,45.09,1,-1,-1,-1
471,8,633.07,1331.62,53.74,52.03,1,-1,-1,-1
472,7,706.57,1345.01,47.08,45.05,1,-1,-1,-1
472,8,635.07,1328.58,53.15,51.53,1,-1,-1,-1
473,7,703.18,1343.54,46.97,45.03,1,-1,-1,-1
473,8,636.98,1325.52,51.72,50.00,1,-1,-1,-1
474,7,698.97,1343.00,47.65,45.69,1,-1,-1,-1
474,8,638.32,1323.12,50.35,48.73,1,-1,-1,-1
475,7,694.84,1342.16,47.91,45.93,1,-1,-1,-1
475,8,641.04,1320.98,48.52,46.92,1,-1,-1,-1
476,7,691.46,1341.20,49.18,47.33,1,-1,-1,-1
476,8,642.61,1318.93,47.86,46.24,1,-1,-1,-1
477,7,688.29,1341.51,48.39,46.56,1,-1,-1,-1
477,8,643.75,1316.25,47.65,46.00,1,-1,-1,-1
478,7,684.55,1341.66,48.08,46.24,1,-1,-1,-1
478,8,644.75,1314.01,47.60,45.92,1,-1,-1,-1
479,7,681.33,1342.39,49.14,47.44,1,-1,-1,-1
479,8,645.79,1311.93,47.42,45.90,1,-1,-1,-1
480,7,678.22,1342.68,48.28,46.58,1,-1,-1,-1
480,8,647.37,1310.57,47.46,45.90,1,-1,-1,-1
481,7,674.51,1344.79,47.96,46.23,1,-1,-1,-1
481,8,647.98,1308.82,47.32,45.91,1,-1,-1,-1
482,7,671.62,1346.25,47.07,45.44,1,-1,-1,-1
482,8,649.40,1306.92,47.39,45.92,1,-1,-1,-1
483,7,668.02,1348.80,46.70,45.13,1,-1,-1,-1
483,8,650.83,1306.28,45.50,43.94,1,-1,-1,-1
484,7,664.81,1350.41,46.53,45.02,1,-1,-1,-1
484,8,651.63,1304.80,44.78,43.19,1,-1,-1,-1
485,7,661.09,1350.99,46.44,44.98,1,-1,-1,-1
485,8,651.91,1303.66,46.44,44.95,1,-1,-1,-1
486,7,658.42,1352.51,45.21,43.65,1,-1,-1,-1
486,8,653.27,1302.62,45.13,43.63,1,-1,-1,-1
486,9,649.65,1416.92,49.33,44.36,1,-1,-1,-1
487,7,655.23,1354.40,44.74,43.14,1,-1,-1,-1
487,8,653.70,1300.98,44.65,43.12,1,-1,-1,-1
487,9,648.68,1413.41,45.34,40.86,1,-1,-1,-1
488,7,652.15,1355.07,44.59,42.97,1,-1,-1,-1
488,8,654.08,1299.10,44.61,42.94,1,-1,-1,-1
488,9,646.99,1409.42,44.11,39.84,1,-1,-1,-1
489,7,649.12,1355.96,44.57,42.91,1,-1,-1,-1
489,8,653.82,1297.14,46.65,44.89,1,-1,-1,-1
489,9,643.23,1404.64,43.77,39.60,1,-1,-1,-1
490,7,646.38,1356.92,44.68,42.90,1,-1,-1,-1
490,8,654.66,1295.14,45.49,43.65,1,-1,-1,-1
490,9,639.94,1400.34,43.67,39.57,1,-1,-1,-1
491,7,644.50,1358.58,44.71,42.90,1,-1,-1,-1
491,8,653.94,1293.13,45.00,43.16,1,-1,-1,-1
491,9,636.51,1396.22,43.58,39.61,1,-1,-1,-1
492,7,642.58,1360.50,44.73,42.91,1,-1,-1,-1
492,8,652.36,1289.78,46.72,44.99,1,-1,-1,-1
492,9,633.97,1392.50,42.81,38.91,1,-1,-1,-1
493,7,641.58,1361.18,44.86,42.92,1,-1,-1,-1
493,8,651.72,1286.63,47.44,45.66,1,-1,-1,-1
494,7,641.00,1362.72,44.87,42.93,1,-1,-1,-1
494,8,651.48,1282.88,45.70,43.95,1,-1,-1,-1
495,7,640.88,1363.93,44.88,42.94,1,-1,-1,-1
495,8,649.41,1278.20,46.92,45.29,1,-1,-1,-1
496,7,641.02,1364.34,44.71,42.94,1,-1,-1,-1
496,8,649.29,1273.27,45.43,43.82,1,-1,-1,-1
496,9,610.10,1388.31,43.34,39.76,1,-1,-1,-1
497,7,641.86,1364.45,44.55,42.95,1,-1,-1,-1
497,8,647.52,1268.16,44.97,43.24,1,-1,-1,-1
497,9,604.86,1387.98,43.25,39.83,1,-1,-1,-1
498,7,643.83,1365.78,42.64,40.97,1,-1,-1,-1
498,8,646.16,1262.37,44.88,43.03,1,-1,-1,-1
498,9,599.80,1387.90,43.14,39.86,1,-1,-1,-1
499,7,644.40,1364.89,43.80,42.25,1,-1,-1,-1
499,8,644.01,1256.34,44.81,42.96,1,-1,-1,-1
499,9,594.15,1387.29,44.98,41.87,1,-1,-1,-1
