0,1,796.00,1317.00,42.00,40.00,1,-1,-1,-1
0,2,690.00,1318.00,42.00,40.00,1,-1,-1,-1
1,1,796.00,1317.00,42.00,40.00,1,-1,-1,-1
1,2,690.00,1318.00,42.00,40.00,1,-1,-1,-1
2,1,796.00,1317.00,42.00,40.00,1,-1,-1,-1
2,2,690.03,1318.00,41.94,40.00,1,-1,-1,-1
3,1,796.00,1317.00,42.00,40.00,1,-1,-1,-1
3,2,690.03,1318.00,41.94,40.00,1,-1,-1,-1
4,1,796.00,1317.00,42.00,40.00,1,-1,-1,-1
4,2,690.03,1318.00,41.95,40.00,1,-1,-1,-1
5,1,796.00,1317.00,42.00,40.00,1,-1,-1,-1
5,2,690.03,1318.00,41.95,40.00,1,-1,-1,-1
6,1,796.00,1317.00,42.00,40.00,1,-1,-1,-1
6,2,690.02,1318.00,41.95,40.00,1,-1,-1,-1
7,1,796.00,1317.00,42.00,40.00,1,-1,-1,-1
7,2,690.09,1318.00,41.83,40.00,1,-1,-1,-1
8,1,796.00,1317.00,42.00,40.00,1,-1,-1,-1
8,2,690.08,1318.00,41.84,40.00,1,-1,-1,-1
9,1,796.00,1317.00,42.00,40.00,1,-1,-1,-1
9,2,690.07,1318.00,41.85,40.00,1,-1,-1,-1
10,1,796.00,1317.00,42.00,40.00,1,-1,-1,-1
10,2,690.07,1318.00,41.86,40.00,1,-1,-1,-1
11,1,796.00,1317.00,42.00,40.00,1,-1,-1,-1
11,2,690.14,1318.00,41.71,40.00,1,-1,-1,-1
12,1,796.00,1317.00,42.00,40.00,1,-1,-1,-1
12,2,690.13,1318.00,41.74,40.00,1,-1,-1,-1
13,1,796.00,1317.00,42.00,40.00,1,-1,-1,-1
13,2,690.12,1318.00,41.76,40.00,1,-1,-1,-1
14,1,796.00,1317.00,42.00,40.00,1,-1,-1,-1
14,2,690.11,1318.00,41.78,40.00,1,-1,-1,-1
15,1,796.00,1317.00,42.00,40.00,1,-1,-1,-1
15,2,690.10,1318.00,41.80,40.00,1,-1,-1,-1
16,1,796.00,1317.00,42.00,40.00,1,-1,-1,-1
16,2,690.09,1318.00,41.82,40.00,1,-1,-1,-1
17,1,796.00,1317.00,42.00,40.00,1,-1,-1,-1
17,2,690.08,1318.00,41.83,40.00,1,-1,-1,-1
18,1,796.00,1317.00,42.00,40.00,1,-1,-1,-1
18,2,690.08,1318.00,41.85,40.00,1,-1,-1,-1
19,1,796.00,1317.00,42.00,40.00,1,-1,-1,-1
19,2,690.07,1318.00,41.86,40.00,1,-1,-1,-1
20,1,796.00,1317.00,42.00,40.00,1,-1,-1,-1
20,2,690.06,1318.00,41.88,40.00,1,-1,-1,-1
21,1,796.00,1317.00,42.00,40.00,1,-1,-1,-1
21,2,690.06,1318.00,41.89,40.00,1,-1,-1,-1
22,1,796.00,1317.00,42.00,40.00,1,-1,-1,-1
22,2,690.05,1318.00,41.90,40.00,1,-1,-1,-1
23,1,796.00,1317.00,42.00,40.00,1,-1,-1,-1
23,2,690.05,1318.00,41.91,40.00,1,-1,-1,-1
24,1,796.00,1317.00,42.00,40.00,1,-1,-1,-1
24,2,690.04,1318.00,41.92,40.00,1,-1,-1,-1
25,1,796.00,1317.00,42.00,40.00,1,-1,-1,-1
25,2,690.13,1318.00,41.74,40.00,1,-1,-1,-1
26,1,796.00,1317.00,42.00,40.00,1,-1,-1,-1
26,2,690.12,1318.00,41.76,40.00,1,-1,-1,-1
27,1,796.00,1317.66,42.00,40.00,1,-1,-1,-1
27,2,690.11,1318.00,41.78,40.00,1,-1,-1,-1
28,1,796.00,1317.25,42.00,40.00,1,-1,-1,-1
28,2,690.10,1318.00,41.80,40.00,1,-1,-1,-1
29,1,796.00,1317.09,42.00,40.00,1,-1,-1,-1
29,2,690.09,1318.00,41.82,40.00,1,-1,-1,-1
30,1,796.00,1317.03,42.00,40.00,1,-1,-1,-1
30,2,690.08,1318.00,41.84,40.00,1,-1,-1,-1
31,1,796.00,1317.01,42.00,40.00,1,-1,-1,-1
31,2,690.07,1318.00,41.85,40.00,1,-1,-1,-1
32,1,796.00,1317.00,42.00,40.00,1,-1,-1,-1
32,2,690.07,1318.00,41.87,40.00,1,-1,-1,-1
33,1,796.00,1317.00,42.00,40.00,1,-1,-1,-1
33,2,690.06,1318.00,41.88,40.00,1,-1,-1,-1
34,1,796.00,1317.00,42.00,40.00,1,-1,-1,-1
34,2,690.15,1318.00,41.70,40.00,1,-1,-1,-1
35,1,796.00,1317.00,42.00,40.00,1,-1,-1,-1
35,2,690.13,1318.00,41.73,40.00,1,-1,-1,-1
36,1,796.00,1317.00,42.00,40.00,1,-1,-1,-1
36,2,690.12,1318.00,41.76,40.00,1,-1,-1,-1
37,1,796.00,1317.00,42.00,40.00,1,-1,-1,-1
37,2,690.21,1318.00,41.59,40.00,1,-1,-1,-1
38,1,796.00,1317.00,42.00,40.00,1,-1,-1,-1
38,2,690.19,1318.00,41.63,40.00,1,-1,-1,-1
39,1,796.00,1317.00,42.00,40.00,1,-1,-1,-1
39,2,690.17,1318.00,41.66,40.00,1,-1,-1,-1
40,1,796.00,1317.00,42.00,40.00,1,-1,-1,-1
40,2,690.25,1318.00,41.51,40.00,1,-1,-1,-1
41,1,796.00,1317.00,42.00,40.00,1,-1,-1,-1
41,2,690.22,1318.00,41.55,40.00,1,-1,-1,-1
42,1,796.00,1317.00,42.00,40.00,1,-1,-1,-1
42,2,690.20,1318.00,41.59,40.00,1,-1,-1,-1
43,1,796.00,1317.00,42.00,40.00,1,-1,-1,-1
43,2,690.18,1318.00,41.63,40.00,1,-1,-1,-1
44,1,796.00,1317.00,42.00,40.00,1,-1,-1,-1
44,2,690.17,1318.00,41.67,40.00,1,-1,-1,-1
45,1,796.00,1317.00,42.00,40.00,1,-1,-1,-1
45,2,690.15,1318.00,41.70,40.00,1,-1,-1,-1
46,1,796.00,1317.00,42.00,40.00,1,-1,-1,-1
46,2,690.14,1318.00,41.73,40.00,1,-1,-1,-1
47,1,796.00,1317.00,42.00,40.00,1,-1,-1,-1
47,2,690.12,1318.00,41.75,40.00,1,-1,-1,-1
48,1,796.00,1317.00,42.00,40.00,1,-1,-1,-1
48,2,690.21,1318.00,41.59,40.00,1,-1,-1,-1
49,1,796.00,1317.00,42.00,40.00,1,-1,-1,-1
49,2,690.19,1318.00,41.63,40.00,1,-1,-1,-1
50,1,796.00,1317.00,42.00,40.00,1,-1,-1,-1
50,2,690.17,1318.00,41.66,40.00,1,-1,-1,-1
51,1,796.00,1317.00,42.00,40.00,1,-1,-1,-1
51,2,690.25,1318.00,41.50,40.00,1,-1,-1,-1
52,1,796.00,1317.00,42.00,40.00,1,-1,-1,-1
52,2,690.22,1318.00,41.55,40.00,1,-1,-1,-1
53,1,796.00,1317.00,42.00,40.00,1,-1,-1,-1
53,2,690.20,1318.00,41.59,40.00,1,-1,-1,-1
54,1,796.00,1317.00,42.00,40.00,1,-1,-1,-1
54,2,690.18,1318.00,41.63,40.00,1,-1,-1,-1
55,1,796.00,1317.00,42.00,40.00,1,-1,-1,-1
55,2,690.17,1318.00,41.67,40.00,1,-1,-1,-1
56,1,796.00,1317.00,42.00,40.00,1,-1,-1,-1
56,2,690.15,1318.00,41.70,40.00,1,-1,-1,-1
57,1,796.00,1317.00,42.00,40.00,1,-1,-1,-1
57,2,690.23,1318.00,41.54,40.00,1,-1,-1,-1
58,1,796.00,1317.00,42.00,40.00,1,-1,-1,-1
58,2,690.21,1318.00,41.58,40.00,1,-1,-1,-1
59,1,796.00,1317.00,42.00,40.00,1,-1,-1,-1
59,2,690.19,1318.00,41.62,40.00,1,-1,-1,-1
60,1,796.00,1317.00,42.00,40.00,1,-1,-1,-1
60,2,690.27,1318.00,41.47,40.00,1,-1,-1,-1
61,1,796.00,1317.00,42.00,40.00,1,-1,-1,-1
61,2,690.34,1318.00,41.33,40.00,1,-1,-1,-1
62,1,796.00,1317.00,42.00,40.00,1,-1,-1,-1
62,2,690.30,1318.00,41.39,40.00,1,-1,-1,-1
63,1,796.00,1317.00,42.00,40.00,1,-1,-1,-1
63,2,690.28,1318.00,41.45,40.00,1,-1,-1,-1
64,1,796.00,1317.00,42.00,40.00,1,-1,-1,-1
64,2,690.25,1318.00,41.50,40.00,1,-1,-1,-1
65,1,796.00,1317.00,42.00,40.00,1,-1,-1,-1
65,2,690.32,1318.00,41.36,40.00,1,-1,-1,-1
66,1,796.00,1317.66,42.00,40.00,1,-1,-1,-1
66,2,690.29,1318.00,41.42,40.00,1,-1,-1,-1
67,1,796.00,1317.25,42.00,40.00,1,-1,-1,-1
67,2,690.26,1318.00,41.47,40.00,1,-1,-1,-1
68,1,796.00,1317.09,42.00,40.00,1,-1,-1,-1
68,2,690.24,1318.00,41.52,40.00,1,-1,-1,-1
69,1,796.00,1317.03,42.00,40.00,1,-1,-1,-1
69,2,690.21,1318.00,41.57,40.00,1,-1,-1,-1
70,1,796.00,1317.01,42.00,40.00,1,-1,-1,-1
70,2,690.19,1318.00,41.61,40.00,1,-1,-1,-1
71,1,796.00,1317.00,42.00,40.00,1,-1,-1,-1
71,2,690.18,1318.00,41.65,40.00,1,-1,-1,-1
72,1,796.00,1317.00,42.00,40.00,1,-1,-1,-1
72,2,690.16,1318.00,41.68,40.00,1,-1,-1,-1
73,1,796.00,1317.00,42.00,40.00,1,-1,-1,-1
73,2,690.14,1318.00,41.71,40.00,1,-1,-1,-1
74,1,796.00,1317.00,42.00,40.00,1,-1,-1,-1
74,2,690.23,1318.00,41.55,40.00,1,-1,-1,-1
75,1,796.00,1317.00,42.00,40.00,1,-1,-1,-1
75,2,690.20,1318.00,41.59,40.00,1,-1,-1,-1
76,1,796.00,1317.00,42.00,40.00,1,-1,-1,-1
76,2,690.28,1318.00,41.44,40.00,1,-1,-1,-1
77,1,796.00,1317.00,42.00,40.00,1,-1,-1,-1
77,2,690.25,1318.00,41.49,40.00,1,-1,-1,-1
78,1,796.00,1317.00,42.00,40.00,1,-1,-1,-1
78,2,690.23,1318.00,41.54,40.00,1,-1,-1,-1
79,1,796.00,1317.00,42.00,40.00,1,-1,-1,-1
79,2,690.21,1318.00,41.59,40.00,1,-1,-1,-1
80,1,796.00,1317.00,42.00,40.00,1,-1,-1,-1
80,2,690.19,1318.00,41.62,40.00,1,-1,-1,-1
81,1,796.00,1317.00,42.00,40.00,1,-1,-1,-1
81,2,690.17,1318.00,41.66,40.00,1,-1,-1,-1
81,4,507.04,313.65,42.88,42.80,1,-1,-1,-1
82,1,796.00,1317.00,42.00,40.00,1,-1,-1,-1
82,2,690.15,1318.00,41.69,40.00,1,-1,-1,-1
82,4,504.15,309.80,45.55,45.36,1,-1,-1,-1
83,1,796.00,1317.00,42.00,40.00,1,-1,-1,-1
83,2,690.14,1318.00,41.72,40.00,1,-1,-1,-1
83,4,500.70,307.16,48.60,48.32,1,-1,-1,-1
84,1,796.00,1317.00,42.00,40.00,1,-1,-1,-1
84,2,690.13,1318.00,41.75,40.00,1,-1,-1,-1
84,4,498.83,304.79,50.34,50.04,1,-1,-1,-1
85,1,796.00,1317.00,42.00,40.00,1,-1,-1,-1
85,2,690.11,1318.00,41.77,40.00,1,-1,-1,-1
86,1,796.00,1317.00,42.00,40.00,1,-1,-1,-1
86,2,690.10,1318.00,41.79,40.00,1,-1,-1,-1
87,1,796.00,1317.00,42.00,40.00,1,-1,-1,-1
87,2,690.19,1318.00,41.62,40.00,1,-1,-1,-1
88,1,796.00,1317.00,42.00,40.00,1,-1,-1,-1
88,2,690.17,1318.00,41.66,40.00,1,-1,-1,-1
89,1,796.00,1317.00,42.00,40.00,1,-1,-1,-1
89,2,690.15,1318.00,41.69,40.00,1,-1,-1,-1
90,1,796.00,1317.00,42.00,40.00,1,-1,-1,-1
90,2,690.14,1318.00,41.72,40.00,1,-1,-1,-1
91,1,796.00,1317.00,42.00,40.00,1,-1,-1,-1
91,2,690.13,1318.00,41.75,40.00,1,-1,-1,-1
92,1,796.00,1317.00,42.00,40.00,1,-1,-1,-1
92,2,690.11,1318.00,41.77,40.00,1,-1,-1,-1
93,1,796.00,1317.00,42.00,40.00,1,-1,-1,-1
93,2,690.10,1318.00,41.79,40.00,1,-1,-1,-1
94,1,796.00,1317.00,42.00,40.00,1,-1,-1,-1
94,2,690.09,1318.00,41.81,40.00,1,-1,-1,-1
95,1,796.00,1317.00,42.00,40.00,1,-1,-1,-1
95,2,690.08,1318.00,41.83,40.00,1,-1,-1,-1
96,1,796.00,1317.00,42.00,40.00,1,-1,-1,-1
96,2,690.08,1318.00,41.85,40.00,1,-1,-1,-1
97,1,796.00,1317.00,42.00,40.00,1,-1,-1,-1
97,2,690.07,1318.00,41.86,40.00,1,-1,-1,-1
98,1,796.00,1317.00,42.00,40.00,1,-1,-1,-1
98,2,690.06,1318.00,41.87,40.00,1,-1,-1,-1
99,1,796.00,1317.00,42.00,40.00,1,-1,-1,-1
99,2,690.06,1318.00,41.89,40.00,1,-1,-1,-1
100,1,796.00,1317.00,42.00,40.00,1,-1,-1,-1
100,2,690.05,1318.00,41.90,40.00,1,-1,-1,-1
101,1,796.00,1317.00,42.00,40.00,1,-1,-1,-1
101,2,690.05,1318.00,41.91,40.00,1,-1,-1,-1
102,1,796.00,1317.00,42.00,40.00,1,-1,-1,-1
102,2,690.14,1318.00,41.73,40.00,1,-1,-1,-1
103,1,796.00,1317.00,42.00,40.00,1,-1,-1,-1
103,2,690.12,1318.00,41.75,40.00,1,-1,-1,-1
104,1,796.00,1317.00,42.00,40.00,1,-1,-1,-1
104,2,690.11,1318.00,41.78,40.00,1,-1,-1,-1
105,1,796.00,1317.00,42.00,40.00,1,-1,-1,-1
105,2,690.20,1318.00,41.61,40.00,1,-1,-1,-1
106,1,796.00,1317.66,42.00,40.00,1,-1,-1,-1
106,2,690.18,1318.00,41.64,40.00,1,-1,-1,-1
107,1,796.00,1317.25,42.00,40.00,1,-1,-1,-1
107,2,690.26,1318.00,41.49,40.00,1,-1,-1,-1
108,1,796.00,1317.09,42.00,40.00,1,-1,-1,-1
108,2,690.23,1318.00,41.54,40.00,1,-1,-1,-1
109,1,796.00,1317.03,42.00,40.00,1,-1,-1,-1
109,2,690.21,1318.00,41.58,40.00,1,-1,-1,-1
110,1,796.00,1317.01,42.00,40.00,1,-1,-1,-1
110,2,690.19,1318.00,41.62,40.00,1,-1,-1,-1
111,1,796.00,1317.00,42.00,40.00,1,-1,-1,-1
111,2,690.27,1318.00,41.47,40.00,1,-1,-1,-1
112,1,796.00,1317.00,42.00,40.00,1,-1,-1,-1
112,2,690.34,1318.00,41.33,40.00,1,-1,-1,-1
113,1,796.00,1317.00,42.00,40.00,1,-1,-1,-1
113,2,690.40,1318.00,41.20,40.00,1,-1,-1,-1
113,4,467.46,340.19,47.13,46.42,1,-1,-1,-1
114,1,796.00,1317.00,42.00,40.00,1,-1,-1,-1
114,2,690.36,1318.00,41.28,40.00,1,-1,-1,-1
114,4,467.70,343.72,44.57,43.40,1,-1,-1,-1
115,1,796.00,1317.00,42.00,40.00,1,-1,-1,-1
115,2,690.33,1318.00,41.35,40.00,1,-1,-1,-1
115,4,467.22,345.90,44.24,42.93,1,-1,-1,-1
116,1,796.00,1317.00,42.00,40.00,1,-1,-1,-1
116,2,690.30,1318.00,41.41,40.00,1,-1,-1,-1
116,4,466.06,349.43,43.32,42.08,1,-1,-1,-1
117,1,796.00,1317.00,42.00,40.00,1,-1,-1,-1
117,2,690.36,1318.00,41.27,40.00,1,-1,-1,-1
117,4,465.00,351.95,43.03,41.84,1,-1,-1,-1
118,1,796.00,1317.00,42.00,40.00,1,-1,-1,-1
118,2,690.42,1318.00,41.15,40.00,1,-1,-1,-1
118,4,464.11,354.36,42.44,41.26,1,-1,-1,-1
119,1,796.00,1317.00,42.00,40.00,1,-1,-1,-1
119,2,690.48,1318.00,41.04,40.00,1,-1,-1,-1
120,1,796.00,1317.00,42.00,40.00,1,-1,-1,-1
120,2,690.43,1318.00,41.13,40.00,1,-1,-1,-1
121,1,796.00,1317.00,42.00,40.00,1,-1,-1,-1
121,2,690.39,1318.00,41.22,40.00,1,-1,-1,-1
121,4,462.84,366.61,40.14,39.04,1,-1,-1,-1
122,1,796.00,1317.00,42.00,40.00,1,-1,-1,-1
122,2,690.35,1318.00,41.29,40.00,1,-1,-1,-1
122,4,461.72,369.20,40.50,39.54,1,-1,-1,-1
123,1,796.00,1317.00,42.00,40.00,1,-1,-1,-1
123,2,690.32,1318.00,41.36,40.00,1,-1,-1,-1
123,4,461.27,372.08,40.79,39.70,1,-1,-1,-1
124,1,796.00,1317.00,42.00,40.00,1,-1,-1,-1
124,2,690.29,1318.00,41.42,40.00,1,-1,-1,-1
124,4,461.10,374.36,40.98,39.77,1,-1,-1,-1
125,1,796.00,1317.00,42.00,40.00,1,-1,-1,-1
125,2,690.26,1318.00,41.47,40.00,1,-1,-1,-1
125,4,461.04,377.09,41.12,39.82,1,-1,-1,-1
126,1,796.00,1317.66,42.00,40.00,1,-1,-1,-1
126,2,690.24,1318.00,41.52,40.00,1,-1,-1,-1
126,4,459.29,379.99,41.34,39.84,1,-1,-1,-1
127,1,796.00,1317.25,42.00,40.00,1,-1,-1,-1
127,2,690.31,1318.00,41.38,40.00,1,-1,-1,-1
127,4,457.95,383.63,41.53,39.87,1,-1,-1,-1
128,1,796.00,1317.09,42.00,40.00,1,-1,-1,-1
128,2,690.38,1318.00,41.25,40.00,1,-1,-1,-1
128,4,456.19,386.20,42.85,41.22,1,-1,-1,-1
129,1,796.00,1317.03,42.00,40.00,1,-1,-1,-1
129,2,690.34,1318.00,41.32,40.00,1,-1,-1,-1
129,4,454.92,389.05,43.31,41.72,1,-1,-1,-1
130,1,796.00,1317.01,42.00,40.00,1,-1,-1,-1
130,2,690.40,1318.00,41.19,40.00,1,-1,-1,-1
130,4,454.00,391.97,43.34,41.75,1,-1,-1,-1
131,1,796.00,1317.00,42.00,40.00,1,-1,-1,-1
131,2,690.36,1318.00,41.27,40.00,1,-1,-1,-1
131,4,451.69,395.75,44.17,42.73,1,-1,-1,-1
132,1,796.00,1317.00,42.00,40.00,1,-1,-1,-1
132,2,690.33,1318.00,41.34,40.00,1,-1,-1,-1
132,4,451.03,399.59,44.46,42.95,1,-1,-1,-1
133,1,796.00,1317.00,42.00,40.00,1,-1,-1,-1
133,2,690.30,1318.00,41.40,40.00,1,-1,-1,-1
133,4,450.13,402.89,44.60,43.03,1,-1,-1,-1
134,1,796.00,1317.00,42.00,40.00,1,-1,-1,-1
134,2,690.27,1318.00,41.46,40.00,1,-1,-1,-1
134,4,449.26,407.32,44.46,43.06,1,-1,-1,-1
135,1,796.00,1317.66,42.00,40.00,1,-1,-1,-1
135,2,690.24,1318.00,41.51,40.00,1,-1,-1,-1
135,4,449.96,411.51,43.75,42.40,1,-1,-1,-1
136,1,796.00,1317.25,42.00,40.00,1,-1,-1,-1
136,2,690.22,1318.00,41.56,40.00,1,-1,-1,-1
136,4,450.28,414.29,43.45,42.15,1,-1,-1,-1
137,1,796.00,1317.09,42.00,40.00,1,-1,-1,-1
137,2,690.20,1318.00,41.60,40.00,1,-1,-1,-1
137,4,449.57,417.59,43.46,42.16,1,-1,-1,-1
138,1,796.00,1317.03,42.00,40.00,1,-1,-1,-1
138,2,690.28,1318.00,41.45,40.00,1,-1,-1,-1
139,1,796.00,1317.01,42.00,40.00,1,-1,-1,-1
139,2,690.25,1318.00,41.50,40.00,1,-1,-1,-1
140,1,796.00,1317.00,42.00,40.00,1,-1,-1,-1
140,2,690.32,1318.00,41.36,40.00,1,-1,-1,-1
141,1,796.00,1317.00,42.00,40.00,1,-1,-1,-1
141,2,690.39,1318.00,41.23,40.00,1,-1,-1,-1
142,1,796.00,1316.99,42.00,40.00,1,-1,-1,-1
142,2,690.44,1318.00,41.11,40.00,1,-1,-1,-1
143,1,796.00,1316.99,42.00,40.00,1,-1,-1,-1
143,2,690.50,1318.00,41.01,40.00,1,-1,-1,-1
144,1,796.00,1317.00,42.00,40.00,1,-1,-1,-1
144,2,690.45,1318.00,41.10,40.00,1,-1,-1,-1
145,1,796.00,1317.00,42.00,40.00,1,-1,-1,-1
145,2,690.41,1318.00,41.19,40.00,1,-1,-1,-1
146,1,796.00,1317.00,42.00,40.00,1,-1,-1,-1
146,2,690.46,1318.00,41.07,40.00,1,-1,-1,-1
147,1,796.00,1317.00,42.00,40.00,1,-1,-1,-1
147,2,690.51,1318.00,40.97,40.00,1,-1,-1,-1
148,1,796.00,1317.00,42.00,40.00,1,-1,-1,-1
148,2,690.47,1318.00,41.07,40.00,1,-1,-1,-1
148,4,447.15,440.32,44.43,42.98,1,-1,-1,-1
149,1,796.00,1317.00,42.00,40.00,1,-1,-1,-1
149,2,690.42,1318.00,41.16,40.00,1,-1,-1,-1
149,4,447.37,442.91,42.60,40.95,1,-1,-1,-1
150,1,796.00,1317.00,42.00,40.00,1,-1,-1,-1
150,2,690.38,1318.00,41.24,40.00,1,-1,-1,-1
150,4,447.08,445.34,42.46,40.81,1,-1,-1,-1
151,1,796.00,1317.00,42.00,40.00,1,-1,-1,-1
151,2,690.35,1318.00,41.31,40.00,1,-1,-1,-1
151,4,447.87,446.37,41.82,40.14,1,-1,-1,-1
152,1,796.00,1317.00,42.00,40.00,1,-1,-1,-1
152,2,690.41,1318.00,41.18,40.00,1,-1,-1,-1
152,4,447.02,447.52,42.98,41.35,1,-1,-1,-1
153,1,796.00,1317.00,42.00,40.00,1,-1,-1,-1
153,2,690.37,1318.00,41.26,40.00,1,-1,-1,-1
153,4,447.96,449.22,42.23,40.45,1,-1,-1,-1
154,1,796.00,1317.00,42.00,40.00,1,-1,-1,-1
154,2,690.43,1318.00,41.14,40.00,1,-1,-1,-1
154,4,448.29,450.43,42.02,40.10,1,-1,-1,-1
155,1,796.00,1317.00,42.00,40.00,1,-1,-1,-1
155,2,690.39,1318.00,41.22,40.00,1,-1,-1,-1
155,4,449.05,451.47,42.02,39.98,1,-1,-1,-1
156,1,796.00,1317.00,42.00,40.00,1,-1,-1,-1
156,2,690.45,1318.00,41.11,40.00,1,-1,-1,-1
156,4,449.30,452.45,42.09,39.94,1,-1,-1,-1
157,1,796.00,1317.00,42.00,40.00,1,-1,-1,-1
157,2,690.40,1318.00,41.19,40.00,1,-1,-1,-1
157,4,448.78,452.74,43.34,41.26,1,-1,-1,-1
158,1,796.00,1317.00,42.00,40.00,1,-1,-1,-1
158,2,690.37,1318.00,41.27,40.00,1,-1,-1,-1
158,4,448.33,452.81,44.32,42.41,1,-1,-1,-1
159,1,796.00,1317.00,42.00,40.00,1,-1,-1,-1
159,2,690.33,1318.00,41.34,40.00,1,-1,-1,-1
159,4,448.22,452.78,44.58,42.85,1,-1,-1,-1
160,1,796.00,1317.00,42.00,40.00,1,-1,-1,-1
160,2,690.30,1318.00,41.40,40.00,1,-1,-1,-1
160,4,448.23,452.71,44.57,43.01,1,-1,-1,-1
161,1,796.00,1317.66,42.00,40.00,1,-1,-1,-1
161,2,690.27,1318.00,41.46,40.00,1,-1,-1,-1
161,4,448.28,453.29,44.47,43.07,1,-1,-1,-1
162,1,796.00,1317.25,42.00,40.00,1,-1,-1,-1
162,2,690.24,1318.00,41.51,40.00,1,-1,-1,-1
162,4,448.24,453.47,44.54,43.08,1,-1,-1,-1
163,1,796.00,1317.09,42.00,40.00,1,-1,-1,-1
163,2,690.22,1318.00,41.56,40.00,1,-1,-1,-1
163,4,448.21,453.50,44.59,43.08,1,-1,-1,-1
164,1,796.00,1317.03,42.00,40.00,1,-1,-1,-1
164,2,690.20,1318.00,41.60,40.00,1,-1,-1,-1
164,4,448.19,454.13,44.64,43.07,1,-1,-1,-1
165,1,796.00,1317.01,42.00,40.00,1,-1,-1,-1
165,2,690.18,1318.00,41.64,40.00,1,-1,-1,-1
165,4,448.83,455.65,44.67,43.07,1,-1,-1,-1
166,1,796.00,1317.00,42.00,40.00,1,-1,-1,-1
166,2,690.16,1318.00,41.67,40.00,1,-1,-1,-1
166,4,449.16,456.86,44.51,43.06,1,-1,-1,-1
167,1,796.00,1317.00,42.00,40.00,1,-1,-1,-1
167,2,690.15,1318.00,41.70,40.00,1,-1,-1,-1
167,4,450.94,458.60,43.78,42.39,1,-1,-1,-1
168,1,796.00,1317.00,42.00,40.00,1,-1,-1,-1
168,2,690.13,1318.00,41.73,40.00,1,-1,-1,-1
168,4,452.86,460.54,42.31,40.81,1,-1,-1,-1
169,1,796.00,1317.00,42.00,40.00,1,-1,-1,-1
169,2,690.12,1318.00,41.76,40.00,1,-1,-1,-1
169,4,455.94,461.90,41.74,40.21,1,-1,-1,-1
170,1,796.00,1317.00,42.00,40.00,1,-1,-1,-1
170,2,690.11,1318.00,41.78,40.00,1,-1,-1,-1
170,4,457.70,463.69,41.57,40.00,1,-1,-1,-1
171,1,796.00,1317.00,42.00,40.00,1,-1,-1,-1
171,2,690.10,1318.00,41.80,40.00,1,-1,-1,-1
171,4,458.60,464.98,41.63,39.93,1,-1,-1,-1
172,1,796.00,1317.00,42.00,40.00,1,-1,-1,-1
172,2,690.09,1318.00,41.82,40.00,1,-1,-1,-1
172,4,459.60,466.07,42.93,41.24,1,-1,-1,-1
173,1,796.00,1317.00,42.00,40.00,1,-1,-1,-1
173,2,690.08,1318.00,41.84,40.00,1,-1,-1,-1
173,4,459.67,465.79,43.95,42.39,1,-1,-1,-1
174,1,796.00,1317.00,42.00,40.00,1,-1,-1,-1
174,2,690.17,1318.00,41.66,40.00,1,-1,-1,-1
174,4,460.37,466.95,44.26,42.83,1,-1,-1,-1
175,1,796.00,1317.00,42.00,40.00,1,-1,-1,-1
175,2,690.15,1318.00,41.69,40.00,1,-1,-1,-1
175,4,460.65,468.01,44.29,42.99,1,-1,-1,-1
176,1,796.00,1317.00,42.00,40.00,1,-1,-1,-1
176,2,690.14,1318.00,41.72,40.00,1,-1,-1,-1
176,4,461.05,470.34,43.65,42.39,1,-1,-1,-1
177,1,796.00,1317.00,42.00,40.00,1,-1,-1,-1
177,2,690.22,1318.00,41.56,40.00,1,-1,-1,-1
177,4,461.18,472.51,43.38,42.16,1,-1,-1,-1
178,1,796.00,1317.00,42.00,40.00,1,-1,-1,-1
178,2,690.20,1318.00,41.60,40.00,1,-1,-1,-1
178,4,460.91,473.27,43.85,42.73,1,-1,-1,-1
179,1,796.00,1317.00,42.00,40.00,1,-1,-1,-1
179,2,690.28,1318.00,41.45,40.00,1,-1,-1,-1
179,4,460.17,474.84,43.96,42.94,1,-1,-1,-1
180,1,796.00,1317.00,42.00,40.00,1,-1,-1,-1
180,2,690.34,1318.00,41.31,40.00,1,-1,-1,-1
180,4,459.53,478.01,43.37,42.36,1,-1,-1,-1
181,1,796.00,1317.00,42.00,40.00,1,-1,-1,-1
181,2,690.31,1318.00,41.38,40.00,1,-1,-1,-1
181,4,458.61,480.49,43.13,42.13,1,-1,-1,-1
182,1,796.00,1317.66,42.00,40.00,1,-1,-1,-1
182,2,690.28,1318.00,41.44,40.00,1,-1,-1,-1
182,4,458.55,483.35,41.79,40.72,1,-1,-1,-1
183,1,796.00,1317.91,42.00,40.00,1,-1,-1,-1
183,2,690.35,1318.00,41.30,40.00,1,-1,-1,-1
183,4,457.82,485.03,41.34,40.19,1,-1,-1,-1
184,1,796.00,1317.34,42.00,40.00,1,-1,-1,-1
184,2,690.32,1318.00,41.37,40.00,1,-1,-1,-1
184,4,456.48,486.92,41.32,40.00,1,-1,-1,-1
185,1,796.00,1317.78,42.00,40.00,1,-1,-1,-1
185,2,690.29,1318.00,41.43,40.00,1,-1,-1,-1
185,4,455.93,488.89,41.41,39.93,1,-1,-1,-1
186,1,796.00,1317.29,42.00,40.00,1,-1,-1,-1
186,2,690.26,1318.00,41.48,40.00,1,-1,-1,-1
186,4,455.41,490.89,41.44,39.92,1,-1,-1,-1
187,1,796.00,1317.10,42.00,40.00,1,-1,-1,-1
187,2,690.23,1318.00,41.53,40.00,1,-1,-1,-1
187,4,455.20,492.89,41.49,39.92,1,-1,-1,-1
188,1,796.00,1317.03,42.00,40.00,1,-1,-1,-1
188,2,690.21,1318.00,41.57,40.00,1,-1,-1,-1
188,4,454.46,494.90,41.54,39.93,1,-1,-1,-1
189,1,796.00,1317.00,42.00,40.00,1,-1,-1,-1
189,2,690.19,1318.00,41.62,40.00,1,-1,-1,-1
189,4,453.21,496.92,42.86,41.26,1,-1,-1,-1
190,1,796.00,1316.99,42.00,40.00,1,-1,-1,-1
190,2,690.17,1318.00,41.65,40.00,1,-1,-1,-1
190,4,453.72,499.58,42.06,40.45,1,-1,-1,-1
191,1,796.00,1316.99,42.00,40.00,1,-1,-1,-1
191,2,690.16,1318.00,41.69,40.00,1,-1,-1,-1
191,4,453.26,502.51,41.77,40.13,1,-1,-1,-1
192,1,796.00,1316.99,42.00,40.00,1,-1,-1,-1
192,2,690.24,1318.00,41.52,40.00,1,-1,-1,-1
192,4,453.09,504.85,41.69,40.02,1,-1,-1,-1
193,1,796.00,1316.99,42.00,40.00,1,-1,-1,-1
193,2,690.21,1318.00,41.57,40.00,1,-1,-1,-1
193,4,453.03,507.64,41.68,39.98,1,-1,-1,-1
194,1,796.00,1316.99,42.00,40.00,1,-1,-1,-1
194,2,690.29,1318.00,41.42,40.00,1,-1,-1,-1
194,4,451.38,509.94,42.97,41.29,1,-1,-1,-1
195,1,796.00,1316.99,42.00,40.00,1,-1,-1,-1
195,2,690.36,1318.00,41.29,40.00,1,-1,-1,-1
195,4,450.79,512.69,43.41,41.78,1,-1,-1,-1
196,1,796.00,1316.99,42.00,40.00,1,-1,-1,-1
196,2,690.32,1318.00,41.35,40.00,1,-1,-1,-1
196,4,449.94,515.63,43.55,41.97,1,-1,-1,-1
197,1,796.00,1316.99,42.00,40.00,1,-1,-1,-1
197,2,690.29,1318.00,41.41,40.00,1,-1,-1,-1
197,4,448.99,517.98,43.56,42.03,1,-1,-1,-1
198,1,796.00,1316.99,42.00,40.00,1,-1,-1,-1
198,2,690.26,1318.00,41.47,40.00,1,-1,-1,-1
198,4,449.25,520.76,42.37,40.74,1,-1,-1,-1
199,1,796.00,1317.00,42.00,40.00,1,-1,-1,-1
199,2,690.24,1318.00,41.52,40.00,1,-1,-1,-1
199,4,449.05,523.04,41.88,40.24,1,-1,-1,-1
200,1,796.00,1317.00,42.00,40.00,1,-1,-1,-1
200,2,690.22,1318.00,41.57,40.00,1,-1,-1,-1
200,4,448.41,525.80,41.54,40.05,1,-1,-1,-1
201,1,796.00,1317.00,42.00,40.00,1,-1,-1,-1
201,2,690.20,1318.00,41.61,40.00,1,-1,-1,-1
201,4,448.23,528.07,41.33,39.99,1,-1,-1,-1
202,1,796.00,1317.00,42.00,40.00,1,-1,-1,-1
202,2,690.18,1318.00,41.65,40.00,1,-1,-1,-1
202,4,448.78,530.82,41.37,39.97,1,-1,-1,-1
203,1,796.00,1317.00,42.00,40.00,1,-1,-1,-1
203,2,690.16,1318.00,41.68,40.00,1,-1,-1,-1
203,4,448.42,533.08,41.23,39.96,1,-1,-1,-1
204,1,796.00,1317.00,42.00,40.00,1,-1,-1,-1
204,2,690.15,1318.00,41.71,40.00,1,-1,-1,-1
204,4,449.57,535.17,41.30,39.96,1,-1,-1,-1
205,1,796.00,1317.00,42.00,40.00,1,-1,-1,-1
205,2,690.13,1318.00,41.74,40.00,1,-1,-1,-1
205,4,449.99,537.18,41.37,39.97,1,-1,-1,-1
206,1,796.00,1317.00,42.00,40.00,1,-1,-1,-1
206,2,690.12,1318.00,41.76,40.00,1,-1,-1,-1
206,4,450.80,538.51,41.43,39.97,1,-1,-1,-1
207,1,796.00,1317.00,42.00,40.00,1,-1,-1,-1
207,2,690.11,1318.00,41.79,40.00,1,-1,-1,-1
207,4,451.75,539.59,41.48,39.97,1,-1,-1,-1
208,1,796.00,1317.00,42.00,40.00,1,-1,-1,-1
208,2,690.10,1318.00,41.81,40.00,1,-1,-1,-1
208,4,452.76,541.23,41.53,39.98,1,-1,-1,-1
209,1,796.00,1317.00,42.00,40.00,1,-1,-1,-1
209,2,690.18,1318.00,41.63,40.00,1,-1,-1,-1
209,4,452.81,541.77,42.85,41.30,1,-1,-1,-1
210,1,796.00,1317.00,42.00,40.00,1,-1,-1,-1
210,2,690.17,1318.00,41.67,40.00,1,-1,-1,-1
210,4,453.42,543.22,42.15,40.49,1,-1,-1,-1
211,1,796.00,1317.00,42.00,40.00,1,-1,-1,-1
211,2,690.15,1318.00,41.70,40.00,1,-1,-1,-1
211,4,453.68,544.36,43.13,41.50,1,-1,-1,-1
212,1,796.00,1317.00,42.00,40.00,1,-1,-1,-1
212,2,690.14,1318.00,41.73,40.00,1,-1,-1,-1
212,4,453.79,546.04,43.46,41.87,1,-1,-1,-1
213,1,796.00,1317.00,42.00,40.00,1,-1,-1,-1
213,2,690.12,1318.00,41.75,40.00,1,-1,-1,-1
213,4,453.84,547.27,43.54,42.01,1,-1,-1,-1
214,1,796.00,1317.00,42.00,40.00,1,-1,-1,-1
214,2,690.11,1318.00,41.78,40.00,1,-1,-1,-1
214,4,453.87,548.99,43.54,42.05,1,-1,-1,-1
215,1,796.00,1317.00,42.00,40.00,1,-1,-1,-1
215,2,690.10,1318.00,41.80,40.00,1,-1,-1,-1
215,4,453.88,550.89,43.51,42.06,1,-1,-1,-1
216,1,796.00,1317.00,42.00,40.00,1,-1,-1,-1
216,2,690.09,1318.00,41.82,40.00,1,-1,-1,-1
216,4,453.23,552.87,43.46,42.06,1,-1,-1,-1
217,1,796.00,1317.00,42.00,40.00,1,-1,-1,-1
217,2,690.08,1318.00,41.84,40.00,1,-1,-1,-1
217,4,452.92,556.19,42.26,40.74,1,-1,-1,-1
218,1,796.00,1317.00,42.00,40.00,1,-1,-1,-1
218,2,690.17,1318.00,41.66,40.00,1,-1,-1,-1
218,4,452.16,558.70,43.06,41.57,1,-1,-1,-1
219,1,796.00,1317.00,42.00,40.00,1,-1,-1,-1
219,2,690.25,1318.00,41.50,40.00,1,-1,-1,-1
219,4,452.85,560.89,42.07,40.56,1,-1,-1,-1
220,1,796.00,1317.00,42.00,40.00,1,-1,-1,-1
220,2,690.23,1318.00,41.55,40.00,1,-1,-1,-1
220,4,453.11,563.63,41.71,40.16,1,-1,-1,-1
221,1,796.00,1317.00,42.00,40.00,1,-1,-1,-1
221,2,690.20,1318.00,41.59,40.00,1,-1,-1,-1
221,4,452.52,566.57,41.61,40.02,1,-1,-1,-1
222,1,796.00,1317.00,42.00,40.00,1,-1,-1,-1
222,2,690.18,1318.00,41.63,40.00,1,-1,-1,-1
222,4,452.39,568.92,41.40,39.97,1,-1,-1,-1
223,1,796.00,1317.00,42.00,40.00,1,-1,-1,-1
223,2,690.17,1318.00,41.67,40.00,1,-1,-1,-1
223,4,452.94,571.04,41.44,39.96,1,-1,-1,-1
224,1,796.00,1317.00,42.00,40.00,1,-1,-1,-1
224,2,690.15,1318.00,41.70,40.00,1,-1,-1,-1
224,4,453.24,573.74,41.30,39.96,1,-1,-1,-1
225,1,796.00,1317.00,42.00,40.00,1,-1,-1,-1
225,2,690.14,1318.00,41.73,40.00,1,-1,-1,-1
225,4,453.95,576.00,41.36,39.96,1,-1,-1,-1
226,1,796.00,1317.00,42.00,40.00,1,-1,-1,-1
226,2,690.12,1318.00,41.75,40.00,1,-1,-1,-1
226,4,454.86,578.08,41.43,39.96,1,-1,-1,-1
227,1,796.00,1317.00,42.00,40.00,1,-1,-1,-1
227,2,690.11,1318.00,41.78,40.00,1,-1,-1,-1
227,4,455.84,580.11,41.48,39.97,1,-1,-1,-1
228,1,796.00,1317.00,42.00,40.00,1,-1,-1,-1
228,2,690.10,1318.00,41.80,40.00,1,-1,-1,-1
228,4,456.95,582.77,41.34,39.97,1,-1,-1,-1
229,1,796.00,1317.00,42.00,40.00,1,-1,-1,-1
229,2,690.19,1318.00,41.63,40.00,1,-1,-1,-1
229,4,457.96,585.01,41.40,39.97,1,-1,-1,-1
230,1,796.00,1317.00,42.00,40.00,1,-1,-1,-1
230,2,690.17,1318.00,41.66,40.00,1,-1,-1,-1
230,4,457.93,586.43,41.56,39.98,1,-1,-1,-1
231,1,796.00,1317.00,42.00,40.00,1,-1,-1,-1
231,2,690.25,1318.00,41.50,40.00,1,-1,-1,-1
231,4,458.52,588.20,41.69,39.98,1,-1,-1,-1
232,1,796.00,1317.00,42.00,40.00,1,-1,-1,-1
232,2,690.22,1318.00,41.55,40.00,1,-1,-1,-1
232,4,458.10,590.77,43.00,41.30,1,-1,-1,-1
233,1,796.00,1317.00,42.00,40.00,1,-1,-1,-1
233,2,690.30,1318.00,41.40,40.00,1,-1,-1,-1
233,4,457.30,592.98,43.45,41.80,1,-1,-1,-1
234,1,796.00,1317.00,42.00,40.00,1,-1,-1,-1
234,2,690.27,1318.00,41.46,40.00,1,-1,-1,-1
234,4,456.92,595.71,42.42,40.68,1,-1,-1,-1
235,1,796.00,1317.00,42.00,40.00,1,-1,-1,-1
235,2,690.24,1318.00,41.51,40.00,1,-1,-1,-1
235,4,456.07,597.98,42.08,40.23,1,-1,-1,-1
236,1,796.00,1317.00,42.00,40.00,1,-1,-1,-1
236,2,690.22,1318.00,41.56,40.00,1,-1,-1,-1
236,4,455.43,600.07,41.92,40.07,1,-1,-1,-1
237,1,796.00,1317.00,42.00,40.00,1,-1,-1,-1
237,2,690.20,1318.00,41.60,40.00,1,-1,-1,-1
237,4,452.81,602.10,41.97,40.01,1,-1,-1,-1
238,1,796.00,1317.00,42.00,40.00,1,-1,-1,-1
238,2,690.18,1318.00,41.64,40.00,1,-1,-1,-1
238,4,449.89,603.44,43.24,41.31,1,-1,-1,-1
239,1,796.00,1317.00,42.00,40.00,1,-1,-1,-1
239,2,690.16,1318.00,41.67,40.00,1,-1,-1,-1
239,4,447.53,605.19,43.66,41.80,1,-1,-1,-1
240,1,796.00,1317.00,42.00,40.00,1,-1,-1,-1
240,2,690.24,1318.00,41.51,40.00,1,-1,-1,-1
240,4,445.35,606.43,43.77,41.98,1,-1,-1,-1
241,1,796.00,1317.00,42.00,40.00,1,-1,-1,-1
241,2,690.22,1318.00,41.56,40.00,1,-1,-1,-1
241,4,443.26,608.14,43.76,42.05,1,-1,-1,-1
242,1,796.00,1317.00,42.00,40.00,1,-1,-1,-1
242,2,690.20,1318.00,41.60,40.00,1,-1,-1,-1
242,4,441.21,610.03,43.71,42.06,1,-1,-1,-1
243,1,796.00,1317.00,42.00,40.00,1,-1,-1,-1
243,2,690.18,1318.00,41.64,40.00,1,-1,-1,-1
243,4,439.54,610.67,44.24,42.72,1,-1,-1,-1
244,1,796.00,1317.66,42.00,40.00,1,-1,-1,-1
244,2,690.16,1318.00,41.67,40.00,1,-1,-1,-1
244,4,439.28,613.47,43.76,42.31,1,-1,-1,-1
245,1,796.00,1317.25,42.00,40.00,1,-1,-1,-1
245,2,690.15,1318.00,41.71,40.00,1,-1,-1,-1
245,4,439.90,616.45,43.55,42.15,1,-1,-1,-1
246,1,796.00,1317.09,42.00,40.00,1,-1,-1,-1
246,2,690.23,1318.00,41.54,40.00,1,-1,-1,-1
246,4,441.51,620.14,43.44,42.08,1,-1,-1,-1
247,1,796.00,1317.03,42.00,40.00,1,-1,-1,-1
247,2,690.21,1318.00,41.59,40.00,1,-1,-1,-1
247,4,443.48,623.44,43.38,42.05,1,-1,-1,-1
248,1,796.00,1317.01,42.00,40.00,1,-1,-1,-1
248,2,690.19,1318.00,41.63,40.00,1,-1,-1,-1
248,4,445.50,627.24,42.17,40.72,1,-1,-1,-1
249,1,796.00,1317.00,42.00,40.00,1,-1,-1,-1
249,2,690.17,1318.00,41.66,40.00,1,-1,-1,-1
249,4,446.99,630.58,42.98,41.55,1,-1,-1,-1
250,1,796.00,1317.00,42.00,40.00,1,-1,-1,-1
250,2,690.15,1318.00,41.69,40.00,1,-1,-1,-1
250,4,449.45,633.71,42.09,40.53,1,-1,-1,-1
251,1,796.00,1317.00,42.00,40.00,1,-1,-1,-1
251,2,690.14,1318.00,41.72,40.00,1,-1,-1,-1
251,4,452.06,636.79,41.73,40.14,1,-1,-1,-1
252,1,796.00,1317.00,42.00,40.00,1,-1,-1,-1
252,2,690.13,1318.00,41.75,40.00,1,-1,-1,-1
252,4,453.67,639.83,41.62,40.00,1,-1,-1,-1
253,1,796.00,1317.00,42.00,40.00,1,-1,-1,-1
253,2,690.11,1318.00,41.77,40.00,1,-1,-1,-1
253,4,454.91,642.85,41.61,39.96,1,-1,-1,-1
254,1,796.00,1317.00,42.00,40.00,1,-1,-1,-1
254,2,690.10,1318.00,41.79,40.00,1,-1,-1,-1
254,4,455.99,645.21,41.63,39.94,1,-1,-1,-1
255,1,796.00,1317.00,42.00,40.00,1,-1,-1,-1
255,2,690.09,1318.00,41.81,40.00,1,-1,-1,-1
255,4,456.36,647.31,41.66,39.94,1,-1,-1,-1
256,1,796.00,1317.00,42.00,40.00,1,-1,-1,-1
256,2,690.08,1318.00,41.83,40.00,1,-1,-1,-1
256,4,456.46,649.99,41.69,39.95,1,-1,-1,-1
257,1,796.00,1317.00,42.00,40.00,1,-1,-1,-1
257,2,690.08,1318.00,41.85,40.00,1,-1,-1,-1
257,4,456.46,651.55,41.72,39.95,1,-1,-1,-1
258,1,796.00,1317.00,42.00,40.00,1,-1,-1,-1
258,2,690.07,1318.00,41.86,40.00,1,-1,-1,-1
258,4,456.43,652.70,41.75,39.96,1,-1,-1,-1
259,1,796.00,1317.00,42.00,40.00,1,-1,-1,-1
259,2,690.06,1318.00,41.88,40.00,1,-1,-1,-1
259,4,456.39,653.70,41.77,39.96,1,-1,-1,-1
260,1,796.00,1317.00,42.00,40.00,1,-1,-1,-1
260,2,690.06,1318.00,41.89,40.00,1,-1,-1,-1
260,4,456.35,654.65,41.80,39.97,1,-1,-1,-1
261,1,796.00,1317.00,42.00,40.00,1,-1,-1,-1
261,2,690.05,1318.00,41.90,40.00,1,-1,-1,-1
261,4,456.31,654.92,41.82,39.97,1,-1,-1,-1
262,1,796.00,1317.00,42.00,40.00,1,-1,-1,-1
262,2,690.05,1318.00,41.91,40.00,1,-1,-1,-1
262,4,456.94,655.61,41.83,39.97,1,-1,-1,-1
263,1,796.00,1317.00,42.00,40.00,1,-1,-1,-1
263,2,690.04,1318.00,41.92,40.00,1,-1,-1,-1
263,4,456.18,656.46,43.13,41.30,1,-1,-1,-1
264,1,796.00,1317.00,42.00,40.00,1,-1,-1,-1
264,2,690.04,1318.00,41.93,40.00,1,-1,-1,-1
264,4,456.57,657.38,43.57,41.80,1,-1,-1,-1
265,1,796.00,1317.00,42.00,40.00,1,-1,-1,-1
265,2,690.03,1318.00,41.93,40.00,1,-1,-1,-1
265,4,457.09,657.68,44.27,42.64,1,-1,-1,-1
266,1,796.00,1317.00,42.00,40.00,1,-1,-1,-1
266,2,690.03,1318.00,41.94,40.00,1,-1,-1,-1
266,4,458.54,659.04,44.63,42.95,1,-1,-1,-1
267,1,796.00,1317.00,42.00,40.00,1,-1,-1,-1
267,2,690.03,1318.00,41.94,40.00,1,-1,-1,-1
267,4,459.73,660.82,44.78,43.06,1,-1,-1,-1
268,1,796.00,1317.00,42.00,40.00,1,-1,-1,-1
268,2,690.02,1318.00,41.95,40.00,1,-1,-1,-1
268,4,460.25,663.41,44.65,43.10,1,-1,-1,-1
269,1,796.00,1317.00,42.00,40.00,1,-1,-1,-1
269,2,690.02,1318.00,41.95,40.00,1,-1,-1,-1
269,4,461.69,666.31,44.70,43.10,1,-1,-1,-1
270,1,796.00,1317.00,42.00,40.00,1,-1,-1,-1
270,2,690.02,1318.00,41.96,40.00,1,-1,-1,-1
270,4,462.60,669.98,43.96,42.44,1,-1,-1,-1
271,1,796.00,1317.00,42.00,40.00,1,-1,-1,-1
271,2,690.02,1318.00,41.96,40.00,1,-1,-1,-1
271,4,462.93,673.29,43.64,42.18,1,-1,-1,-1
272,1,796.00,1317.00,42.00,40.00,1,-1,-1,-1
272,2,690.02,1318.00,41.97,40.00,1,-1,-1,-1
272,4,464.67,676.45,42.23,40.76,1,-1,-1,-1
273,1,796.00,1317.00,42.00,40.00,1,-1,-1,-1
273,2,690.01,1318.00,41.97,40.00,1,-1,-1,-1
273,4,464.62,679.55,41.72,40.21,1,-1,-1,-1
274,1,796.00,1317.00,42.00,40.00,1,-1,-1,-1
274,2,690.01,1318.00,41.97,40.00,1,-1,-1,-1
274,4,463.89,682.62,41.56,40.02,1,-1,-1,-1
275,1,796.00,1317.00,42.00,40.00,1,-1,-1,-1
275,2,690.01,1318.00,41.98,40.00,1,-1,-1,-1
275,4,462.92,686.33,41.54,39.95,1,-1,-1,-1
276,1,796.00,1317.00,42.00,40.00,1,-1,-1,-1
276,2,690.01,1318.00,41.98,40.00,1,-1,-1,-1
276,4,462.18,690.29,39.59,37.94,1,-1,-1,-1
277,1,796.00,1317.00,42.00,40.00,1,-1,-1,-1
277,2,690.01,1318.00,41.98,40.00,1,-1,-1,-1
277,4,460.49,693.00,38.94,37.18,1,-1,-1,-1
278,1,796.00,1317.00,42.00,40.00,1,-1,-1,-1
278,2,690.01,1318.00,41.98,40.00,1,-1,-1,-1
278,4,459.17,695.23,38.79,36.92,1,-1,-1,-1
279,1,796.00,1317.00,42.00,40.00,1,-1,-1,-1
279,2,690.01,1318.00,41.98,40.00,1,-1,-1,-1
279,4,456.40,696.62,40.63,38.86,1,-1,-1,-1
280,1,796.00,1317.00,42.00,40.00,1,-1,-1,-1
280,2,690.01,1318.00,41.99,40.00,1,-1,-1,-1
280,4,454.14,698.38,41.20,39.57,1,-1,-1,-1
281,1,796.00,1317.00,42.00,40.00,1,-1,-1,-1
281,2,690.01,1318.00,41.99,40.00,1,-1,-1,-1
281,4,451.93,699.62,41.53,39.85,1,-1,-1,-1
282,1,796.00,1317.00,42.00,40.00,1,-1,-1,-1
282,2,690.01,1318.00,41.99,40.00,1,-1,-1,-1
282,4,448.82,699.99,42.94,41.27,1,-1,-1,-1
283,1,796.00,1317.00,42.00,40.00,1,-1,-1,-1
283,2,690.01,1318.00,41.99,40.00,1,-1,-1,-1
283,4,447.05,700.72,43.43,41.80,1,-1,-1,-1
284,1,796.00,1317.00,42.00,40.00,1,-1,-1,-1
284,2,690.10,1318.00,41.80,40.00,1,-1,-1,-1
284,4,445.12,702.23,43.57,42.00,1,-1,-1,-1
285,1,796.00,1317.00,42.00,40.00,1,-1,-1,-1
285,2,690.09,1318.00,41.82,40.00,1,-1,-1,-1
285,4,442.84,702.08,44.17,42.73,1,-1,-1,-1
286,1,796.00,1317.00,42.00,40.00,1,-1,-1,-1
286,2,690.08,1318.00,41.84,40.00,1,-1,-1,-1
286,4,441.41,703.26,44.31,43.00,1,-1,-1,-1
287,1,796.00,1317.00,42.00,40.00,1,-1,-1,-1
287,2,690.07,1318.00,41.85,40.00,1,-1,-1,-1
287,4,440.85,704.96,44.47,43.09,1,-1,-1,-1
288,1,796.00,1317.00,42.00,40.00,1,-1,-1,-1
288,2,690.07,1318.00,41.87,40.00,1,-1,-1,-1
288,4,440.67,706.86,44.56,43.11,1,-1,-1,-1
289,1,796.00,1317.00,42.00,40.00,1,-1,-1,-1
289,2,690.06,1318.00,41.88,40.00,1,-1,-1,-1
289,4,440.64,709.49,44.61,43.12,1,-1,-1,-1
290,1,796.00,1317.00,42.00,40.00,1,-1,-1,-1
290,2,690.05,1318.00,41.89,40.00,1,-1,-1,-1
290,4,441.04,713.06,43.88,42.45,1,-1,-1,-1
291,1,796.00,1317.00,42.00,40.00,1,-1,-1,-1
291,2,690.05,1318.00,41.90,40.00,1,-1,-1,-1
291,4,442.57,716.33,43.57,42.19,1,-1,-1,-1
292,1,796.00,1317.00,42.00,40.00,1,-1,-1,-1
292,2,690.04,1318.00,41.91,40.00,1,-1,-1,-1
292,4,443.85,719.47,43.43,42.09,1,-1,-1,-1
293,1,796.00,1317.00,42.00,40.00,1,-1,-1,-1
293,2,690.04,1318.00,41.92,40.00,1,-1,-1,-1
293,4,445.69,723.21,43.35,42.05,1,-1,-1,-1
294,1,796.00,1317.00,42.00,40.00,1,-1,-1,-1
294,2,690.04,1318.00,41.93,40.00,1,-1,-1,-1
294,4,447.06,726.52,43.31,42.03,1,-1,-1,-1
295,1,796.00,1317.00,42.00,40.00,1,-1,-1,-1
295,2,690.03,1318.00,41.93,40.00,1,-1,-1,-1
295,4,448.26,729.66,43.27,42.02,1,-1,-1,-1
296,1,796.00,1317.00,42.00,40.00,1,-1,-1,-1
296,2,690.13,1318.00,41.75,40.00,1,-1,-1,-1
296,4,449.38,732.74,43.24,42.02,1,-1,-1,-1
297,1,796.00,1317.00,42.00,40.00,1,-1,-1,-1
297,2,690.11,1318.00,41.77,40.00,1,-1,-1,-1
297,4,449.80,735.78,43.22,42.01,1,-1,-1,-1
298,1,796.00,1317.00,42.00,40.00,1,-1,-1,-1
298,2,690.10,1318.00,41.80,40.00,1,-1,-1,-1
298,4,449.96,738.15,43.20,42.01,1,-1,-1,-1
299,1,796.00,1317.00,42.00,40.00,1,-1,-1,-1
299,2,690.09,1318.00,41.81,40.00,1,-1,-1,-1
299,4,450.29,739.60,43.95,42.67,1,-1,-1,-1
300,1,796.00,1317.00,42.00,40.00,1,-1,-1,-1
300,2,690.08,1318.00,41.83,40.00,1,-1,-1,-1
300,4,449.82,741.38,44.08,42.92,1,-1,-1,-1
301,1,796.00,1317.00,42.00,40.00,1,-1,-1,-1
301,2,690.08,1318.00,41.85,40.00,1,-1,-1,-1
301,4,450.23,743.93,44.25,43.01,1,-1,-1,-1
302,1,796.00,1317.00,42.00,40.00,1,-1,-1,-1
302,2,690.07,1318.00,41.86,40.00,1,-1,-1,-1
302,4,449.79,746.78,44.17,43.04,1,-1,-1,-1
303,1,796.00,1317.00,42.00,40.00,1,-1,-1,-1
303,2,690.16,1318.00,41.69,40.00,1,-1,-1,-1
303,4,449.94,750.41,43.49,42.39,1,-1,-1,-1
304,1,796.00,1317.00,42.00,40.00,1,-1,-1,-1
304,2,690.14,1318.00,41.72,40.00,1,-1,-1,-1
304,4,450.66,753.00,43.22,42.14,1,-1,-1,-1
305,1,796.00,1317.00,42.00,40.00,1,-1,-1,-1
305,2,690.13,1318.00,41.74,40.00,1,-1,-1,-1
305,4,451.59,754.54,43.12,42.04,1,-1,-1,-1
306,1,796.00,1317.00,42.00,40.00,1,-1,-1,-1
306,2,690.21,1318.00,41.58,40.00,1,-1,-1,-1
306,4,452.59,756.35,43.07,42.01,1,-1,-1,-1
307,1,796.00,1317.00,42.00,40.00,1,-1,-1,-1
307,2,690.19,1318.00,41.62,40.00,1,-1,-1,-1
307,4,454.29,757.59,43.05,41.99,1,-1,-1,-1
308,1,796.00,1317.00,42.00,40.00,1,-1,-1,-1
308,2,690.17,1318.00,41.65,40.00,1,-1,-1,-1
308,4,455.57,758.63,43.05,41.99,1,-1,-1,-1
309,1,796.00,1317.00,42.00,40.00,1,-1,-1,-1
309,2,690.16,1318.00,41.69,40.00,1,-1,-1,-1
309,4,457.36,760.26,43.04,41.99,1,-1,-1,-1
310,1,796.00,1317.00,42.00,40.00,1,-1,-1,-1
310,2,690.24,1318.00,41.53,40.00,1,-1,-1,-1
310,4,458.68,762.78,43.04,41.99,1,-1,-1,-1
311,1,796.00,1317.00,42.00,40.00,1,-1,-1,-1
311,2,690.21,1318.00,41.57,40.00,1,-1,-1,-1
311,4,459.81,764.97,43.03,41.99,1,-1,-1,-1
312,1,796.00,1317.00,42.00,40.00,1,-1,-1,-1
312,2,690.19,1318.00,41.61,40.00,1,-1,-1,-1
312,4,460.86,767.70,43.03,41.99,1,-1,-1,-1
313,1,796.00,1317.00,42.00,40.00,1,-1,-1,-1
313,2,690.18,1318.00,41.65,40.00,1,-1,-1,-1
313,4,461.89,770.63,43.03,41.99,1,-1,-1,-1
314,1,796.00,1317.00,42.00,40.00,1,-1,-1,-1
314,2,690.16,1318.00,41.68,40.00,1,-1,-1,-1
314,4,462.25,773.63,43.02,41.99,1,-1,-1,-1
315,1,796.00,1317.00,42.00,40.00,1,-1,-1,-1
315,2,690.14,1318.00,41.71,40.00,1,-1,-1,-1
315,4,461.69,776.66,43.02,41.99,1,-1,-1,-1
316,1,796.00,1317.00,42.00,40.00,1,-1,-1,-1
316,2,690.13,1318.00,41.74,40.00,1,-1,-1,-1
316,4,460.79,779.69,43.02,42.00,1,-1,-1,-1
317,1,796.00,1317.00,42.00,40.00,1,-1,-1,-1
317,2,690.21,1318.00,41.57,40.00,1,-1,-1,-1
317,4,459.77,782.73,43.02,42.00,1,-1,-1,-1
318,1,796.00,1317.00,42.00,40.00,1,-1,-1,-1
318,2,690.19,1318.00,41.61,40.00,1,-1,-1,-1
318,4,458.04,786.42,43.02,42.00,1,-1,-1,-1
319,1,796.00,1317.00,42.00,40.00,1,-1,-1,-1
319,2,690.27,1318.00,41.46,40.00,1,-1,-1,-1
319,4,456.33,788.37,43.78,42.66,1,-1,-1,-1
320,1,796.00,1317.00,42.00,40.00,1,-1,-1,-1
320,2,690.24,1318.00,41.51,40.00,1,-1,-1,-1
320,4,454.08,792.96,43.35,42.25,1,-1,-1,-1
321,1,796.00,1317.00,42.00,40.00,1,-1,-1,-1
321,2,690.22,1318.00,41.56,40.00,1,-1,-1,-1
321,4,450.85,795.93,43.95,42.75,1,-1,-1,-1
322,1,796.00,1317.00,42.00,40.00,1,-1,-1,-1
322,2,690.20,1318.00,41.60,40.00,1,-1,-1,-1
322,4,447.66,798.92,44.22,42.94,1,-1,-1,-1
323,1,796.00,1317.00,42.00,40.00,1,-1,-1,-1
323,2,690.18,1318.00,41.64,40.00,1,-1,-1,-1
323,4,444.87,803.24,43.59,42.35,1,-1,-1,-1
324,1,796.00,1317.00,42.00,40.00,1,-1,-1,-1
324,2,690.16,1318.00,41.67,40.00,1,-1,-1,-1
324,4,441.86,807.41,43.33,42.12,1,-1,-1,-1
325,1,796.00,1317.00,42.00,40.00,1,-1,-1,-1
325,2,690.15,1318.00,41.70,40.00,1,-1,-1,-1
325,4,439.17,810.18,43.81,42.70,1,-1,-1,-1
326,1,796.00,1317.00,42.00,40.00,1,-1,-1,-1
326,2,690.23,1318.00,41.54,40.00,1,-1,-1,-1
326,4,437.48,813.75,44.11,42.91,1,-1,-1,-1
327,1,796.00,1317.00,42.00,40.00,1,-1,-1,-1
327,2,690.30,1318.00,41.39,40.00,1,-1,-1,-1
327,4,436.60,818.94,43.50,42.33,1,-1,-1,-1
328,1,795.34,1317.00,42.00,40.00,1,-1,-1,-1
328,2,690.37,1318.00,41.26,40.00,1,-1,-1,-1
328,4,435.67,823.43,43.26,42.11,1,-1,-1,-1
329,1,795.75,1317.00,42.00,40.00,1,-1,-1,-1
329,2,690.43,1318.00,41.14,40.00,1,-1,-1,-1
329,4,436.05,827.64,43.16,42.03,1,-1,-1,-1
329,5,651.30,1410.29,49.04,46.90,1,-1,-1,-1
330,1,795.91,1317.00,42.00,40.00,1,-1,-1,-1
330,2,691.35,1318.66,39.29,38.02,1,-1,-1,-1
330,4,436.52,831.07,43.89,42.66,1,-1,-1,-1
330,5,654.34,1407.27,46.57,44.50,1,-1,-1,-1
331,1,795.97,1317.00,42.00,40.00,1,-1,-1,-1
331,2,691.66,1318.91,38.68,37.26,1,-1,-1,-1
331,4,438.30,835.53,44.30,42.90,1,-1,-1,-1
331,5,656.91,1401.95,45.52,43.46,1,-1,-1,-1
332,1,795.99,1317.00,42.00,40.00,1,-1,-1,-1
332,2,691.72,1319.00,38.55,36.99,1,-1,-1,-1
332,4,440.01,839.72,44.45,42.99,1,-1,-1,-1
332,5,659.52,1397.46,45.16,43.11,1,-1,-1,-1
333,1,796.00,1317.00,42.00,40.00,1,-1,-1,-1
333,2,691.70,1319.03,38.60,36.91,1,-1,-1,-1
333,4,442.65,845.13,44.53,43.02,1,-1,-1,-1
333,5,661.05,1392.56,45.03,42.99,1,-1,-1,-1
334,1,796.00,1317.00,42.00,40.00,1,-1,-1,-1
334,2,691.65,1319.04,38.70,36.88,1,-1,-1,-1
334,4,444.59,850.99,44.68,43.03,1,-1,-1,-1
334,5,662.45,1387.53,45.19,42.96,1,-1,-1,-1
335,1,796.00,1317.00,42.00,40.00,1,-1,-1,-1
335,2,691.59,1319.04,38.81,36.88,1,-1,-1,-1
335,4,446.61,855.69,44.81,43.03,1,-1,-1,-1
335,5,663.58,1381.78,45.23,42.95,1,-1,-1,-1
336,1,796.00,1317.00,42.00,40.00,1,-1,-1,-1
336,2,691.54,1319.04,38.92,36.89,1,-1,-1,-1
336,4,447.99,861.27,44.93,43.03,1,-1,-1,-1
336,5,664.28,1377.15,45.21,42.95,1,-1,-1,-1
337,1,796.00,1317.00,42.00,40.00,1,-1,-1,-1
337,2,691.49,1319.03,39.03,36.90,1,-1,-1,-1
337,4,449.51,865.87,44.93,43.02,1,-1,-1,-1
337,5,665.15,1372.26,45.20,42.96,1,-1,-1,-1
338,1,796.00,1317.00,42.00,40.00,1,-1,-1,-1
338,2,690.59,1319.03,38.84,36.92,1,-1,-1,-1
338,4,450.45,872.06,44.16,42.36,1,-1,-1,-1
338,5,666.09,1367.27,45.19,42.96,1,-1,-1,-1
339,1,796.00,1317.00,42.00,40.00,1,-1,-1,-1
339,2,691.15,1319.02,38.95,36.93,1,-1,-1,-1
339,4,450.80,878.20,43.82,42.11,1,-1,-1,-1
339,5,666.68,1361.58,45.25,42.97,1,-1,-1,-1
340,1,796.00,1317.00,42.00,40.00,1,-1,-1,-1
340,2,690.49,1319.02,38.77,36.93,1,-1,-1,-1
340,4,450.93,883.64,43.66,42.02,1,-1,-1,-1
340,5,667.88,1356.31,45.23,42.97,1,-1,-1,-1
341,1,795.34,1317.00,42.00,40.00,1,-1,-1,-1
341,2,691.14,1319.02,38.89,36.94,1,-1,-1,-1
341,4,451.35,888.82,43.47,41.98,1,-1,-1,-1
341,5,669.04,1351.19,45.04,42.98,1,-1,-1,-1
342,1,795.75,1317.00,42.00,40.00,1,-1,-1,-1
342,2,691.35,1319.68,38.99,36.95,1,-1,-1,-1
342,4,449.83,893.23,43.41,41.97,1,-1,-1,-1
342,5,670.14,1345.47,44.86,42.98,1,-1,-1,-1
343,1,795.25,1317.00,42.00,40.00,1,-1,-1,-1
343,2,689.09,1319.93,41.08,38.94,1,-1,-1,-1
343,4,448.59,898.01,43.37,41.97,1,-1,-1,-1
343,5,671.49,1339.53,46.17,44.31,1,-1,-1,-1
344,1,795.72,1317.00,42.00,40.00,1,-1,-1,-1
344,2,682.68,1320.66,47.18,44.86,1,-1,-1,-1
344,4,448.52,902.94,41.87,40.65,1,-1,-1,-1
344,5,674.22,1332.22,47.37,45.46,1,-1,-1,-1
345,1,795.90,1317.00,42.00,40.00,1,-1,-1,-1
345,2,681.81,1320.85,47.97,45.62,1,-1,-1,-1
345,4,447.76,906.58,41.43,40.15,1,-1,-1,-1
345,5,675.39,1319.80,54.00,51.77,1,-1,-1,-1
346,1,795.97,1317.00,42.00,40.00,1,-1,-1,-1
346,4,446.19,909.08,42.51,41.31,1,-1,-1,-1
346,5,677.53,1314.54,55.59,53.49,1,-1,-1,-1
347,1,796.00,1317.00,42.00,40.00,1,-1,-1,-1
347,4,444.62,911.86,42.93,41.74,1,-1,-1,-1
347,5,680.24,1310.76,54.96,52.89,1,-1,-1,-1
348,1,796.00,1317.00,42.00,40.00,1,-1,-1,-1
348,4,443.38,915.37,43.08,41.91,1,-1,-1,-1
348,5,684.16,1307.59,52.74,50.66,1,-1,-1,-1
349,1,796.01,1317.00,42.00,40.00,1,-1,-1,-1
349,4,441.60,917.86,43.13,41.97,1,-1,-1,-1
349,5,686.90,1303.34,51.89,49.75,1,-1,-1,-1
350,1,796.01,1317.00,42.00,40.00,1,-1,-1,-1
350,4,440.96,921.29,43.14,42.00,1,-1,-1,-1
350,5,691.25,1297.98,50.73,48.73,1,-1,-1,-1
351,1,796.01,1317.00,42.00,40.00,1,-1,-1,-1
351,4,440.35,923.75,43.90,42.66,1,-1,-1,-1
351,5,697.79,1293.52,48.95,47.01,1,-1,-1,-1
352,1,796.01,1317.00,42.00,40.00,1,-1,-1,-1
352,2,688.13,1320.14,42.78,40.69,1,-1,-1,-1
352,4,439.47,926.52,44.23,42.91,1,-1,-1,-1
352,5,703.50,1288.74,48.27,46.35,1,-1,-1,-1
353,1,796.01,1317.00,42.00,40.00,1,-1,-1,-1
353,2,688.89,1320.05,41.97,40.19,1,-1,-1,-1
353,4,438.86,930.06,43.62,42.35,1,-1,-1,-1
353,5,709.83,1284.50,46.05,44.10,1,-1,-1,-1
354,1,796.01,1317.66,42.00,40.00,1,-1,-1,-1
354,2,689.18,1320.03,41.61,40.06,1,-1,-1,-1
354,4,438.67,933.24,43.37,42.13,1,-1,-1,-1
354,5,715.08,1279.12,47.29,45.29,1,-1,-1,-1
355,1,796.00,1317.91,42.00,40.00,1,-1,-1,-1
355,2,690.00,1319.35,41.37,40.01,1,-1,-1,-1
355,4,440.91,936.28,42.00,40.72,1,-1,-1,-1
355,5,719.54,1273.99,47.73,45.72,1,-1,-1,-1
356,1,796.00,1318.00,42.00,40.00,1,-1,-1,-1
356,2,690.23,1319.09,41.43,40.00,1,-1,-1,-1
356,4,442.43,938.60,41.52,40.19,1,-1,-1,-1
356,5,724.39,1268.94,47.91,45.89,1,-1,-1,-1
357,1,796.00,1318.03,42.00,40.00,1,-1,-1,-1
357,2,690.29,1319.00,41.48,39.99,1,-1,-1,-1
357,4,443.75,941.33,41.20,40.00,1,-1,-1,-1
357,5,728.82,1263.93,47.78,45.95,1,-1,-1,-1
358,1,795.41,1317.38,43.19,41.32,1,-1,-1,-1
358,2,690.29,1318.97,41.54,39.99,1,-1,-1,-1
358,4,446.27,943.55,41.02,39.94,1,-1,-1,-1
358,5,734.27,1259.60,47.83,45.98,1,-1,-1,-1
359,1,795.24,1317.13,43.53,41.81,1,-1,-1,-1
359,2,690.27,1318.30,41.59,39.99,1,-1,-1,-1
359,4,448.56,946.25,40.90,39.92,1,-1,-1,-1
359,5,739.48,1254.85,47.85,45.99,1,-1,-1,-1
360,1,795.23,1317.04,43.55,42.00,1,-1,-1,-1
360,2,690.25,1318.05,41.63,39.99,1,-1,-1,-1
360,4,450.10,948.46,40.81,39.92,1,-1,-1,-1
360,5,743.34,1250.61,49.05,47.32,1,-1,-1,-1
361,1,795.27,1317.00,43.47,42.06,1,-1,-1,-1
361,2,690.22,1317.96,41.67,39.99,1,-1,-1,-1
361,4,450.79,951.49,40.66,39.78,1,-1,-1,-1
361,5,749.31,1247.20,48.05,46.51,1,-1,-1,-1
362,1,795.33,1316.99,43.35,42.08,1,-1,-1,-1
362,2,690.20,1317.93,41.70,39.99,1,-1,-1,-1
362,5,754.68,1242.81,47.76,46.18,1,-1,-1,-1
363,1,795.39,1316.99,43.23,42.08,1,-1,-1,-1
363,2,690.18,1317.93,41.73,39.99,1,-1,-1,-1
363,5,759.90,1239.36,48.85,47.39,1,-1,-1,-1
364,1,795.44,1316.99,43.12,42.07,1,-1,-1,-1
364,2,690.16,1317.93,41.76,39.99,1,-1,-1,-1
364,5,765.71,1236.89,47.82,46.53,1,-1,-1,-1
365,1,795.50,1316.99,43.01,42.07,1,-1,-1,-1
365,2,690.14,1317.94,41.78,39.99,1,-1,-1,-1
365,4,453.48,962.13,40.96,39.93,1,-1,-1,-1
365,5,771.65,1233.51,47.54,46.19,1,-1,-1,-1
366,1,795.55,1316.99,42.91,42.06,1,-1,-1,-1
366,2,689.54,1317.95,42.98,41.32,1,-1,-1,-1
366,4,451.97,963.63,42.39,41.33,1,-1,-1,-1
366,5,777.74,1231.08,48.64,47.38,1,-1,-1,-1
367,1,796.16,1317.65,41.67,40.73,1,-1,-1,-1
367,2,688.33,1317.95,43.43,41.81,1,-1,-1,-1
367,4,450.82,966.13,42.85,41.80,1,-1,-1,-1
367,5,784.41,1229.63,47.83,46.52,1,-1,-1,-1
368,1,796.37,1317.90,41.26,40.22,1,-1,-1,-1
368,2,689.50,1317.96,42.31,40.69,1,-1,-1,-1
368,4,449.06,968.29,43.03,41.97,1,-1,-1,-1
368,5,789.08,1228.61,48.81,47.51,1,-1,-1,-1
369,1,796.42,1317.99,41.16,40.04,1,-1,-1,-1
369,2,689.94,1317.96,41.89,40.24,1,-1,-1,-1
369,4,447.99,969.67,43.86,42.69,1,-1,-1,-1
369,5,795.28,1227.67,49.16,47.87,1,-1,-1,-1
370,1,795.83,1317.36,42.35,41.30,1,-1,-1,-1
370,2,690.10,1317.97,41.75,40.08,1,-1,-1,-1
370,4,445.98,972.07,43.45,42.30,1,-1,-1,-1
370,5,803.66,1228.11,48.02,46.69,1,-1,-1,-1
371,1,795.64,1317.12,42.73,41.77,1,-1,-1,-1
371,2,690.15,1317.97,41.72,40.02,1,-1,-1,-1
371,4,445.21,975.52,43.27,42.15,1,-1,-1,-1
371,5,808.96,1228.43,48.88,47.56,1,-1,-1,-1
372,1,795.59,1317.03,42.82,41.95,1,-1,-1,-1
372,2,690.15,1317.97,41.72,39.99,1,-1,-1,-1
372,4,443.62,978.04,43.19,42.08,1,-1,-1,-1
372,5,815.09,1227.96,49.76,48.54,1,-1,-1,-1
373,1,795.60,1317.00,42.80,42.02,1,-1,-1,-1
373,2,690.15,1317.98,41.74,39.99,1,-1,-1,-1
373,4,443.98,980.88,41.91,40.74,1,-1,-1,-1
373,5,822.13,1229.83,49.45,48.25,1,-1,-1,-1
374,1,796.20,1317.65,41.60,40.72,1,-1,-1,-1
374,2,690.13,1317.98,41.76,39.99,1,-1,-1,-1
374,4,442.78,983.17,41.46,40.22,1,-1,-1,-1
374,5,828.93,1229.98,49.89,48.80,1,-1,-1,-1
375,1,795.81,1317.23,42.37,41.56,1,-1,-1,-1
375,2,690.12,1317.98,41.79,39.99,1,-1,-1,-1
375,4,441.10,985.25,41.15,40.03,1,-1,-1,-1
375,5,835.55,1232.07,49.41,48.34,1,-1,-1,-1
376,1,795.70,1317.07,42.61,41.86,1,-1,-1,-1
376,2,690.11,1317.98,41.81,39.99,1,-1,-1,-1
376,4,439.17,985.93,42.33,41.30,1,-1,-1,-1
376,5,841.80,1234.26,49.22,48.15,1,-1,-1,-1
377,1,796.25,1317.67,41.51,40.66,1,-1,-1,-1
377,2,690.10,1317.99,41.82,39.99,1,-1,-1,-1
377,4,437.48,986.78,42.81,41.77,1,-1,-1,-1
377,5,849.60,1235.78,49.04,48.08,1,-1,-1,-1
378,1,796.43,1317.90,41.15,40.20,1,-1,-1,-1
378,2,690.09,1317.99,41.84,39.99,1,-1,-1,-1
378,4,436.75,986.35,43.85,42.60,1,-1,-1,-1
378,5,856.88,1237.71,47.77,46.73,1,-1,-1,-1
379,1,796.46,1317.99,41.07,40.03,1,-1,-1,-1
379,2,690.08,1317.99,41.86,39.99,1,-1,-1,-1
379,4,435.60,986.77,46.07,44.88,1,-1,-1,-1
379,5,864.00,1239.14,47.33,46.21,1,-1,-1,-1
380,1,795.86,1316.69,42.27,41.30,1,-1,-1,-1
380,2,690.07,1317.99,41.87,39.99,1,-1,-1,-1
380,4,435.86,988.17,46.83,45.74,1,-1,-1,-1
380,5,870.47,1241.01,47.03,46.03,1,-1,-1,-1
381,1,795.67,1316.21,42.66,41.77,1,-1,-1,-1
381,2,690.07,1317.99,41.88,39.99,1,-1,-1,-1
381,4,436.67,989.30,47.06,46.06,1,-1,-1,-1
381,5,876.87,1243.04,45.13,43.97,1,-1,-1,-1
382,1,795.62,1316.68,42.76,41.95,1,-1,-1,-1
382,2,690.06,1317.99,41.89,39.99,1,-1,-1,-1
382,4,438.25,990.98,47.26,46.17,1,-1,-1,-1
382,5,883.05,1245.83,43.63,42.52,1,-1,-1,-1
383,1,794.59,1316.87,42.85,42.02,1,-1,-1,-1
383,2,690.05,1317.99,41.91,39.99,1,-1,-1,-1
383,4,440.16,992.87,47.38,46.19,1,-1,-1,-1
383,5,889.11,1248.18,43.10,42.01,1,-1,-1,-1
384,1,795.23,1316.94,42.79,42.04,1,-1,-1,-1
384,2,690.05,1317.99,41.91,40.00,1,-1,-1,-1
384,4,441.64,994.84,47.26,46.19,1,-1,-1,-1
384,5,892.73,1249.68,41.64,40.49,1,-1,-1,-1
385,1,794.47,1316.97,42.82,42.04,1,-1,-1,-1
385,2,690.04,1318.00,41.92,40.00,1,-1,-1,-1
385,4,442.79,996.84,47.33,46.17,1,-1,-1,-1
385,5,893.05,1251.56,41.17,39.96,1,-1,-1,-1
386,1,795.21,1316.98,42.74,42.04,1,-1,-1,-1
386,2,690.04,1318.00,41.93,40.00,1,-1,-1,-1
386,4,444.52,999.51,47.40,46.16,1,-1,-1,-1
386,5,890.54,1254.22,39.09,37.76,1,-1,-1,-1
387,1,794.48,1316.99,42.76,42.04,1,-1,-1,-1
387,2,690.03,1318.00,41.94,40.00,1,-1,-1,-1
387,4,445.81,1002.43,47.45,46.14,1,-1,-1,-1
387,5,885.57,1253.77,41.71,40.42,1,-1,-1,-1
388,1,794.20,1316.99,42.79,42.03,1,-1,-1,-1
388,2,690.03,1318.00,41.94,40.00,1,-1,-1,-1
388,4,447.02,1006.10,47.31,46.12,1,-1,-1,-1
388,5,878.93,1253.62,42.62,41.34,1,-1,-1,-1
389,1,795.13,1316.99,42.71,42.03,1,-1,-1,-1
389,2,690.03,1318.00,41.95,40.00,1,-1,-1,-1
389,4,448.16,1010.05,47.18,46.11,1,-1,-1,-1
389,5,872.18,1252.86,43.84,42.36,1,-1,-1,-1
390,1,795.50,1316.33,42.64,42.03,1,-1,-1,-1
390,2,690.03,1318.00,41.95,40.00,1,-1,-1,-1
390,4,450.12,1014.10,45.34,44.12,1,-1,-1,-1
390,5,864.93,1251.22,44.39,42.76,1,-1,-1,-1
391,1,796.23,1316.74,41.44,40.70,1,-1,-1,-1
391,2,690.02,1318.00,41.96,40.00,1,-1,-1,-1
391,4,451.18,1016.87,44.63,43.35,1,-1,-1,-1
391,5,856.16,1249.91,44.68,42.91,1,-1,-1,-1
392,1,796.48,1317.57,41.04,40.20,1,-1,-1,-1
392,2,690.02,1318.00,41.96,40.00,1,-1,-1,-1
392,4,452.58,1021.14,43.63,42.40,1,-1,-1,-1
392,5,847.22,1247.43,46.81,44.95,1,-1,-1,-1
393,1,795.95,1317.21,42.14,41.35,1,-1,-1,-1
393,2,690.02,1318.00,41.97,40.00,1,-1,-1,-1
393,4,453.41,1023.88,43.39,42.17,1,-1,-1,-1
393,5,836.48,1245.20,48.85,47.00,1,-1,-1,-1
394,1,795.77,1317.74,42.49,41.78,1,-1,-1,-1
394,2,690.02,1318.00,41.97,40.00,1,-1,-1,-1
394,4,454.65,1030.08,44.19,42.77,1,-1,-1,-1
394,5,827.25,1243.05,49.59,47.79,1,-1,-1,-1
395,1,795.72,1317.94,42.59,41.94,1,-1,-1,-1
395,2,690.01,1318.00,41.97,40.00,1,-1,-1,-1
395,4,456.02,1034.42,44.36,42.88,1,-1,-1,-1
395,5,817.64,1238.98,50.39,48.73,1,-1,-1,-1
396,1,795.72,1318.01,42.59,42.00,1,-1,-1,-1
396,2,690.01,1318.00,41.98,40.00,1,-1,-1,-1
396,4,456.75,1038.56,44.56,42.92,1,-1,-1,-1
396,5,809.09,1236.13,50.88,49.08,1,-1,-1,-1
397,1,795.74,1318.03,42.55,42.02,1,-1,-1,-1
397,2,690.01,1318.00,41.98,40.00,1,-1,-1,-1
397,4,456.73,1042.64,46.47,44.93,1,-1,-1,-1
397,5,801.99,1233.10,51.11,49.19,1,-1,-1,-1
398,1,796.33,1318.04,41.37,40.71,1,-1,-1,-1
398,2,690.01,1318.00,41.98,40.00,1,-1,-1,-1
398,4,457.41,1047.98,47.09,45.68,1,-1,-1,-1
398,5,794.61,1230.02,52.98,51.18,1,-1,-1,-1
399,1,796.52,1318.04,40.99,40.20,1,-1,-1,-1
399,2,690.01,1318.00,41.98,40.00,1,-1,-1,-1
399,4,458.98,1053.83,47.24,45.96,1,-1,-1,-1
399,5,788.11,1227.59,53.58,51.92,1,-1,-1,-1
400,1,796.55,1318.03,40.92,40.02,1,-1,-1,-1
400,2,690.01,1318.00,41.98,40.00,1,-1,-1,-1
400,4,461.10,1059.87,45.51,44.10,1,-1,-1,-1
400,5,784.71,1226.04,51.99,50.24,1,-1,-1,-1
401,1,796.53,1318.03,40.96,39.96,1,-1,-1,-1
401,2,690.01,1318.00,41.99,40.00,1,-1,-1,-1
401,4,461.52,1065.99,46.87,45.37,1,-1,-1,-1
401,5,782.29,1224.85,51.40,49.55,1,-1,-1,-1
402,1,796.49,1318.03,41.03,39.94,1,-1,-1,-1
402,2,690.01,1318.00,41.99,40.00,1,-1,-1,-1
402,4,462.39,1072.07,47.20,45.83,1,-1,-1,-1
402,5,780.30,1224.46,50.36,48.62,1,-1,-1,-1
403,1,795.86,1317.36,42.29,41.27,1,-1,-1,-1
403,2,690.01,1318.00,41.99,40.00,1,-1,-1,-1
403,4,464.62,1079.48,45.42,44.03,1,-1,-1,-1
403,5,778.80,1222.38,50.50,48.92,1,-1,-1,-1
404,1,796.23,1317.77,41.55,40.45,1,-1,-1,-1
404,2,690.01,1318.00,41.99,40.00,1,-1,-1,-1
404,4,466.37,1086.11,44.86,43.33,1,-1,-1,-1
404,5,778.06,1222.31,49.88,48.37,1,-1,-1,-1
405,1,795.76,1317.26,42.48,41.46,1,-1,-1,-1
405,2,690.00,1318.00,41.99,40.00,1,-1,-1,-1
405,4,467.98,1092.38,44.64,43.07,1,-1,-1,-1
405,5,778.62,1222.34,49.61,48.16,1,-1,-1,-1
406,1,796.19,1317.73,41.62,40.53,1,-1,-1,-1
406,2,690.00,1318.00,41.99,40.00,1,-1,-1,-1
406,4,469.47,1098.51,44.68,42.98,1,-1,-1,-1
406,5,780.61,1223.06,48.22,46.75,1,-1,-1,-1
407,1,795.75,1317.25,42.51,41.49,1,-1,-1,-1
407,2,690.00,1318.00,41.99,40.00,1,-1,-1,-1
407,4,471.94,1105.26,44.77,42.95,1,-1,-1,-1
407,5,782.17,1223.39,47.72,46.21,1,-1,-1,-1
408,1,796.19,1317.73,41.63,40.54,1,-1,-1,-1
408,2,690.00,1318.00,41.99,40.00,1,-1,-1,-1
408,4,473.56,1112.23,44.00,42.28,1,-1,-1,-1
408,5,783.49,1223.54,47.56,46.02,1,-1,-1,-1
409,1,795.75,1317.25,42.50,41.50,1,-1,-1,-1
409,2,690.00,1318.00,41.99,40.00,1,-1,-1,-1
409,4,475.73,1117.28,44.46,42.70,1,-1,-1,-1
409,5,784.81,1223.62,47.35,45.95,1,-1,-1,-1
410,1,796.19,1317.73,41.62,40.54,1,-1,-1,-1
410,2,690.00,1318.00,41.99,40.00,1,-1,-1,-1
410,4,477.43,1122.28,44.75,42.86,1,-1,-1,-1
410,5,787.30,1223.68,47.39,45.93,1,-1,-1,-1
411,1,796.34,1317.91,41.33,40.17,1,-1,-1,-1
411,2,690.00,1318.00,42.00,40.00,1,-1,-1,-1
411,4,479.68,1127.26,44.82,42.93,1,-1,-1,-1
411,5,788.94,1223.72,47.44,45.93,1,-1,-1,-1
412,1,796.37,1317.98,41.27,40.03,1,-1,-1,-1
412,2,690.00,1318.00,42.00,40.00,1,-1,-1,-1
412,4,482.07,1132.24,44.96,42.96,1,-1,-1,-1
412,5,791.56,1224.42,47.49,45.94,1,-1,-1,-1
413,1,796.36,1318.01,41.29,39.98,1,-1,-1,-1
413,2,690.00,1318.00,42.00,40.00,1,-1,-1,-1
413,4,483.98,1136.55,46.85,44.95,1,-1,-1,-1
413,5,793.88,1225.36,47.54,45.94,1,-1,-1,-1
414,1,796.33,1318.01,41.34,39.97,1,-1,-1,-1
414,2,690.00,1318.00,42.00,40.00,1,-1,-1,-1
414,4,486.87,1141.28,45.71,43.75,1,-1,-1,-1
414,5,795.49,1226.39,48.76,47.27,1,-1,-1,-1
415,1,795.72,1317.35,42.57,41.29,1,-1,-1,-1
415,2,690.00,1318.00,42.00,40.00,1,-1,-1,-1
415,4,490.25,1146.17,45.21,43.26,1,-1,-1,-1
415,5,799.32,1228.74,47.98,46.46,1,-1,-1,-1
416,1,795.52,1317.11,42.96,41.78,1,-1,-1,-1
416,2,690.00,1318.00,42.00,40.00,1,-1,-1,-1
416,4,495.56,1153.10,42.76,41.09,1,-1,-1,-1
416,5,801.14,1230.32,48.97,47.47,1,-1,-1,-1
417,1,795.48,1317.67,43.04,41.97,1,-1,-1,-1
417,2,690.00,1318.00,42.00,40.00,1,-1,-1,-1
417,4,500.21,1158.15,41.75,40.27,1,-1,-1,-1
417,5,803.78,1232.21,49.30,47.85,1,-1,-1,-1
418,1,795.50,1317.89,43.00,42.04,1,-1,-1,-1
418,2,690.00,1318.00,42.00,40.00,1,-1,-1,-1
418,4,504.54,1162.49,41.31,39.98,1,-1,-1,-1
418,5,807.70,1234.88,48.15,46.67,1,-1,-1,-1
419,1,795.54,1317.97,42.93,42.06,1,-1,-1,-1
419,2,690.00,1318.00,42.00,40.00,1,-1,-1,-1
419,4,508.74,1165.89,41.09,39.89,1,-1,-1,-1
419,5,810.17,1237.21,49.01,47.55,1,-1,-1,-1
420,1,795.58,1318.00,42.85,42.06,1,-1,-1,-1
420,2,690.00,1318.00,42.00,40.00,1,-1,-1,-1
420,4,512.23,1169.63,40.95,39.86,1,-1,-1,-1
420,5,813.69,1240.02,49.29,47.87,1,-1,-1,-1
421,1,795.62,1318.01,42.77,42.06,1,-1,-1,-1
421,2,690.00,1318.00,42.00,40.00,1,-1,-1,-1
421,4,516.68,1172.82,41.04,39.87,1,-1,-1,-1
421,5,819.23,1243.69,48.12,46.68,1,-1,-1,-1
422,1,795.65,1318.01,42.70,42.05,1,-1,-1,-1
422,2,690.00,1318.00,42.00,40.00,1,-1,-1,-1
422,4,519.23,1175.83,42.40,41.21,1,-1,-1,-1
422,5,823.92,1247.03,47.70,46.21,1,-1,-1,-1
423,1,795.69,1317.35,42.63,42.05,1,-1,-1,-1
423,2,690.00,1318.00,42.00,40.00,1,-1,-1,-1
423,4,522.72,1179.44,42.90,41.71,1,-1,-1,-1
423,5,828.23,1250.21,47.58,46.04,1,-1,-1,-1
424,1,796.29,1317.76,41.43,40.72,1,-1,-1,-1
424,2,690.00,1318.00,42.00,40.00,1,-1,-1,-1
424,4,526.56,1182.62,43.08,41.91,1,-1,-1,-1
424,5,832.49,1253.33,47.37,45.98,1,-1,-1,-1
425,1,795.90,1317.25,42.20,41.55,1,-1,-1,-1
425,2,690.00,1318.00,42.00,40.00,1,-1,-1,-1
425,4,529.50,1184.98,43.90,42.64,1,-1,-1,-1
425,5,836.58,1255.76,47.41,45.96,1,-1,-1,-1
426,1,795.12,1317.07,42.45,41.85,1,-1,-1,-1
426,2,690.00,1318.00,42.00,40.00,1,-1,-1,-1
426,4,532.45,1188.35,44.26,42.91,1,-1,-1,-1
426,5,840.65,1258.58,47.46,45.96,1,-1,-1,-1
427,1,793.80,1317.00,42.60,41.97,1,-1,-1,-1
427,2,690.00,1318.00,42.00,40.00,1,-1,-1,-1
427,4,535.40,1191.45,44.42,43.01,1,-1,-1,-1
427,5,844.13,1260.89,47.32,45.96,1,-1,-1,-1
428,1,793.96,1316.98,42.68,42.01,1,-1,-1,-1
428,2,690.10,1318.00,41.81,40.00,1,-1,-1,-1
428,4,536.45,1194.45,46.35,45.02,1,-1,-1,-1
428,5,848.88,1263.67,45.44,43.98,1,-1,-1,-1
429,1,794.02,1316.97,42.72,42.02,1,-1,-1,-1
429,2,690.09,1318.00,41.83,40.00,1,-1,-1,-1
429,4,538.67,1198.73,47.18,45.77,1,-1,-1,-1
429,5,853.18,1265.95,44.82,43.23,1,-1,-1,-1
430,1,794.04,1316.97,42.75,42.03,1,-1,-1,-1
430,2,690.08,1318.00,41.84,40.00,1,-1,-1,-1
430,4,539.49,1202.85,47.34,46.05,1,-1,-1,-1
430,5,855.70,1268.05,46.47,44.98,1,-1,-1,-1
431,1,795.08,1316.97,42.68,42.03,1,-1,-1,-1
431,2,690.07,1318.00,41.86,40.00,1,-1,-1,-1
431,4,539.35,1207.55,48.74,47.44,1,-1,-1,-1
431,5,860.09,1270.74,45.25,43.65,1,-1,-1,-1
432,1,795.50,1316.97,42.62,42.02,1,-1,-1,-1
432,2,690.06,1318.00,41.87,40.00,1,-1,-1,-1
432,4,540.52,1213.76,49.25,47.97,1,-1,-1,-1
432,5,863.39,1273.00,44.57,43.14,1,-1,-1,-1
433,1,796.24,1316.98,41.41,40.70,1,-1,-1,-1
433,2,690.15,1318.00,41.69,40.00,1,-1,-1,-1
433,4,542.58,1220.58,47.98,46.85,1,-1,-1,-1
433,5,867.38,1275.08,44.54,42.96,1,-1,-1,-1
434,1,796.49,1316.98,41.02,40.19,1,-1,-1,-1
434,2,690.14,1318.00,41.72,40.00,1,-1,-1,-1
434,4,542.26,1225.66,48.85,47.71,1,-1,-1,-1
434,5,870.69,1277.10,44.61,42.90,1,-1,-1,-1
435,1,796.55,1316.98,40.95,40.01,1,-1,-1,-1
435,2,690.22,1318.00,41.56,40.00,1,-1,-1,-1
435,4,542.73,1231.36,49.16,48.03,1,-1,-1,-1
435,5,873.86,1279.77,43.84,42.23,1,-1,-1,-1
436,1,796.53,1316.98,40.99,39.95,1,-1,-1,-1
436,2,690.30,1318.00,41.41,40.00,1,-1,-1,-1
436,4,543.77,1236.64,50.02,48.79,1,-1,-1,-1
436,5,876.82,1280.00,44.41,42.65,1,-1,-1,-1
437,1,796.49,1316.99,41.06,39.93,1,-1,-1,-1
437,2,690.27,1318.00,41.47,40.00,1,-1,-1,-1
437,4,545.12,1244.37,49.61,48.41,1,-1,-1,-1
437,5,877.10,1280.68,44.70,42.82,1,-1,-1,-1
438,1,796.45,1316.99,41.14,39.93,1,-1,-1,-1
438,2,690.34,1318.00,41.33,40.00,1,-1,-1,-1
438,4,546.89,1251.10,49.43,48.25,1,-1,-1,-1
438,5,875.83,1282.19,44.00,42.22,1,-1,-1,-1
439,1,796.41,1316.99,41.22,39.94,1,-1,-1,-1
439,2,690.40,1318.00,41.20,40.00,1,-1,-1,-1
439,4,548.81,1257.41,49.34,48.18,1,-1,-1,-1
439,5,873.24,1282.67,43.70,42.01,1,-1,-1,-1
440,1,796.37,1316.99,41.30,39.94,1,-1,-1,-1
440,2,690.46,1318.00,41.08,40.00,1,-1,-1,-1
440,4,550.80,1263.56,49.29,48.14,1,-1,-1,-1
440,5,870.58,1280.79,44.15,42.60,1,-1,-1,-1
441,1,796.33,1316.99,41.37,39.95,1,-1,-1,-1
441,2,690.51,1318.00,40.98,40.00,1,-1,-1,-1
441,4,554.13,1269.64,49.25,48.12,1,-1,-1,-1
441,5,869.10,1279.38,44.52,42.82,1,-1,-1,-1
442,1,796.30,1317.66,41.43,39.96,1,-1,-1,-1
442,2,690.56,1318.00,40.89,40.00,1,-1,-1,-1
442,4,558.25,1276.35,47.97,46.78,1,-1,-1,-1
442,5,866.16,1277.48,46.69,44.89,1,-1,-1,-1
443,1,796.27,1317.90,41.48,39.96,1,-1,-1,-1
443,2,690.60,1318.00,40.80,40.00,1,-1,-1,-1
443,4,562.38,1281.98,47.52,46.27,1,-1,-1,-1
443,5,861.49,1274.80,48.76,46.97,1,-1,-1,-1
444,1,796.24,1318.00,41.53,39.97,1,-1,-1,-1
444,2,690.64,1318.00,40.72,40.00,1,-1,-1,-1
444,4,566.47,1287.20,47.40,46.08,1,-1,-1,-1
444,5,858.40,1273.10,49.51,47.76,1,-1,-1,-1
445,1,796.22,1318.03,41.58,39.97,1,-1,-1,-1
445,2,690.67,1318.00,40.66,40.00,1,-1,-1,-1
445,4,569.58,1292.25,48.65,47.33,1,-1,-1,-1
445,5,856.55,1271.13,49.74,48.06,1,-1,-1,-1
446,1,796.20,1318.04,41.62,39.97,1,-1,-1,-1
446,2,690.70,1318.00,40.59,40.00,1,-1,-1,-1
446,4,574.34,1297.26,47.66,46.49,1,-1,-1,-1
446,5,855.22,1269.71,49.78,48.16,1,-1,-1,-1
447,1,796.18,1318.04,41.66,39.98,1,-1,-1,-1
447,2,690.73,1318.00,40.54,40.00,1,-1,-1,-1
447,4,578.74,1302.90,47.21,46.16,1,-1,-1,-1
447,5,854.08,1268.51,49.75,48.18,1,-1,-1,-1
448,1,796.16,1317.37,41.69,39.98,1,-1,-1,-1
448,2,691.61,1318.66,38.77,38.02,1,-1,-1,-1
448,4,584.49,1308.12,45.25,44.05,1,-1,-1,-1
448,5,853.68,1268.07,49.69,48.18,1,-1,-1,-1
449,1,796.15,1317.78,41.72,39.98,1,-1,-1,-1
449,2,691.89,1318.91,38.22,37.26,1,-1,-1,-1
449,4,589.15,1312.51,44.60,43.25,1,-1,-1,-1
449,5,853.56,1267.91,49.63,48.16,1,-1,-1,-1
450,1,796.13,1317.94,41.75,39.98,1,-1,-1,-1
450,2,691.93,1319.00,38.14,36.99,1,-1,-1,-1
450,4,592.48,1316.60,46.26,44.99,1,-1,-1,-1
450,5,854.86,1267.86,49.57,48.15,1,-1,-1,-1
451,1,796.12,1317.33,41.77,39.99,1,-1,-1,-1
451,2,691.89,1319.03,38.22,36.91,1,-1,-1,-1
451,4,595.23,1319.95,48.23,46.93,1,-1,-1,-1
451,5,856.70,1267.85,49.51,48.13,1,-1,-1,-1
452,1,796.11,1317.76,41.79,39.99,1,-1,-1,-1
452,2,691.82,1319.04,38.36,36.88,1,-1,-1,-1
452,4,599.72,1323.67,47.73,46.38,1,-1,-1,-1
452,5,859.69,1268.52,48.21,46.80,1,-1,-1,-1
453,1,796.10,1317.93,41.81,39.99,1,-1,-1,-1
453,2,691.75,1319.04,38.51,36.88,1,-1,-1,-1
453,4,603.37,1327.50,47.37,46.15,1,-1,-1,-1
453,5,862.15,1269.45,47.73,46.28,1,-1,-1,-1
454,1,796.09,1317.99,41.83,39.99,1,-1,-1,-1
454,2,691.68,1319.04,38.65,36.89,1,-1,-1,-1
454,4,607.85,1331.41,47.35,46.06,1,-1,-1,-1
454,5,864.37,1271.13,47.59,46.09,1,-1,-1,-1
455,1,796.08,1317.35,41.85,39.99,1,-1,-1,-1
455,2,691.61,1319.03,38.78,36.90,1,-1,-1,-1
455,4,612.03,1334.03,47.39,46.03,1,-1,-1,-1
455,5,866.49,1273.09,47.56,46.02,1,-1,-1,-1
456,1,796.07,1317.11,41.86,39.99,1,-1,-1,-1
456,2,691.55,1319.03,38.90,36.92,1,-1,-1,-1
456,4,615.43,1336.17,47.43,46.02,1,-1,-1,-1
456,5,867.56,1275.80,45.63,44.00,1,-1,-1,-1
457,1,796.06,1317.02,41.88,39.99,1,-1,-1,-1
457,2,691.50,1319.02,39.00,36.93,1,-1,-1,-1
457,4,618.82,1338.79,47.58,46.01,1,-1,-1,-1
457,5,867.69,1279.51,44.69,43.24,1,-1,-1,-1
458,1,796.06,1317.65,41.89,39.99,1,-1,-1,-1
458,2,691.45,1319.02,39.10,36.93,1,-1,-1,-1
458,4,622.94,1340.94,47.62,46.01,1,-1,-1,-1
458,5,867.74,1282.85,44.27,42.97,1,-1,-1,-1
459,1,795.39,1317.89,41.90,39.99,1,-1,-1,-1
459,2,691.41,1319.02,39.19,36.94,1,-1,-1,-1
459,4,628.04,1343.59,46.88,45.35,1,-1,-1,-1
459,5,866.73,1287.39,43.47,42.22,1,-1,-1,-1
460,1,795.14,1317.97,41.91,40.00,1,-1,-1,-1
460,2,691.37,1319.02,39.27,36.95,1,-1,-1,-1
460,4,632.48,1346.42,46.57,45.09,1,-1,-1,-1
460,5,865.66,1291.03,43.17,41.95,1,-1,-1,-1
461,1,795.04,1318.01,41.92,40.00,1,-1,-1,-1
461,2,691.33,1319.01,39.34,36.96,1,-1,-1,-1
461,4,637.91,1349.33,45.26,43.68,1,-1,-1,-1
461,5,863.91,1295.66,43.06,41.86,1,-1,-1,-1
462,1,795.01,1318.02,41.93,40.00,1,-1,-1,-1
462,2,691.30,1319.01,39.40,36.96,1,-1,-1,-1
462,4,642.40,1350.93,46.23,44.49,1,-1,-1,-1
462,5,861.82,1298.63,43.90,42.51,1,-1,-1,-1
463,1,794.99,1318.02,41.93,40.00,1,-1,-1,-1
463,2,691.27,1319.01,39.46,36.97,1,-1,-1,-1
463,4,646.56,1353.41,45.29,43.47,1,-1,-1,-1
463,5,860.34,1302.97,44.31,42.77,1,-1,-1,-1
464,1,794.99,1317.36,41.94,40.00,1,-1,-1,-1
464,2,691.24,1319.01,39.51,36.97,1,-1,-1,-1
464,4,651.25,1356.20,45.01,43.08,1,-1,-1,-1
464,5,858.87,1306.50,46.32,44.85,1,-1,-1,-1
465,1,794.99,1317.77,41.95,40.00,1,-1,-1,-1
465,2,691.22,1319.01,39.56,36.97,1,-1,-1,-1
465,4,654.80,1357.78,44.97,42.95,1,-1,-1,-1
465,5,857.05,1309.71,48.32,46.93,1,-1,-1,-1
466,1,794.99,1317.92,41.95,40.00,1,-1,-1,-1
466,2,690.35,1319.01,39.32,36.98,1,-1,-1,-1
466,4,658.60,1360.24,45.02,42.91,1,-1,-1,-1
466,5,855.76,1312.80,49.01,47.73,1,-1,-1,-1
467,1,794.99,1317.32,41.96,40.00,1,-1,-1,-1
467,2,690.09,1319.01,39.10,36.98,1,-1,-1,-1
467,4,662.49,1361.72,45.10,42.90,1,-1,-1,-1
467,5,855.97,1316.50,49.19,48.03,1,-1,-1,-1
468,1,794.99,1317.09,41.96,40.00,1,-1,-1,-1
468,2,690.90,1319.01,39.18,36.98,1,-1,-1,-1
468,4,665.76,1363.49,45.18,42.91,1,-1,-1,-1
468,5,857.41,1320.43,49.19,48.13,1,-1,-1,-1
469,1,795.00,1317.01,41.96,40.00,1,-1,-1,-1
469,2,691.19,1319.01,39.26,36.98,1,-1,-1,-1
469,4,667.87,1364.71,48.45,46.23,1,-1,-1,-1
469,5,859.89,1323.13,47.97,46.85,1,-1,-1,-1
470,1,795.00,1316.98,41.97,40.00,1,-1,-1,-1
470,2,690.43,1319.00,39.05,36.99,1,-1,-1,-1
470,4,672.13,1367.06,46.45,44.24,1,-1,-1,-1
470,5,860.84,1325.36,47.54,46.34,1,-1,-1,-1
471,1,795.00,1317.63,41.97,40.00,1,-1,-1,-1
471,2,690.20,1319.00,38.85,36.99,1,-1,-1,-1
471,4,675.56,1370.50,45.67,43.41,1,-1,-1,-1
471,5,861.27,1327.41,47.23,46.15,1,-1,-1,-1
472,1,795.00,1317.22,41.97,40.00,1,-1,-1,-1
472,2,690.17,1319.00,38.68,36.99,1,-1,-1,-1
472,4,678.67,1373.02,45.42,43.11,1,-1,-1,-1
472,5,862.99,1329.40,45.31,44.09,1,-1,-1,-1
473,1,795.00,1317.06,41.98,40.00,1,-1,-1,-1
473,2,690.50,1320.33,37.92,36.33,1,-1,-1,-1
473,4,682.90,1376.52,45.56,43.00,1,-1,-1,-1
473,5,862.73,1331.36,44.39,43.30,1,-1,-1,-1
474,1,795.66,1317.67,41.98,40.00,1,-1,-1,-1
474,2,690.35,1319.49,38.21,36.75,1,-1,-1,-1
474,4,686.36,1379.73,45.57,42.96,1,-1,-1,-1
474,5,862.95,1333.99,43.41,42.35,1,-1,-1,-1
475,1,795.25,1317.90,41.98,40.00,1,-1,-1,-1
475,2,690.34,1319.18,38.23,36.90,1,-1,-1,-1
475,4,689.49,1383.48,45.59,42.95,1,-1,-1,-1
475,5,862.35,1336.19,43.05,42.01,1,-1,-1,-1
476,1,795.09,1317.98,41.98,40.00,1,-1,-1,-1
476,2,690.37,1319.06,38.16,36.96,1,-1,-1,-1
476,4,692.50,1386.77,45.63,42.95,1,-1,-1,-1
476,5,861.17,1336.24,43.52,42.56,1,-1,-1,-1
477,1,795.03,1318.01,41.98,40.00,1,-1,-1,-1
477,2,690.42,1319.02,38.07,36.99,1,-1,-1,-1
477,4,694.62,1389.22,45.38,42.96,1,-1,-1,-1
477,5,859.72,1337.50,43.07,42.12,1,-1,-1,-1
478,1,795.10,1318.02,41.79,40.00,1,-1,-1,-1
478,2,690.47,1319.00,37.98,37.00,1,-1,-1,-1
478,4,697.57,1394.67,43.36,40.98,1,-1,-1,-1
478,5,858.40,1336.54,43.78,42.62,1,-1,-1,-1
479,1,795.09,1318.02,41.81,40.00,1,-1,-1,-1
479,2,691.37,1318.99,38.17,37.00,1,-1,-1,-1
479,4,700.89,1397.26,42.53,40.22,1,-1,-1,-1
479,5,855.31,1336.12,45.32,44.14,1,-1,-1,-1
480,1,795.17,1318.02,41.64,40.00,1,-1,-1,-1
480,2,691.66,1318.99,38.35,37.00,1,-1,-1,-1
480,4,702.66,1400.11,42.23,39.96,1,-1,-1,-1
480,5,853.42,1337.22,46.08,44.72,1,-1,-1,-1
481,1,795.15,1318.02,41.68,40.00,1,-1,-1,-1
481,2,691.72,1318.99,38.51,37.00,1,-1,-1,-1
481,4,703.86,1401.71,42.11,39.88,1,-1,-1,-1
481,5,851.73,1337.58,47.03,45.59,1,-1,-1,-1
482,1,795.14,1317.36,41.71,40.00,1,-1,-1,-1
482,2,691.70,1318.99,38.65,37.00,1,-1,-1,-1
482,4,703.57,1401.52,43.98,41.86,1,-1,-1,-1
482,5,851.09,1337.67,47.43,45.92,1,-1,-1,-1
483,1,795.22,1317.77,41.54,40.00,1,-1,-1,-1
483,2,691.65,1318.99,38.78,37.00,1,-1,-1,-1
483,4,704.13,1401.40,44.55,42.59,1,-1,-1,-1
483,5,848.61,1337.00,48.85,47.35,1,-1,-1,-1
484,1,795.20,1317.92,41.59,40.00,1,-1,-1,-1
484,2,691.59,1318.99,38.90,37.00,1,-1,-1,-1
484,4,704.29,1401.90,44.66,42.88,1,-1,-1,-1
484,5,849.30,1337.36,48.11,46.59,1,-1,-1,-1
485,1,795.18,1317.98,41.63,40.00,1,-1,-1,-1
485,2,691.54,1319.00,39.00,37.00,1,-1,-1,-1
485,4,705.15,1402.01,44.89,42.99,1,-1,-1,-1
485,5,849.68,1336.79,49.00,47.59,1,-1,-1,-1
486,1,795.16,1318.00,41.66,40.00,1,-1,-1,-1
486,2,691.49,1319.00,39.10,37.00,1,-1,-1,-1
486,4,704.71,1403.28,45.03,43.02,1,-1,-1,-1
486,5,851.12,1336.56,48.10,46.65,1,-1,-1,-1
487,1,795.15,1318.01,41.69,40.00,1,-1,-1,-1
487,2,691.44,1319.00,39.18,37.00,1,-1,-1,-1
487,4,703.79,1403.70,45.14,43.04,1,-1,-1,-1
487,5,853.01,1335.76,47.77,46.28,1,-1,-1,-1
488,1,795.13,1318.01,41.72,40.00,1,-1,-1,-1
488,2,691.40,1319.00,39.26,37.00,1,-1,-1,-1
488,4,702.60,1403.79,45.42,43.04,1,-1,-1,-1
488,5,854.77,1334.78,46.89,45.47,1,-1,-1,-1
489,1,795.12,1318.01,41.75,40.00,1,-1,-1,-1
489,2,691.36,1319.00,39.33,37.00,1,-1,-1,-1
489,4,700.70,1404.43,45.66,43.03,1,-1,-1,-1
489,5,856.71,1333.72,45.36,43.83,1,-1,-1,-1
490,1,795.11,1318.01,41.77,40.00,1,-1,-1,-1
490,2,691.32,1319.00,39.40,37.00,1,-1,-1,-1
490,4,698.56,1404.61,45.89,43.03,1,-1,-1,-1
490,5,858.74,1332.64,44.87,43.22,1,-1,-1,-1
491,1,795.10,1318.01,41.80,40.00,1,-1,-1,-1
491,2,691.29,1319.00,39.45,37.00,1,-1,-1,-1
491,4,694.83,1404.63,49.11,46.33,1,-1,-1,-1
491,5,859.25,1330.89,44.48,43.00,1,-1,-1,-1
492,1,795.09,1318.01,41.81,40.00,1,-1,-1,-1
492,2,691.26,1319.00,39.51,37.00,1,-1,-1,-1
492,4,691.61,1404.63,50.13,47.54,1,-1,-1,-1
492,5,860.43,1330.25,43.68,42.26,1,-1,-1,-1
493,1,795.08,1318.01,41.83,40.00,1,-1,-1,-1
493,2,691.24,1319.00,39.55,37.00,1,-1,-1,-1
493,4,689.36,1406.51,47.28,44.78,1,-1,-1,-1
493,5,860.19,1328.67,43.36,41.99,1,-1,-1,-1
494,1,795.07,1318.01,41.85,40.00,1,-1,-1,-1
494,2,691.21,1319.00,39.60,37.00,1,-1,-1,-1
494,4,687.13,1407.20,46.14,43.65,1,-1,-1,-1
494,5,859.42,1327.43,43.24,41.90,1,-1,-1,-1
495,1,795.07,1318.01,41.86,40.00,1,-1,-1,-1
495,2,691.19,1319.00,39.64,37.00,1,-1,-1,-1
495,4,684.31,1408.08,45.75,43.23,1,-1,-1,-1
495,5,859.14,1326.32,43.18,41.88,1,-1,-1,-1
496,1,795.06,1318.00,41.88,40.00,1,-1,-1,-1
496,2,691.17,1319.00,39.67,37.00,1,-1,-1,-1
496,4,681.29,1409.04,45.63,43.07,1,-1,-1,-1
496,5,859.03,1324.59,43.15,41.88,1,-1,-1,-1
497,1,795.05,1318.00,41.89,40.00,1,-1,-1,-1
497,2,691.16,1319.00,39.70,37.00,1,-1,-1,-1
497,4,678.19,1410.68,45.61,43.01,1,-1,-1,-1
497,5,858.03,1321.97,43.72,42.56,1,-1,-1,-1
498,1,795.05,1318.00,41.90,40.00,1,-1,-1,-1
498,2,690.23,1318.34,41.56,38.98,1,-1,-1,-1
498,4,675.07,1411.92,45.63,42.99,1,-1,-1,-1
498,5,857.87,1320.36,44.16,42.81,1,-1,-1,-1
499,1,795.04,1318.00,41.91,40.00,1,-1,-1,-1
499,2,689.96,1318.09,42.09,39.72,1,-1,-1,-1
499,4,672.62,1413.01,45.66,42.99,1,-1,-1,-1
499,5,857.10,1319.13,44.42,42.92,1,-1,-1,-1
500,1,795.04,1318.00,41.92,40.00,1,-1,-1,-1
500,2,690.81,1318.65,40.40,38.04,1,-1,-1,-1
500,4,670.42,1414.70,45.69,42.99,1,-1,-1,-1
500,5,856.11,1318.04,44.61,42.96,1,-1,-1,-1
