0,1,882.00,1089.00,46.00,43.00,1,-1,-1,-1
0,2,1232.00,1080.00,54.00,52.00,1,-1,-1,-1
0,3,816.00,660.00,49.00,48.00,1,-1,-1,-1
0,4,1219.00,848.00,48.00,46.00,1,-1,-1,-1
1,1,880.26,1089.00,46.00,43.00,1,-1,-1,-1
1,2,1231.54,1076.53,55.78,53.74,1,-1,-1,-1
1,3,817.30,657.40,49.87,48.87,1,-1,-1,-1
1,4,1219.87,848.00,48.00,46.00,1,-1,-1,-1
2,1,878.41,1089.00,46.00,43.00,1,-1,-1,-1
2,2,1233.78,1074.39,56.06,54.03,1,-1,-1,-1
2,3,819.44,656.95,51.60,50.56,1,-1,-1,-1
2,4,1220.80,848.00,48.00,46.00,1,-1,-1,-1
3,1,875.57,1089.00,46.00,43.00,1,-1,-1,-1
3,2,1236.05,1070.74,56.09,54.10,1,-1,-1,-1
3,3,820.11,655.35,52.14,51.10,1,-1,-1,-1
3,4,1222.60,848.00,48.00,46.00,1,-1,-1,-1
4,1,873.24,1088.26,46.00,43.00,1,-1,-1,-1
4,2,1238.23,1067.43,56.04,54.10,1,-1,-1,-1
4,3,822.42,654.12,50.87,49.77,1,-1,-1,-1
4,4,1223.90,847.26,49.45,47.48,1,-1,-1,-1
5,1,872.55,1088.02,46.00,43.00,1,-1,-1,-1
5,2,1241.05,1064.28,55.98,54.08,1,-1,-1,-1
5,3,822.44,652.32,51.82,50.70,1,-1,-1,-1
5,4,1225.04,846.31,49.85,47.97,1,-1,-1,-1
6,1,870.99,1087.24,46.00,43.00,1,-1,-1,-1
6,2,1243.37,1061.90,55.91,54.07,1,-1,-1,-1
6,3,822.41,651.04,52.13,51.01,1,-1,-1,-1
6,4,1225.75,846.67,49.96,48.12,1,-1,-1,-1
7,1,869.13,1086.97,46.00,43.00,1,-1,-1,-1
7,2,1247.23,1059.10,54.49,52.68,1,-1,-1,-1
7,3,822.97,649.27,52.35,51.11,1,-1,-1,-1
7,4,1227.34,847.51,49.95,48.16,1,-1,-1,-1
8,1,867.16,1086.89,46.00,43.00,1,-1,-1,-1
8,2,1251.28,1056.16,53.98,52.17,1,-1,-1,-1
8,3,822.49,647.99,52.36,51.13,1,-1,-1,-1
8,4,1227.90,847.82,49.89,48.15,1,-1,-1,-1
9,1,865.61,1086.87,45.78,43.00,1,-1,-1,-1
9,2,1254.00,1053.16,53.81,51.99,1,-1,-1,-1
9,3,822.23,646.90,51.11,49.78,1,-1,-1,-1
9,4,1229.79,848.61,49.75,48.14,1,-1,-1,-1
10,1,864.04,1086.88,45.80,43.00,1,-1,-1,-1
10,2,1255.24,1048.79,55.08,53.29,1,-1,-1,-1
10,3,821.38,646.56,50.71,49.26,1,-1,-1,-1
10,4,1230.49,849.58,49.60,48.12,1,-1,-1,-1
11,1,862.86,1086.89,45.81,43.00,1,-1,-1,-1
11,2,1258.30,1045.28,55.51,53.77,1,-1,-1,-1
11,3,820.34,646.49,50.64,49.07,1,-1,-1,-1
11,4,1230.37,851.27,49.55,48.11,1,-1,-1,-1
12,1,860.79,1086.24,47.87,45.00,1,-1,-1,-1
12,2,1264.39,1042.09,55.55,53.95,1,-1,-1,-1
12,3,819.24,646.50,50.68,49.00,1,-1,-1,-1
12,4,1230.00,851.23,50.10,48.76,1,-1,-1,-1
13,1,858.78,1086.65,48.57,45.74,1,-1,-1,-1
13,2,1267.59,1039.68,55.57,54.01,1,-1,-1,-1
13,3,818.12,647.22,50.77,48.98,1,-1,-1,-1
13,4,1230.72,851.20,50.49,49.00,1,-1,-1,-1
14,1,856.13,1086.82,48.79,46.02,1,-1,-1,-1
14,2,1272.00,1037.57,55.54,54.03,1,-1,-1,-1
14,3,816.41,648.18,52.07,50.31,1,-1,-1,-1
14,4,1228.33,851.17,53.92,52.38,1,-1,-1,-1
15,1,853.28,1086.90,50.03,47.42,1,-1,-1,-1
15,2,1277.84,1035.56,54.23,52.71,1,-1,-1,-1
15,3,815.53,649.22,51.07,49.48,1,-1,-1,-1
15,4,1227.99,850.51,55.99,54.28,1,-1,-1,-1
16,1,851.62,1088.23,49.16,46.65,1,-1,-1,-1
16,2,1283.91,1032.93,53.76,52.21,1,-1,-1,-1
16,3,815.25,650.31,50.60,49.16,1,-1,-1,-1
16,4,1226.98,850.24,56.59,55.00,1,-1,-1,-1
17,1,850.42,1089.41,48.78,46.32,1,-1,-1,-1
17,2,1288.68,1030.73,53.61,52.03,1,-1,-1,-1
17,3,815.40,650.72,50.62,49.04,1,-1,-1,-1
17,4,1226.90,852.08,56.13,54.61,1,-1,-1,-1
18,1,848.73,1089.86,48.60,46.19,1,-1,-1,-1
18,2,1292.96,1028.01,53.59,51.96,1,-1,-1,-1
18,3,815.24,651.55,50.43,49.00,1,-1,-1,-1
18,4,1225.56,854.75,55.89,54.43,1,-1,-1,-1
19,1,846.86,1090.02,48.50,46.13,1,-1,-1,-1
19,2,1296.40,1024.44,53.60,51.94,1,-1,-1,-1
19,3,816.08,651.86,50.56,48.98,1,-1,-1,-1
19,4,1223.75,857.06,55.76,54.33,1,-1,-1,-1
20,1,846.55,1090.07,46.46,44.12,1,-1,-1,-1
20,2,1299.52,1021.22,53.63,51.94,1,-1,-1,-1
20,3,816.18,651.98,50.41,48.98,1,-1,-1,-1
20,4,1222.14,859.24,55.57,54.28,1,-1,-1,-1
21,1,845.84,1089.41,45.71,43.34,1,-1,-1,-1
21,2,1302.52,1017.46,53.66,51.95,1,-1,-1,-1
21,3,816.46,652.02,50.55,48.98,1,-1,-1,-1
21,4,1220.25,862.01,55.41,54.24,1,-1,-1,-1
22,1,844.96,1087.82,45.48,43.06,1,-1,-1,-1
22,2,1304.83,1012.85,53.69,51.95,1,-1,-1,-1
22,3,815.94,652.03,51.86,50.31,1,-1,-1,-1
22,4,1217.52,865.66,54.12,52.89,1,-1,-1,-1
23,1,844.47,1086.57,45.15,42.96,1,-1,-1,-1
23,2,1306.21,1007.92,53.72,51.96,1,-1,-1,-1
23,3,817.10,654.00,50.30,48.84,1,-1,-1,-1
23,4,1214.13,867.67,51.71,50.37,1,-1,-1,-1
24,1,845.93,1085.44,45.19,42.93,1,-1,-1,-1
24,2,1307.34,1002.87,53.56,51.96,1,-1,-1,-1
24,3,816.61,654.75,50.26,48.93,1,-1,-1,-1
24,4,1210.82,869.03,50.89,49.41,1,-1,-1,-1
25,1,847.18,1085.03,45.26,42.93,1,-1,-1,-1
25,2,1308.26,997.13,53.61,51.97,1,-1,-1,-1
25,3,816.47,655.69,50.17,48.96,1,-1,-1,-1
25,4,1206.04,869.47,52.46,51.08,1,-1,-1,-1
26,1,847.33,1082.90,47.31,44.92,1,-1,-1,-1
26,2,1309.55,992.46,50.83,49.32,1,-1,-1,-1
26,3,816.74,658.67,49.49,48.32,1,-1,-1,-1
26,4,1203.26,870.92,51.23,49.72,1,-1,-1,-1
27,1,847.51,1081.46,47.86,45.67,1,-1,-1,-1
27,2,1307.87,988.87,49.75,48.32,1,-1,-1,-1
27,3,817.89,661.11,49.13,48.07,1,-1,-1,-1
27,4,1200.24,871.41,50.83,49.19,1,-1,-1,-1
28,1,846.92,1080.28,48.14,45.95,1,-1,-1,-1
28,2,1307.76,981.64,50.23,48.64,1,-1,-1,-1
28,3,818.36,662.66,48.94,47.99,1,-1,-1,-1
28,4,1197.15,872.21,50.76,49.00,1,-1,-1,-1
29,1,846.06,1079.19,48.23,46.05,1,-1,-1,-1
29,2,1305.97,975.80,52.45,50.77,1,-1,-1,-1
29,3,818.17,663.21,48.92,47.96,1,-1,-1,-1
29,4,1195.37,873.13,50.81,48.94,1,-1,-1,-1
30,1,845.11,1078.15,48.24,46.08,1,-1,-1,-1
30,2,1304.91,971.78,51.37,49.60,1,-1,-1,-1
30,3,819.14,664.04,48.82,47.95,1,-1,-1,-1
30,4,1194.09,873.42,50.90,48.92,1,-1,-1,-1
31,1,843.46,1077.13,48.23,46.09,1,-1,-1,-1
31,2,1302.19,967.13,50.74,49.14,1,-1,-1,-1
31,3,820.76,664.32,47.58,46.63,1,-1,-1,-1
31,4,1193.00,873.49,51.00,48.92,1,-1,-1,-1
32,1,841.54,1076.77,48.22,46.08,1,-1,-1,-1
32,2,1300.39,960.91,52.66,50.98,1,-1,-1,-1
32,3,821.71,663.71,48.45,47.47,1,-1,-1,-1
32,4,1193.30,874.14,51.09,48.93,1,-1,-1,-1
33,1,839.53,1076.00,48.20,46.07,1,-1,-1,-1
33,2,1299.06,954.79,53.39,51.66,1,-1,-1,-1
33,3,823.37,663.47,48.77,47.78,1,-1,-1,-1
33,4,1192.61,874.35,50.89,48.93,1,-1,-1,-1
34,1,837.81,1075.74,46.22,44.09,1,-1,-1,-1
34,2,1297.86,949.34,53.68,51.92,1,-1,-1,-1
34,3,825.01,662.69,49.47,48.57,1,-1,-1,-1
34,4,1193.79,874.39,50.71,48.94,1,-1,-1,-1
35,1,835.17,1075.01,45.50,43.32,1,-1,-1,-1
35,2,1296.86,944.17,51.58,50.04,1,-1,-1,-1
35,3,829.50,663.03,47.88,46.89,1,-1,-1,-1
35,4,1195.00,874.38,50.55,48.95,1,-1,-1,-1
36,1,831.30,1073.43,47.11,45.05,1,-1,-1,-1
36,2,1295.72,937.09,52.94,51.32,1,-1,-1,-1
36,3,832.20,662.48,48.58,47.58,1,-1,-1,-1
36,4,1197.83,875.01,49.82,48.29,1,-1,-1,-1
37,1,827.92,1072.21,47.76,45.69,1,-1,-1,-1
37,2,1296.26,931.33,51.53,49.82,1,-1,-1,-1
37,3,836.09,661.60,47.59,46.52,1,-1,-1,-1
37,4,1199.98,873.89,50.11,48.71,1,-1,-1,-1
38,1,826.12,1071.12,47.81,45.93,1,-1,-1,-1
38,2,1296.44,925.37,51.05,49.24,1,-1,-1,-1
38,3,840.16,661.92,47.27,46.12,1,-1,-1,-1
38,4,1202.35,873.45,50.43,48.88,1,-1,-1,-1
39,1,824.81,1069.42,47.92,46.02,1,-1,-1,-1
39,2,1297.14,919.36,50.95,49.02,1,-1,-1,-1
39,3,842.92,660.70,47.21,45.97,1,-1,-1,-1
39,4,1205.19,871.95,50.63,48.94,1,-1,-1,-1
40,1,824.69,1068.15,46.01,44.07,1,-1,-1,-1
40,2,1297.37,913.33,50.97,48.95,1,-1,-1,-1
40,3,845.84,659.58,47.23,45.93,1,-1,-1,-1
40,4,1208.21,871.37,50.78,48.96,1,-1,-1,-1
41,1,824.03,1066.38,45.33,43.32,1,-1,-1,-1
41,2,1297.43,907.96,51.04,48.93,1,-1,-1,-1
41,3,848.17,659.82,47.29,45.92,1,-1,-1,-1
41,4,1211.28,869.83,50.90,48.98,1,-1,-1,-1
42,1,822.83,1063.76,47.13,45.05,1,-1,-1,-1
42,2,1297.86,901.51,52.91,50.92,1,-1,-1,-1
42,3,847.98,658.59,48.62,47.25,1,-1,-1,-1
42,4,1214.36,867.92,51.01,48.98,1,-1,-1,-1
43,1,821.83,1061.52,48.96,47.00,1,-1,-1,-1
43,2,1298.73,896.64,53.49,51.66,1,-1,-1,-1
43,3,848.23,656.17,49.67,48.40,1,-1,-1,-1
43,4,1217.25,865.88,50.82,48.99,1,-1,-1,-1
44,1,821.55,1060.05,49.54,47.74,1,-1,-1,-1
44,2,1299.76,891.06,53.60,51.94,1,-1,-1,-1
44,3,849.14,653.94,50.28,48.84,1,-1,-1,-1
44,4,1220.63,864.47,50.06,48.33,1,-1,-1,-1
45,1,820.52,1058.88,49.75,48.02,1,-1,-1,-1
45,2,1303.03,885.85,51.82,50.07,1,-1,-1,-1
45,3,849.85,652.45,50.31,49.00,1,-1,-1,-1
45,4,1223.75,861.30,50.61,48.74,1,-1,-1,-1
46,1,821.80,1058.49,48.53,46.80,1,-1,-1,-1
46,2,1305.58,880.13,51.19,49.35,1,-1,-1,-1
46,3,851.99,652.56,48.42,47.09,1,-1,-1,-1
46,4,1227.28,858.16,50.60,48.90,1,-1,-1,-1
47,1,822.35,1057.08,48.06,46.32,1,-1,-1,-1
47,2,1307.48,873.55,52.99,51.08,1,-1,-1,-1
47,3,851.64,650.64,49.87,48.35,1,-1,-1,-1
47,4,1232.19,855.69,49.91,48.30,1,-1,-1,-1
48,1,822.58,1055.93,47.89,46.14,1,-1,-1,-1
48,2,1310.12,867.32,53.65,51.71,1,-1,-1,-1
48,3,852.21,650.61,49.62,48.15,1,-1,-1,-1
48,4,1236.64,852.14,49.62,48.07,1,-1,-1,-1
49,1,822.02,1054.89,47.84,46.06,1,-1,-1,-1
49,2,1312.72,861.88,51.98,49.99,1,-1,-1,-1
49,3,852.29,651.29,48.33,46.75,1,-1,-1,-1
49,4,1241.26,848.21,49.39,47.99,1,-1,-1,-1
50,1,820.51,1053.22,47.83,46.04,1,-1,-1,-1
50,2,1314.65,854.74,53.35,51.32,1,-1,-1,-1
50,3,852.30,650.92,49.10,47.55,1,-1,-1,-1
50,4,1245.21,843.49,49.32,47.97,1,-1,-1,-1
51,1,820.72,1051.98,47.65,46.02,1,-1,-1,-1
51,2,1316.64,848.32,53.85,51.80,1,-1,-1,-1
51,3,853.33,651.45,49.26,47.85,1,-1,-1,-1
51,4,1249.25,838.47,49.28,47.96,1,-1,-1,-1
52,1,821.54,1050.90,47.49,46.02,1,-1,-1,-1
52,2,1318.97,842.81,52.09,50.01,1,-1,-1,-1
52,3,853.64,652.33,48.08,46.64,1,-1,-1,-1
52,4,1253.32,833.36,49.25,47.96,1,-1,-1,-1
53,1,821.82,1049.22,47.54,46.01,1,-1,-1,-1
53,2,1320.12,836.32,53.44,51.32,1,-1,-1,-1
53,3,854.06,652.02,48.93,47.52,1,-1,-1,-1
53,4,1257.28,826.23,50.09,48.63,1,-1,-1,-1
54,1,821.93,1047.31,47.58,46.01,1,-1,-1,-1
54,2,1321.92,829.48,53.73,51.80,1,-1,-1,-1
54,3,853.25,650.60,49.80,48.50,1,-1,-1,-1
54,4,1261.36,821.02,49.63,48.22,1,-1,-1,-1
55,1,821.31,1045.98,47.62,46.01,1,-1,-1,-1
55,2,1323.29,825.13,51.70,50.01,1,-1,-1,-1
55,3,853.61,650.07,50.06,48.87,1,-1,-1,-1
55,4,1266.10,815.20,49.43,48.06,1,-1,-1,-1
56,1,821.08,1044.87,47.65,46.01,1,-1,-1,-1
56,2,1324.64,819.77,51.11,49.31,1,-1,-1,-1
56,3,854.72,651.85,47.50,46.38,1,-1,-1,-1
56,4,1270.41,809.18,49.34,48.01,1,-1,-1,-1
57,1,820.34,1043.18,47.69,46.01,1,-1,-1,-1
57,2,1324.49,817.33,50.08,48.39,1,-1,-1,-1
57,3,855.09,651.22,48.56,47.42,1,-1,-1,-1
57,4,1275.60,804.41,49.19,47.99,1,-1,-1,-1
58,1,819.41,1041.27,47.72,46.01,1,-1,-1,-1
58,2,1325.34,813.31,50.45,48.72,1,-1,-1,-1
58,3,855.87,650.34,48.93,47.80,1,-1,-1,-1
58,4,1279.05,800.78,49.17,47.98,1,-1,-1,-1
59,1,817.15,1039.94,48.92,47.33,1,-1,-1,-1
59,2,1325.33,812.67,49.83,48.19,1,-1,-1,-1
59,3,856.15,649.35,49.06,47.95,1,-1,-1,-1
59,4,1282.86,798.24,49.15,47.98,1,-1,-1,-1
60,1,815.06,1038.83,49.28,47.82,1,-1,-1,-1
60,2,1325.29,811.32,49.57,47.99,1,-1,-1,-1
60,3,857.26,647.67,49.69,48.66,1,-1,-1,-1
60,4,1286.81,796.12,49.13,47.98,1,-1,-1,-1
61,1,813.01,1038.46,49.33,48.00,1,-1,-1,-1
61,2,1325.25,810.33,49.45,47.93,1,-1,-1,-1
61,3,859.00,648.36,49.19,48.27,1,-1,-1,-1
61,4,1291.76,794.80,47.87,46.66,1,-1,-1,-1
62,1,810.99,1037.72,49.26,48.07,1,-1,-1,-1
62,2,1323.89,809.45,49.38,47.91,1,-1,-1,-1
62,3,859.29,648.65,49.04,48.11,1,-1,-1,-1
62,4,1296.11,793.81,47.43,46.16,1,-1,-1,-1
63,1,808.89,1038.14,48.02,46.77,1,-1,-1,-1
63,2,1322.03,809.28,49.34,47.91,1,-1,-1,-1
63,3,860.98,649.44,47.74,46.73,1,-1,-1,-1
63,4,1298.30,792.89,48.50,47.32,1,-1,-1,-1
64,1,806.22,1038.36,47.38,46.26,1,-1,-1,-1
64,2,1320.28,808.02,50.08,48.58,1,-1,-1,-1
64,3,862.90,649.75,47.30,46.21,1,-1,-1,-1
64,4,1301.69,793.30,47.48,46.43,1,-1,-1,-1
65,1,804.18,1039.81,45.34,44.08,1,-1,-1,-1
65,2,1320.35,805.04,50.02,48.53,1,-1,-1,-1
65,3,864.22,650.54,47.19,46.02,1,-1,-1,-1
65,4,1303.77,791.60,48.49,47.43,1,-1,-1,-1
66,1,802.76,1041.08,44.66,43.26,1,-1,-1,-1
66,3,865.31,651.50,47.20,45.95,1,-1,-1,-1
66,4,1306.41,791.04,48.86,47.80,1,-1,-1,-1
67,1,800.01,1041.56,46.31,44.99,1,-1,-1,-1
67,3,865.12,654.52,45.02,43.94,1,-1,-1,-1
67,4,1309.82,790.26,49.86,48.60,1,-1,-1,-1
68,1,797.98,1042.40,45.10,43.65,1,-1,-1,-1
68,3,867.01,652.95,47.60,46.57,1,-1,-1,-1
68,4,1312.25,791.35,50.33,48.90,1,-1,-1,-1
69,1,795.68,1042.74,46.50,45.15,1,-1,-1,-1
69,3,868.92,653.05,47.32,46.19,1,-1,-1,-1
69,4,1314.14,792.50,50.31,49.01,1,-1,-1,-1
70,1,794.47,1042.87,45.21,43.73,1,-1,-1,-1
70,3,870.64,653.74,46.48,45.39,1,-1,-1,-1
70,4,1317.02,795.63,49.65,48.39,1,-1,-1,-1
71,1,792.71,1042.93,44.79,43.18,1,-1,-1,-1
71,2,1305.22,815.37,53.16,51.79,1,-1,-1,-1
71,3,871.91,655.32,46.16,45.08,1,-1,-1,-1
71,4,1321.21,798.21,49.57,48.15,1,-1,-1,-1
72,1,790.75,1042.95,44.72,42.98,1,-1,-1,-1
72,2,1301.91,820.29,50.58,49.32,1,-1,-1,-1
72,3,874.62,655.24,46.82,45.64,1,-1,-1,-1
72,4,1325.10,800.53,47.98,46.73,1,-1,-1,-1
73,1,788.06,1042.96,44.77,42.92,1,-1,-1,-1
73,2,1299.83,822.73,49.52,48.43,1,-1,-1,-1
73,3,875.27,654.53,48.37,47.17,1,-1,-1,-1
73,4,1330.39,802.10,45.45,44.19,1,-1,-1,-1
74,1,785.75,1042.97,44.86,42.90,1,-1,-1,-1
74,2,1297.43,824.95,49.18,48.11,1,-1,-1,-1
74,3,876.78,654.26,48.94,47.75,1,-1,-1,-1
74,4,1335.15,802.70,46.74,45.29,1,-1,-1,-1
75,1,782.75,1042.97,44.68,42.91,1,-1,-1,-1
75,2,1294.60,826.43,49.06,47.99,1,-1,-1,-1
75,3,880.53,655.45,46.00,44.69,1,-1,-1,-1
75,4,1338.80,802.25,48.46,47.01,1,-1,-1,-1
76,1,780.41,1041.65,44.52,42.91,1,-1,-1,-1
76,2,1292.94,826.97,49.01,47.96,1,-1,-1,-1
76,3,881.89,653.88,50.28,48.89,1,-1,-1,-1
76,4,1344.00,803.39,49.09,47.66,1,-1,-1,-1
77,1,779.00,1041.16,44.37,42.92,1,-1,-1,-1
77,2,1290.39,827.82,48.99,47.95,1,-1,-1,-1
77,3,884.06,653.34,50.33,49.07,1,-1,-1,-1
77,4,1349.14,804.49,49.30,47.91,1,-1,-1,-1
78,1,777.92,1039.65,44.24,42.93,1,-1,-1,-1
78,2,1288.56,826.79,49.56,48.61,1,-1,-1,-1
78,3,888.07,654.42,48.46,47.17,1,-1,-1,-1
78,4,1355.28,805.56,49.27,48.00,1,-1,-1,-1
79,1,776.30,1038.43,44.13,42.94,1,-1,-1,-1
79,2,1287.48,827.05,50.03,48.86,1,-1,-1,-1
79,3,890.55,654.85,49.02,47.75,1,-1,-1,-1
79,4,1360.79,807.93,49.18,48.03,1,-1,-1,-1
80,1,775.80,1037.33,44.02,42.95,1,-1,-1,-1
80,2,1285.76,827.79,50.31,48.96,1,-1,-1,-1
80,3,892.74,655.65,49.21,47.96,1,-1,-1,-1
80,4,1367.28,810.79,47.92,46.72,1,-1,-1,-1
81,1,775.23,1035.61,44.21,42.95,1,-1,-1,-1
81,2,1284.58,830.04,49.64,48.33,1,-1,-1,-1
81,3,895.48,656.61,49.26,48.03,1,-1,-1,-1
81,4,1372.27,813.19,48.66,47.55,1,-1,-1,-1
82,1,775.04,1033.66,44.38,42.96,1,-1,-1,-1
82,2,1283.55,831.54,49.36,48.10,1,-1,-1,-1
82,3,898.47,660.92,45.22,44.10,1,-1,-1,-1
82,4,1377.31,815.37,48.87,47.86,1,-1,-1,-1
83,1,773.66,1030.96,44.54,42.96,1,-1,-1,-1
83,2,1282.57,832.08,49.25,48.01,1,-1,-1,-1
83,3,901.19,659.16,48.44,47.35,1,-1,-1,-1
83,4,1383.02,818.79,48.89,47.97,1,-1,-1,-1
84,1,772.60,1029.32,43.80,42.31,1,-1,-1,-1
84,2,1282.27,832.25,49.19,47.98,1,-1,-1,-1
84,3,903.76,659.86,48.90,47.81,1,-1,-1,-1
84,4,1388.33,821.37,48.84,48.02,1,-1,-1,-1
85,1,771.97,1026.08,44.10,42.73,1,-1,-1,-1
85,2,1283.44,830.31,50.03,48.63,1,-1,-1,-1
85,3,907.28,660.77,49.07,47.99,1,-1,-1,-1
85,4,1394.05,824.93,47.63,46.71,1,-1,-1,-1
86,1,772.01,1024.26,44.41,42.89,1,-1,-1,-1
86,2,1285.20,827.59,50.44,48.88,1,-1,-1,-1
86,3,911.21,665.04,45.10,44.10,1,-1,-1,-1
86,4,1400.06,826.88,48.39,47.54,1,-1,-1,-1
87,1,771.37,1021.64,44.62,42.95,1,-1,-1,-1
87,2,1287.00,824.56,50.39,48.97,1,-1,-1,-1
87,3,914.28,661.90,48.33,47.35,1,-1,-1,-1
87,4,1404.98,828.21,49.58,48.51,1,-1,-1,-1
88,1,770.48,1019.38,44.77,42.97,1,-1,-1,-1
88,2,1289.91,820.78,50.57,49.01,1,-1,-1,-1
88,3,917.61,661.47,48.80,47.82,1,-1,-1,-1
88,4,1411.02,831.28,49.18,48.22,1,-1,-1,-1
89,1,768.60,1016.60,46.67,44.97,1,-1,-1,-1
89,2,1293.63,816.73,50.72,49.02,1,-1,-1,-1
89,3,921.41,661.28,48.98,48.00,1,-1,-1,-1
89,4,1416.45,833.70,48.97,48.10,1,-1,-1,-1
90,1,767.54,1014.96,45.55,43.76,1,-1,-1,-1
90,2,1296.98,811.92,50.85,49.02,1,-1,-1,-1
90,3,925.68,661.20,47.81,46.74,1,-1,-1,-1
90,4,1420.49,833.88,49.79,48.72,1,-1,-1,-1
91,1,766.49,1013.08,45.16,43.27,1,-1,-1,-1
91,2,1299.63,807.51,50.09,48.36,1,-1,-1,-1
91,3,928.89,663.81,44.59,43.59,1,-1,-1,-1
91,4,1425.36,835.86,49.64,48.29,1,-1,-1,-1
92,1,764.55,1011.12,46.86,45.08,1,-1,-1,-1
92,2,1303.84,801.92,50.63,48.77,1,-1,-1,-1
92,3,932.62,660.70,47.54,46.49,1,-1,-1,-1
92,4,1429.57,837.21,49.72,48.12,1,-1,-1,-1
93,1,763.48,1009.77,45.65,43.79,1,-1,-1,-1
93,2,1307.98,796.60,50.90,48.93,1,-1,-1,-1
93,3,935.22,659.62,48.56,47.49,1,-1,-1,-1
93,4,1433.73,838.31,49.50,48.05,1,-1,-1,-1
94,1,761.77,1008.68,45.23,43.28,1,-1,-1,-1
94,2,1311.45,792.04,51.06,48.98,1,-1,-1,-1
94,3,937.41,659.20,48.95,47.88,1,-1,-1,-1
94,4,1437.80,839.32,49.33,48.03,1,-1,-1,-1
95,1,759.81,1007.01,45.13,43.09,1,-1,-1,-1
95,2,1315.32,787.77,51.17,49.00,1,-1,-1,-1
95,3,939.44,659.04,49.09,48.02,1,-1,-1,-1
95,4,1441.35,839.64,50.16,48.68,1,-1,-1,-1
96,1,757.78,1005.78,45.14,43.01,1,-1,-1,-1
96,2,1317.72,783.62,51.16,49.01,1,-1,-1,-1
96,3,942.08,658.32,49.13,48.07,1,-1,-1,-1
96,4,1445.11,841.02,50.55,48.92,1,-1,-1,-1
97,1,755.72,1004.72,45.20,42.99,1,-1,-1,-1
97,2,1320.16,778.86,51.24,49.01,1,-1,-1,-1
97,3,944.29,658.71,49.14,48.08,1,-1,-1,-1
97,4,1450.56,844.79,50.19,48.35,1,-1,-1,-1
98,1,753.46,1003.72,44.98,42.98,1,-1,-1,-1
98,2,1322.02,774.55,51.22,49.01,1,-1,-1,-1
98,3,945.68,659.52,49.13,48.08,1,-1,-1,-1
98,4,1455.22,848.14,49.79,48.13,1,-1,-1,-1
99,1,752.91,1002.74,45.07,42.98,1,-1,-1,-1
99,2,1322.65,769.74,51.20,49.01,1,-1,-1,-1
99,3,946.48,658.52,49.69,48.73,1,-1,-1,-1
99,4,1459.49,851.33,49.54,48.05,1,-1,-1,-1
100,1,752.08,1002.43,45.16,42.98,1,-1,-1,-1
100,2,1322.87,764.09,53.05,50.99,1,-1,-1,-1
100,3,947.66,659.45,49.28,48.32,1,-1,-1,-1
100,4,1464.27,855.10,49.37,48.01,1,-1,-1,-1
101,1,750.94,1001.04,44.96,42.98,1,-1,-1,-1
101,2,1322.54,759.46,51.89,49.78,1,-1,-1,-1
101,3,948.67,660.47,49.11,48.15,1,-1,-1,-1
101,4,1469.90,857.76,49.23,48.00,1,-1,-1,-1
102,1,750.15,1000.57,45.06,42.99,1,-1,-1,-1
102,2,1320.73,754.54,53.25,51.28,1,-1,-1,-1
102,3,949.63,661.52,49.05,48.08,1,-1,-1,-1
102,4,1475.19,860.67,49.11,48.00,1,-1,-1,-1
103,1,749.22,1000.44,45.15,42.99,1,-1,-1,-1
103,2,1319.44,750.20,53.63,51.83,1,-1,-1,-1
103,3,949.91,662.57,49.02,48.05,1,-1,-1,-1
103,4,1482.24,863.00,47.84,46.67,1,-1,-1,-1
104,1,747.38,999.78,44.94,42.99,1,-1,-1,-1
104,2,1317.20,746.72,51.94,50.07,1,-1,-1,-1
104,3,949.94,662.29,49.01,48.04,1,-1,-1,-1
104,4,1488.00,865.11,47.41,46.17,1,-1,-1,-1
105,1,746.13,999.57,44.76,42.99,1,-1,-1,-1
105,2,1314.92,742.92,51.33,49.38,1,-1,-1,-1
105,3,950.54,662.18,49.01,48.03,1,-1,-1,-1
105,4,1493.26,866.47,47.30,45.99,1,-1,-1,-1
106,1,745.09,999.53,44.59,42.99,1,-1,-1,-1
106,2,1312.15,740.99,50.28,48.45,1,-1,-1,-1
106,3,951.36,662.79,49.00,48.03,1,-1,-1,-1
106,4,1499.66,867.56,47.30,45.93,1,-1,-1,-1
107,1,743.66,998.89,44.72,42.99,1,-1,-1,-1
107,2,1308.45,738.43,49.85,48.11,1,-1,-1,-1
107,3,952.28,662.35,49.00,48.02,1,-1,-1,-1
107,4,1506.04,868.54,45.60,43.93,1,-1,-1,-1
108,1,741.16,998.02,44.85,42.99,1,-1,-1,-1
108,2,1304.34,734.28,50.53,48.65,1,-1,-1,-1
108,3,953.60,660.86,49.58,48.68,1,-1,-1,-1
108,4,1512.03,868.13,44.66,43.17,1,-1,-1,-1
109,1,737.69,997.72,44.08,42.33,1,-1,-1,-1
109,2,1299.97,731.54,50.56,48.86,1,-1,-1,-1
109,3,954.74,659.63,49.74,48.93,1,-1,-1,-1
109,4,1517.04,869.26,43.66,42.24,1,-1,-1,-1
110,1,735.50,996.32,44.35,42.75,1,-1,-1,-1
110,2,1296.60,729.32,50.77,48.94,1,-1,-1,-1
110,3,955.41,658.51,51.19,50.33,1,-1,-1,-1
110,4,1521.37,868.93,43.28,41.92,1,-1,-1,-1
111,1,734.32,995.16,44.64,42.91,1,-1,-1,-1
111,2,1291.86,726.64,50.63,48.97,1,-1,-1,-1
111,3,958.24,658.74,49.75,48.90,1,-1,-1,-1
111,4,1526.03,868.08,41.96,40.48,1,-1,-1,-1
112,1,731.70,993.43,46.59,44.95,1,-1,-1,-1
112,2,1287.16,725.75,49.90,48.32,1,-1,-1,-1
112,3,958.61,658.18,49.18,48.33,1,-1,-1,-1
112,4,1528.89,866.34,42.78,41.32,1,-1,-1,-1
113,1,730.36,992.81,45.50,43.76,1,-1,-1,-1
113,2,1283.20,723.57,50.18,48.74,1,-1,-1,-1
113,3,959.36,657.32,48.98,48.12,1,-1,-1,-1
113,4,1532.40,865.69,41.88,40.30,1,-1,-1,-1
114,1,728.58,991.29,45.12,43.28,1,-1,-1,-1
114,2,1279.38,722.19,50.49,48.90,1,-1,-1,-1
114,3,959.58,657.00,48.91,48.03,1,-1,-1,-1
114,4,1534.58,864.06,41.35,39.94,1,-1,-1,-1
115,1,726.62,989.44,45.05,43.10,1,-1,-1,-1
115,2,1276.01,721.78,50.69,48.96,1,-1,-1,-1
115,3,958.96,657.56,48.89,48.00,1,-1,-1,-1
115,4,1534.84,862.11,42.58,41.17,1,-1,-1,-1
116,1,724.60,988.12,45.08,43.03,1,-1,-1,-1
116,2,1272.16,720.41,50.83,48.99,1,-1,-1,-1
116,3,958.01,657.78,48.89,47.99,1,-1,-1,-1
116,4,1536.16,860.72,43.01,41.63,1,-1,-1,-1
117,1,723.87,987.00,45.14,43.01,1,-1,-1,-1
117,2,1268.13,719.33,50.95,49.00,1,-1,-1,-1
117,3,957.33,656.55,49.48,48.65,1,-1,-1,-1
117,4,1536.22,858.88,43.75,42.47,1,-1,-1,-1
118,1,721.43,985.30,47.00,44.98,1,-1,-1,-1
118,2,1263.27,720.33,46.66,45.04,1,-1,-1,-1
118,3,956.70,657.41,49.08,48.24,1,-1,-1,-1
118,4,1536.16,858.19,43.96,42.80,1,-1,-1,-1
119,1,719.31,984.69,47.57,45.71,1,-1,-1,-1
119,2,1260.41,719.51,49.44,47.61,1,-1,-1,-1
119,3,956.73,658.41,47.68,46.76,1,-1,-1,-1
119,4,1536.33,858.60,43.40,42.26,1,-1,-1,-1
120,1,717.96,983.85,47.68,45.99,1,-1,-1,-1
120,2,1258.07,719.22,50.47,48.49,1,-1,-1,-1
120,3,956.69,658.13,47.22,46.20,1,-1,-1,-1
120,4,1535.99,857.44,43.77,42.73,1,-1,-1,-1
121,1,717.47,984.22,47.81,46.09,1,-1,-1,-1
121,2,1254.10,720.50,50.05,48.18,1,-1,-1,-1
121,3,955.96,658.02,47.11,46.00,1,-1,-1,-1
121,4,1534.78,857.68,43.27,42.24,1,-1,-1,-1
122,1,717.33,984.41,47.87,46.11,1,-1,-1,-1
122,2,1251.78,720.40,50.43,48.72,1,-1,-1,-1
122,3,954.99,657.99,47.12,45.93,1,-1,-1,-1
122,4,1533.57,857.79,43.08,42.06,1,-1,-1,-1
123,1,717.65,984.51,45.96,44.15,1,-1,-1,-1
123,2,1249.09,719.74,50.48,48.92,1,-1,-1,-1
123,3,952.68,657.98,48.35,47.24,1,-1,-1,-1
123,4,1533.04,857.84,43.01,41.99,1,-1,-1,-1
124,1,717.82,984.60,45.27,43.38,1,-1,-1,-1
124,2,1247.20,721.52,49.83,48.34,1,-1,-1,-1
124,3,949.88,656.66,49.42,48.39,1,-1,-1,-1
124,4,1532.71,857.87,41.83,40.65,1,-1,-1,-1
125,1,716.90,983.32,47.07,45.10,1,-1,-1,-1
125,2,1243.97,721.57,49.55,48.12,1,-1,-1,-1
125,3,948.38,655.51,50.05,48.83,1,-1,-1,-1
125,4,1532.95,857.89,41.20,40.14,1,-1,-1,-1
126,1,715.93,982.86,47.73,45.73,1,-1,-1,-1
126,2,1241.26,720.30,50.01,48.69,1,-1,-1,-1
126,3,946.46,655.07,50.39,48.99,1,-1,-1,-1
126,4,1530.62,857.24,42.38,41.30,1,-1,-1,-1
127,1,715.04,982.72,47.78,45.97,1,-1,-1,-1
127,2,1238.69,719.84,49.52,48.25,1,-1,-1,-1
127,3,943.81,654.92,51.75,50.36,1,-1,-1,-1
127,4,1530.32,857.66,41.66,40.41,1,-1,-1,-1
128,1,714.04,982.69,47.89,46.05,1,-1,-1,-1
128,2,1235.86,717.72,49.32,48.08,1,-1,-1,-1
128,3,941.55,654.87,52.24,50.88,1,-1,-1,-1
128,4,1531.27,857.83,41.19,40.08,1,-1,-1,-1
129,1,713.14,982.70,47.74,46.08,1,-1,-1,-1
129,2,1233.59,715.62,49.24,48.02,1,-1,-1,-1
129,3,939.98,655.51,51.26,49.76,1,-1,-1,-1
129,4,1532.30,858.57,40.97,39.96,1,-1,-1,-1
130,1,712.22,983.38,47.58,46.08,1,-1,-1,-1
130,2,1231.16,713.54,47.94,46.67,1,-1,-1,-1
130,3,937.48,655.78,52.11,50.63,1,-1,-1,-1
130,4,1532.69,858.85,40.83,39.92,1,-1,-1,-1
131,1,711.20,984.32,47.63,46.07,1,-1,-1,-1
131,2,1227.95,709.46,49.63,48.17,1,-1,-1,-1
131,3,935.86,657.19,51.24,49.64,1,-1,-1,-1
131,4,1533.50,858.95,40.74,39.92,1,-1,-1,-1
132,1,709.62,986.01,47.47,46.07,1,-1,-1,-1
132,2,1225.47,706.69,50.34,48.72,1,-1,-1,-1
132,3,934.60,657.74,50.98,49.25,1,-1,-1,-1
132,4,1535.13,858.99,40.66,39.92,1,-1,-1,-1
133,1,708.65,987.97,45.59,44.08,1,-1,-1,-1
133,2,1222.08,706.34,49.82,48.27,1,-1,-1,-1
133,3,933.47,659.26,50.94,49.10,1,-1,-1,-1
133,4,1535.35,859.01,42.04,41.25,1,-1,-1,-1
134,1,706.95,989.40,44.95,43.32,1,-1,-1,-1
134,2,1218.83,703.63,50.46,48.76,1,-1,-1,-1
134,3,930.89,660.50,50.71,49.04,1,-1,-1,-1
134,4,1536.06,858.36,42.57,41.75,1,-1,-1,-1
135,1,705.00,990.58,44.79,43.04,1,-1,-1,-1
135,2,1217.01,702.01,50.77,48.94,1,-1,-1,-1
135,3,928.99,662.27,49.94,48.36,1,-1,-1,-1
135,4,1536.96,857.45,42.78,41.94,1,-1,-1,-1
136,1,702.95,991.67,44.81,42.95,1,-1,-1,-1
136,2,1214.42,700.13,50.95,49.01,1,-1,-1,-1
136,3,927.68,663.59,49.62,48.10,1,-1,-1,-1
136,4,1538.59,857.11,42.87,42.01,1,-1,-1,-1
137,1,700.87,992.73,44.89,42.92,1,-1,-1,-1
137,2,1212.19,698.83,51.07,49.03,1,-1,-1,-1
137,3,925.93,664.73,49.47,48.01,1,-1,-1,-1
137,4,1539.38,856.94,42.96,42.10,1,-1,-1,-1
138,1,699.45,993.10,44.99,42.92,1,-1,-1,-1
138,2,1209.45,697.74,51.17,49.03,1,-1,-1,-1
138,3,924.02,665.13,49.39,47.97,1,-1,-1,-1
139,1,697.62,993.22,45.08,42.92,1,-1,-1,-1
139,2,1206.98,696.72,50.97,49.03,1,-1,-1,-1
139,3,922.60,663.27,50.21,48.63,1,-1,-1,-1
140,1,695.40,991.92,46.96,44.92,1,-1,-1,-1
140,2,1204.22,695.74,50.78,49.03,1,-1,-1,-1
140,3,922.49,663.87,48.48,46.90,1,-1,-1,-1
141,1,693.37,991.42,47.54,45.66,1,-1,-1,-1
141,2,1201.64,696.08,50.02,48.37,1,-1,-1,-1
141,3,921.17,662.74,47.83,46.23,1,-1,-1,-1
142,1,692.04,989.91,47.65,45.94,1,-1,-1,-1
142,2,1198.70,694.28,50.57,48.78,1,-1,-1,-1
142,3,920.13,660.98,48.82,47.33,1,-1,-1,-1
143,1,691.86,989.32,45.86,44.08,1,-1,-1,-1
143,2,1194.47,694.31,49.98,48.27,1,-1,-1,-1
143,3,918.79,659.67,49.19,47.74,1,-1,-1,-1
144,1,690.94,987.76,47.01,45.35,1,-1,-1,-1
144,2,1191.67,694.38,49.71,48.08,1,-1,-1,-1
144,3,918.35,658.51,49.31,47.90,1,-1,-1,-1
145,1,690.25,985.88,45.59,43.85,1,-1,-1,-1
145,2,1188.09,693.12,49.58,48.01,1,-1,-1,-1
145,3,918.24,656.76,49.33,47.96,1,-1,-1,-1
146,1,688.49,983.83,44.82,43.27,1,-1,-1,-1
146,2,1184.59,690.70,50.08,48.65,1,-1,-1,-1
146,3,918.26,655.45,49.32,47.99,1,-1,-1,-1
147,1,688.13,981.76,44.73,43.05,1,-1,-1,-1
147,2,1181.13,689.83,45.56,44.28,1,-1,-1,-1
147,3,918.98,654.31,49.30,48.00,1,-1,-1,-1
148,1,687.34,979.68,44.78,42.97,1,-1,-1,-1
148,2,1177.90,688.21,48.01,46.69,1,-1,-1,-1
148,3,919.19,652.58,50.14,48.66,1,-1,-1,-1
149,1,686.39,977.60,44.87,42.95,1,-1,-1,-1
149,2,1174.73,685.68,49.68,48.16,1,-1,-1,-1
149,3,919.26,651.95,50.54,48.91,1,-1,-1,-1
150,1,684.72,975.53,44.97,42.95,1,-1,-1,-1
150,2,1171.68,684.76,46.38,44.81,1,-1,-1,-1
150,3,919.27,652.40,50.77,49.00,1,-1,-1,-1
151,1,684.12,974.13,45.06,42.95,1,-1,-1,-1
151,2,1169.35,684.50,48.46,46.88,1,-1,-1,-1
151,3,919.07,653.25,50.63,49.03,1,-1,-1,-1
152,1,683.25,972.98,45.15,42.95,1,-1,-1,-1
152,2,1167.63,683.76,49.73,48.26,1,-1,-1,-1
152,3,918.94,652.94,52.71,51.02,1,-1,-1,-1
153,1,682.28,971.94,45.23,42.96,1,-1,-1,-1
153,2,1165.18,683.52,48.12,46.83,1,-1,-1,-1
153,3,918.63,653.48,52.74,51.11,1,-1,-1,-1
154,1,681.27,970.92,45.31,42.96,1,-1,-1,-1
154,2,1164.69,683.49,48.88,47.59,1,-1,-1,-1
154,3,918.47,654.36,51.55,49.82,1,-1,-1,-1
155,1,679.36,969.93,47.17,44.95,1,-1,-1,-1
155,2,1162.99,681.53,49.72,48.54,1,-1,-1,-1
155,3,917.80,655.38,52.32,50.64,1,-1,-1,-1
156,1,677.99,968.93,47.92,45.69,1,-1,-1,-1
156,2,1162.09,681.48,49.39,48.24,1,-1,-1,-1
156,3,916.55,655.76,53.34,51.60,1,-1,-1,-1
157,1,676.21,968.59,48.19,45.97,1,-1,-1,-1
157,2,1161.20,680.84,49.25,48.11,1,-1,-1,-1
157,3,915.42,655.91,53.73,51.95,1,-1,-1,-1
158,1,674.27,968.50,48.28,46.07,1,-1,-1,-1
158,2,1160.19,679.98,50.05,48.72,1,-1,-1,-1
158,3,914.08,657.28,53.11,51.42,1,-1,-1,-1
159,1,672.59,967.85,46.34,44.13,1,-1,-1,-1
159,2,1159.84,679.03,50.44,48.95,1,-1,-1,-1
159,3,912.95,657.80,52.82,51.21,1,-1,-1,-1
160,1,669.08,966.98,47.43,45.38,1,-1,-1,-1
160,2,1159.08,679.35,50.67,49.03,1,-1,-1,-1
160,3,912.49,658.65,51.51,49.80,1,-1,-1,-1
161,1,666.80,966.68,45.95,43.87,1,-1,-1,-1
161,2,1157.86,678.20,52.76,51.03,1,-1,-1,-1
161,3,910.12,658.97,50.79,49.26,1,-1,-1,-1
162,1,663.98,965.95,45.42,43.27,1,-1,-1,-1
162,2,1157.73,678.43,51.65,49.83,1,-1,-1,-1
162,3,908.83,658.41,50.73,49.06,1,-1,-1,-1
163,1,660.98,965.04,45.28,43.06,1,-1,-1,-1
163,2,1157.43,677.91,53.21,51.33,1,-1,-1,-1
163,3,906.46,659.52,49.91,48.33,1,-1,-1,-1
164,1,657.91,964.73,45.27,42.98,1,-1,-1,-1
164,2,1156.05,677.73,53.79,51.88,1,-1,-1,-1
164,3,905.33,658.60,50.16,48.72,1,-1,-1,-1
165,1,654.16,963.32,45.31,42.95,1,-1,-1,-1
165,2,1154.91,676.38,54.00,52.07,1,-1,-1,-1
165,3,903.30,658.25,49.60,48.21,1,-1,-1,-1
166,1,650.54,962.16,45.27,42.95,1,-1,-1,-1
166,2,1153.87,675.89,54.08,52.14,1,-1,-1,-1
166,3,902.48,656.78,50.24,48.69,1,-1,-1,-1
167,1,647.29,961.09,45.24,42.95,1,-1,-1,-1
167,2,1152.87,675.07,54.09,52.15,1,-1,-1,-1
167,3,900.67,655.57,50.28,48.87,1,-1,-1,-1
168,1,644.85,960.73,45.22,42.96,1,-1,-1,-1
168,2,1150.29,674.13,53.32,51.49,1,-1,-1,-1
168,3,899.59,653.80,50.50,48.94,1,-1,-1,-1
169,1,642.33,959.96,45.29,42.96,1,-1,-1,-1
169,2,1147.31,673.14,53.16,51.22,1,-1,-1,-1
169,3,897.87,652.47,50.67,48.97,1,-1,-1,-1
170,1,639.85,959.70,45.27,42.97,1,-1,-1,-1
170,2,1144.32,671.47,52.96,51.12,1,-1,-1,-1
170,3,896.68,652.65,49.93,48.32,1,-1,-1,-1
171,1,637.98,959.64,45.34,42.97,1,-1,-1,-1
171,2,1140.67,672.19,50.79,49.09,1,-1,-1,-1
171,3,894.68,652.08,50.21,48.74,1,-1,-1,-1
172,1,636.03,959.64,45.40,42.97,1,-1,-1,-1
172,2,1141.84,674.52,46.37,44.96,1,-1,-1,-1
172,3,893.35,651.88,50.24,48.90,1,-1,-1,-1
173,1,634.71,959.67,45.46,42.98,1,-1,-1,-1
173,2,1135.79,671.99,48.29,46.87,1,-1,-1,-1
173,3,893.15,653.14,48.43,46.98,1,-1,-1,-1
174,1,632.06,959.04,47.31,44.96,1,-1,-1,-1
174,2,1130.43,669.14,48.92,47.52,1,-1,-1,-1
174,3,892.82,653.64,47.73,46.25,1,-1,-1,-1
175,1,630.55,958.82,47.86,45.70,1,-1,-1,-1
175,2,1126.41,666.10,50.02,48.45,1,-1,-1,-1
175,3,891.08,654.50,48.80,47.33,1,-1,-1,-1
176,1,628.81,958.11,47.95,45.98,1,-1,-1,-1
176,2,1122.14,664.33,49.55,48.14,1,-1,-1,-1
176,3,891.09,657.46,45.98,44.43,1,-1,-1,-1
177,1,628.50,957.85,46.12,44.12,1,-1,-1,-1
177,2,1118.30,663.04,49.40,48.02,1,-1,-1,-1
177,3,888.46,657.25,48.28,46.72,1,-1,-1,-1
178,1,626.24,956.45,47.25,45.38,1,-1,-1,-1
178,2,1114.99,661.94,49.32,47.98,1,-1,-1,-1
178,3,886.91,657.83,49.05,47.52,1,-1,-1,-1
179,1,624.20,955.29,47.55,45.84,1,-1,-1,-1
179,2,1111.22,660.91,49.27,47.97,1,-1,-1,-1
179,3,884.12,657.38,49.90,48.49,1,-1,-1,-1
180,1,622.89,954.87,47.56,46.01,1,-1,-1,-1
180,2,1107.94,660.57,49.24,47.97,1,-1,-1,-1
180,3,881.83,657.20,50.15,48.86,1,-1,-1,-1
180,5,1513.84,887.96,46.15,46.05,1,-1,-1,-1
181,1,621.19,955.39,47.47,46.07,1,-1,-1,-1
181,2,1105.51,660.48,49.22,47.97,1,-1,-1,-1
181,3,879.37,658.44,49.59,48.34,1,-1,-1,-1
181,5,1507.75,889.40,41.84,41.64,1,-1,-1,-1
182,1,620.00,956.27,47.35,46.09,1,-1,-1,-1
182,2,1104.06,660.49,49.20,47.97,1,-1,-1,-1
182,3,878.13,659.57,48.10,46.81,1,-1,-1,-1
182,5,1505.07,889.15,42.85,42.43,1,-1,-1,-1
183,1,619.00,957.94,47.23,46.08,1,-1,-1,-1
183,2,1102.07,661.86,45.70,44.67,1,-1,-1,-1
183,3,874.75,659.31,48.85,47.57,1,-1,-1,-1
183,5,1498.24,887.63,46.71,46.28,1,-1,-1,-1
184,1,617.41,958.59,47.11,46.08,1,-1,-1,-1
184,2,1099.74,661.07,47.88,46.81,1,-1,-1,-1
184,3,871.48,657.89,49.97,48.51,1,-1,-1,-1
184,5,1493.89,887.79,46.77,46.25,1,-1,-1,-1
185,1,616.24,960.16,47.01,46.07,1,-1,-1,-1
185,2,1097.63,660.15,48.63,47.55,1,-1,-1,-1
185,3,868.30,657.34,50.48,48.86,1,-1,-1,-1
185,5,1489.10,887.87,48.07,47.57,1,-1,-1,-1
186,1,615.23,961.41,46.91,46.06,1,-1,-1,-1
186,2,1095.33,659.82,49.50,48.50,1,-1,-1,-1
186,3,864.60,657.79,49.88,48.34,1,-1,-1,-1
186,5,1484.83,887.90,48.51,48.04,1,-1,-1,-1
187,1,615.14,963.20,45.10,44.08,1,-1,-1,-1
187,2,1092.88,659.06,51.20,50.17,1,-1,-1,-1
187,3,861.20,657.29,50.49,48.79,1,-1,-1,-1
187,5,1482.07,887.92,48.63,48.19,1,-1,-1,-1
188,1,613.59,964.54,46.28,45.33,1,-1,-1,-1
188,2,1090.08,658.79,51.84,50.80,1,-1,-1,-1
188,3,857.33,656.45,50.79,48.96,1,-1,-1,-1
188,5,1479.15,888.60,47.45,46.90,1,-1,-1,-1
189,1,612.42,966.99,46.65,45.78,1,-1,-1,-1
189,2,1086.76,658.72,52.83,51.69,1,-1,-1,-1
189,3,853.95,656.13,50.96,49.02,1,-1,-1,-1
189,5,1474.10,887.52,48.56,47.72,1,-1,-1,-1
190,1,611.96,969.22,46.93,45.95,1,-1,-1,-1
190,2,1083.89,658.71,52.68,51.37,1,-1,-1,-1
190,3,849.91,656.67,50.80,49.04,1,-1,-1,-1
190,5,1470.95,886.47,49.12,48.02,1,-1,-1,-1
191,1,611.26,972.02,46.90,46.01,1,-1,-1,-1
191,2,1080.24,658.07,51.36,49.92,1,-1,-1,-1
191,3,846.74,657.54,50.92,49.04,1,-1,-1,-1
191,5,1468.52,885.41,49.47,48.12,1,-1,-1,-1
192,1,611.06,975.02,46.84,46.03,1,-1,-1,-1
192,2,1075.71,658.51,50.06,48.68,1,-1,-1,-1
192,3,843.08,659.84,50.15,48.38,1,-1,-1,-1
192,5,1466.36,884.36,49.72,48.14,1,-1,-1,-1
193,1,611.06,978.09,46.77,46.04,1,-1,-1,-1
193,2,1070.78,656.70,51.59,50.22,1,-1,-1,-1
193,3,840.51,662.04,49.82,48.13,1,-1,-1,-1
193,5,1463.65,883.32,49.93,48.14,1,-1,-1,-1
194,1,611.12,981.84,46.70,46.04,1,-1,-1,-1
194,2,1066.44,654.74,52.13,50.78,1,-1,-1,-1
194,3,836.91,663.51,50.53,48.70,1,-1,-1,-1
194,5,1462.04,881.62,50.12,48.13,1,-1,-1,-1
195,1,611.11,984.52,46.82,46.03,1,-1,-1,-1
195,2,1063.51,654.01,51.17,49.68,1,-1,-1,-1
195,3,833.76,666.02,49.99,48.25,1,-1,-1,-1
195,5,1461.02,879.67,49.93,48.11,1,-1,-1,-1
196,1,611.20,988.10,46.74,46.03,1,-1,-1,-1
196,2,1059.29,654.42,49.99,48.58,1,-1,-1,-1
196,3,830.72,668.28,49.74,48.08,1,-1,-1,-1
196,5,1459.01,876.32,50.70,48.76,1,-1,-1,-1
197,1,611.28,990.71,46.67,46.03,1,-1,-1,-1
197,2,1054.89,652.61,50.12,48.84,1,-1,-1,-1
197,3,827.72,669.75,49.61,48.02,1,-1,-1,-1
197,5,1456.35,874.43,51.05,49.00,1,-1,-1,-1
198,1,611.26,992.93,46.80,46.02,1,-1,-1,-1
198,2,1051.06,652.62,49.52,48.27,1,-1,-1,-1
198,3,824.08,671.59,49.53,47.99,1,-1,-1,-1
198,5,1453.88,873.09,52.99,51.05,1,-1,-1,-1
199,1,610.68,995.02,46.72,46.02,1,-1,-1,-1
199,2,1047.10,651.99,49.27,48.06,1,-1,-1,-1
199,3,820.19,672.91,49.47,47.99,1,-1,-1,-1
199,5,1452.43,871.32,53.60,51.82,1,-1,-1,-1
200,1,611.36,997.70,44.93,44.04,1,-1,-1,-1
200,2,1043.11,652.44,49.18,47.98,1,-1,-1,-1
200,3,818.49,674.02,48.16,46.66,1,-1,-1,-1
200,5,1450.94,870.68,52.00,50.15,1,-1,-1,-1
201,1,610.92,999.96,44.36,43.28,1,-1,-1,-1
201,2,1039.69,653.30,47.29,45.97,1,-1,-1,-1
201,3,814.34,673.72,48.98,47.50,1,-1,-1,-1
201,5,1449.80,870.50,51.41,49.47,1,-1,-1,-1
202,1,610.05,1001.38,44.27,43.01,1,-1,-1,-1
202,2,1037.57,654.33,47.27,45.88,1,-1,-1,-1
202,3,810.25,672.26,51.28,49.79,1,-1,-1,-1
202,5,1446.56,870.47,53.02,51.20,1,-1,-1,-1
203,1,608.14,1001.82,46.11,44.92,1,-1,-1,-1
203,2,1032.58,655.38,48.58,47.20,1,-1,-1,-1
203,3,805.95,671.69,50.69,49.35,1,-1,-1,-1
203,5,1443.51,871.13,53.50,51.83,1,-1,-1,-1
204,1,606.18,1002.59,46.72,45.63,1,-1,-1,-1
204,2,1027.27,655.77,49.63,48.35,1,-1,-1,-1
204,3,802.49,671.43,49.70,48.51,1,-1,-1,-1
204,5,1442.69,872.08,51.85,50.11,1,-1,-1,-1
205,1,605.03,1003.47,45.18,43.93,1,-1,-1,-1
205,2,1024.03,657.89,48.14,46.82,1,-1,-1,-1
205,3,798.32,670.64,49.35,48.18,1,-1,-1,-1
205,5,1439.81,871.83,51.26,49.42,1,-1,-1,-1
206,1,603.63,1004.38,44.57,43.27,1,-1,-1,-1
206,2,1019.32,658.04,48.87,47.57,1,-1,-1,-1
206,3,795.57,669.67,49.21,48.06,1,-1,-1,-1
206,5,1436.80,872.42,51.10,49.16,1,-1,-1,-1
207,1,602.07,1004.65,44.49,43.03,1,-1,-1,-1
207,2,1016.68,658.09,47.87,46.52,1,-1,-1,-1
207,3,792.58,667.31,50.01,48.68,1,-1,-1,-1
207,5,1433.75,871.99,51.10,49.06,1,-1,-1,-1
208,1,599.26,1004.03,46.32,44.95,1,-1,-1,-1
208,2,1011.54,658.10,48.80,47.46,1,-1,-1,-1
208,3,788.88,665.10,51.75,50.22,1,-1,-1,-1
208,5,1429.13,871.19,52.93,51.01,1,-1,-1,-1
209,1,596.99,1003.78,46.92,45.66,1,-1,-1,-1
209,2,1007.13,658.10,49.12,47.81,1,-1,-1,-1
209,3,784.11,663.62,50.86,49.50,1,-1,-1,-1
209,5,1426.23,870.25,53.50,51.73,1,-1,-1,-1
210,1,596.40,1004.28,45.36,43.96,1,-1,-1,-1
210,2,1003.93,658.09,47.98,46.62,1,-1,-1,-1
210,3,780.67,662.40,50.72,49.21,1,-1,-1,-1
210,5,1423.52,869.90,51.88,50.04,1,-1,-1,-1
211,1,594.64,1005.09,46.60,45.30,1,-1,-1,-1
211,2,1000.29,657.41,48.75,47.50,1,-1,-1,-1
211,3,776.89,661.30,51.91,50.42,1,-1,-1,-1
211,5,1419.92,869.13,51.30,49.37,1,-1,-1,-1
212,1,594.93,1006.02,45.26,43.83,1,-1,-1,-1
212,2,995.42,656.50,49.06,47.83,1,-1,-1,-1
212,3,773.66,661.55,50.32,48.91,1,-1,-1,-1
212,5,1416.66,867.53,51.14,49.12,1,-1,-1,-1
213,1,592.84,1005.66,46.59,45.25,1,-1,-1,-1
213,2,991.09,656.15,49.17,47.95,1,-1,-1,-1
213,3,771.27,661.68,49.66,48.31,1,-1,-1,-1
213,5,1411.98,865.63,52.92,51.02,1,-1,-1,-1
214,1,591.49,1006.16,46.99,45.77,1,-1,-1,-1
214,2,987.63,656.02,49.19,48.00,1,-1,-1,-1
214,3,769.22,661.75,47.36,46.09,1,-1,-1,-1
214,5,1409.28,863.64,51.73,49.76,1,-1,-1,-1
215,1,589.74,1006.32,47.08,45.97,1,-1,-1,-1
215,2,983.84,656.64,49.19,48.01,1,-1,-1,-1
215,3,767.30,663.15,44.41,43.23,1,-1,-1,-1
215,5,1407.04,861.57,51.31,49.26,1,-1,-1,-1
216,1,588.50,1007.01,47.04,46.04,1,-1,-1,-1
216,2,980.48,656.87,50.04,48.68,1,-1,-1,-1
216,3,763.04,662.31,43.94,42.88,1,-1,-1,-1
216,5,1404.96,859.51,51.21,49.08,1,-1,-1,-1
217,1,586.79,1007.25,46.97,46.06,1,-1,-1,-1
217,2,977.36,658.27,47.77,46.30,1,-1,-1,-1
217,3,759.80,662.06,43.36,42.32,1,-1,-1,-1
217,5,1402.05,856.13,53.00,51.00,1,-1,-1,-1
218,1,584.89,1007.31,46.89,46.06,1,-1,-1,-1
218,2,975.09,660.16,46.77,45.37,1,-1,-1,-1
218,3,755.31,662.76,42.98,41.95,1,-1,-1,-1
218,5,1400.01,853.60,51.82,49.76,1,-1,-1,-1
219,1,584.45,1007.31,45.09,44.08,1,-1,-1,-1
219,2,971.33,660.17,47.17,45.71,1,-1,-1,-1
219,3,748.36,658.75,49.35,48.01,1,-1,-1,-1
219,5,1399.34,851.36,51.39,49.26,1,-1,-1,-1
220,1,582.29,1006.61,44.50,43.32,1,-1,-1,-1
220,2,966.32,658.17,49.50,47.83,1,-1,-1,-1
220,3,745.66,659.32,48.21,46.83,1,-1,-1,-1
220,5,1397.18,847.92,51.28,49.07,1,-1,-1,-1
221,1,579.30,1005.66,44.11,43.04,1,-1,-1,-1
221,2,961.73,658.73,49.48,47.97,1,-1,-1,-1
221,3,741.96,658.84,48.33,46.95,1,-1,-1,-1
221,5,1395.78,844.71,51.29,49.01,1,-1,-1,-1
222,1,577.13,1005.30,44.19,42.95,1,-1,-1,-1
222,2,958.39,658.94,48.33,46.71,1,-1,-1,-1
222,3,737.89,657.30,51.55,50.12,1,-1,-1,-1
222,5,1394.67,841.59,51.33,48.98,1,-1,-1,-1
223,1,573.45,1003.83,46.09,44.92,1,-1,-1,-1
223,2,954.01,659.02,49.14,47.55,1,-1,-1,-1
223,3,734.52,658.87,48.43,46.91,1,-1,-1,-1
223,5,1393.00,837.84,51.39,48.98,1,-1,-1,-1
224,1,570.86,1001.97,46.73,45.65,1,-1,-1,-1
224,2,951.78,661.02,47.57,45.89,1,-1,-1,-1
224,3,730.83,658.49,48.50,46.98,1,-1,-1,-1
224,5,1392.07,834.52,50.85,48.31,1,-1,-1,-1
225,1,569.24,1001.26,45.10,43.96,1,-1,-1,-1
225,2,948.12,661.78,47.63,45.92,1,-1,-1,-1
225,3,728.77,663.51,47.79,46.23,1,-1,-1,-1
225,5,1391.47,830.04,51.33,48.73,1,-1,-1,-1
226,1,567.64,999.66,44.60,43.30,1,-1,-1,-1
226,2,943.57,662.71,47.67,45.93,1,-1,-1,-1
226,3,724.82,665.26,47.08,45.39,1,-1,-1,-1
226,5,1390.64,825.16,51.53,48.89,1,-1,-1,-1
227,1,564.79,998.41,44.42,43.06,1,-1,-1,-1
227,2,939.41,663.71,48.88,47.27,1,-1,-1,-1
227,3,721.26,665.59,46.98,45.29,1,-1,-1,-1
227,5,1389.07,820.77,51.63,48.95,1,-1,-1,-1
228,1,562.45,997.30,44.39,42.97,1,-1,-1,-1
228,2,935.98,664.73,48.09,46.46,1,-1,-1,-1
228,3,716.46,666.77,47.57,45.82,1,-1,-1,-1
228,5,1387.87,817.24,51.69,48.98,1,-1,-1,-1
229,1,559.93,996.24,44.52,42.95,1,-1,-1,-1
229,2,931.16,665.76,45.84,44.15,1,-1,-1,-1
229,3,713.29,667.74,47.12,45.26,1,-1,-1,-1
229,5,1387.11,815.37,51.13,48.33,1,-1,-1,-1
230,1,557.70,995.20,44.65,42.94,1,-1,-1,-1
230,2,926.24,667.47,44.18,42.60,1,-1,-1,-1
230,3,709.25,668.08,47.62,45.72,1,-1,-1,-1
230,5,1385.23,812.80,51.59,48.74,1,-1,-1,-1
231,1,554.02,993.51,46.55,44.93,1,-1,-1,-1
231,2,921.20,666.71,45.65,44.08,1,-1,-1,-1
231,3,705.88,668.19,47.81,45.90,1,-1,-1,-1
231,5,1383.92,809.96,51.77,48.90,1,-1,-1,-1
232,1,551.46,991.60,47.16,45.67,1,-1,-1,-1
232,2,917.12,665.77,46.93,45.28,1,-1,-1,-1
232,3,701.14,666.89,49.15,47.28,1,-1,-1,-1
232,5,1382.82,808.33,51.85,48.96,1,-1,-1,-1
233,1,550.15,990.24,45.58,44.00,1,-1,-1,-1
233,2,913.47,666.05,46.66,45.08,1,-1,-1,-1
233,3,699.14,666.39,48.35,46.50,1,-1,-1,-1
233,5,1380.78,807.83,51.28,48.33,1,-1,-1,-1
234,1,547.51,987.76,46.81,45.33,1,-1,-1,-1
234,2,909.24,664.82,47.31,45.67,1,-1,-1,-1
234,3,694.27,664.86,49.31,47.51,1,-1,-1,-1
234,5,1379.08,805.10,51.73,48.75,1,-1,-1,-1
235,1,545.32,985.56,47.17,45.82,1,-1,-1,-1
235,2,904.19,661.71,48.83,47.21,1,-1,-1,-1
235,3,690.62,663.64,49.62,47.88,1,-1,-1,-1
235,5,1376.51,802.85,51.90,48.91,1,-1,-1,-1
236,1,544.16,984.11,45.50,44.04,1,-1,-1,-1
236,2,899.81,659.24,49.37,47.79,1,-1,-1,-1
236,3,687.31,661.85,50.56,48.68,1,-1,-1,-1
236,5,1373.62,800.77,51.97,48.97,1,-1,-1,-1
237,1,542.46,982.95,44.93,43.34,1,-1,-1,-1
237,2,896.24,655.02,50.40,48.66,1,-1,-1,-1
237,3,683.64,661.18,50.11,48.32,1,-1,-1,-1
237,5,1369.95,799.42,51.99,48.99,1,-1,-1,-1
238,1,540.25,981.90,44.70,43.08,1,-1,-1,-1
238,2,892.45,650.82,52.01,50.29,1,-1,-1,-1
238,3,680.67,658.31,52.69,50.80,1,-1,-1,-1
238,5,1365.34,797.69,52.00,49.00,1,-1,-1,-1
239,1,539.11,980.89,44.74,42.99,1,-1,-1,-1
239,2,889.60,647.29,51.14,49.60,1,-1,-1,-1
239,3,677.97,657.24,53.08,51.08,1,-1,-1,-1
239,5,1361.69,796.46,52.00,49.00,1,-1,-1,-1
240,1,537.40,979.89,44.83,42.96,1,-1,-1,-1
240,2,886.38,644.66,50.12,48.66,1,-1,-1,-1
240,3,674.80,656.20,53.85,51.82,1,-1,-1,-1
240,5,1357.10,795.42,52.00,49.00,1,-1,-1,-1
241,1,534.59,978.24,46.71,44.94,1,-1,-1,-1
241,2,884.57,641.73,50.56,48.95,1,-1,-1,-1
241,3,672.05,655.82,53.55,51.44,1,-1,-1,-1
241,5,1352.82,794.45,52.00,49.00,1,-1,-1,-1
242,1,532.99,976.35,47.31,45.68,1,-1,-1,-1
242,2,882.11,640.68,49.93,48.39,1,-1,-1,-1
242,3,669.50,655.05,54.05,51.93,1,-1,-1,-1
242,5,1348.02,794.82,51.31,48.34,1,-1,-1,-1
243,1,531.75,975.02,47.63,45.96,1,-1,-1,-1
243,2,880.68,641.01,49.66,48.17,1,-1,-1,-1
243,3,666.69,654.13,54.22,52.10,1,-1,-1,-1
243,5,1342.44,795.04,50.86,48.09,1,-1,-1,-1
244,1,530.69,974.55,47.76,46.06,1,-1,-1,-1
244,2,878.67,640.54,50.11,48.75,1,-1,-1,-1
244,3,664.06,654.46,53.68,51.50,1,-1,-1,-1
244,5,1338.18,795.85,49.30,46.68,1,-1,-1,-1
245,1,529.03,973.77,47.82,46.09,1,-1,-1,-1
245,2,878.35,642.37,49.62,48.30,1,-1,-1,-1
245,3,660.90,653.95,54.10,51.92,1,-1,-1,-1
245,5,1333.75,795.55,49.99,47.49,1,-1,-1,-1
246,1,526.59,973.52,47.66,46.09,1,-1,-1,-1
246,2,879.34,643.79,48.15,46.80,1,-1,-1,-1
246,3,657.85,654.44,54.23,52.06,1,-1,-1,-1
246,5,1330.21,796.80,48.97,46.47,1,-1,-1,-1
247,1,524.36,972.81,47.70,46.09,1,-1,-1,-1
247,2,879.55,644.37,46.84,45.56,1,-1,-1,-1
247,3,654.57,654.64,53.49,51.45,1,-1,-1,-1
247,5,1326.07,797.32,48.52,46.08,1,-1,-1,-1
248,1,521.60,972.58,47.73,46.08,1,-1,-1,-1
248,2,879.74,644.62,46.35,45.11,1,-1,-1,-1
248,3,651.50,655.40,53.14,51.21,1,-1,-1,-1
248,5,1322.75,797.55,49.55,47.28,1,-1,-1,-1
249,1,518.74,972.53,47.56,46.07,1,-1,-1,-1
249,2,879.62,644.72,44.70,43.61,1,-1,-1,-1
249,3,648.78,657.03,53.73,51.77,1,-1,-1,-1
249,5,1319.64,798.97,48.62,46.41,1,-1,-1,-1
250,1,516.67,971.89,45.67,44.08,1,-1,-1,-1
250,2,879.89,645.46,44.33,43.07,1,-1,-1,-1
250,3,645.62,658.96,53.17,51.32,1,-1,-1,-1
250,5,1316.71,800.87,49.46,47.42,1,-1,-1,-1
251,1,512.37,971.02,46.81,45.33,1,-1,-1,-1
251,2,878.73,646.41,45.49,44.23,1,-1,-1,-1
251,3,640.57,659.70,54.95,53.13,1,-1,-1,-1
251,5,1315.14,803.55,48.28,46.48,1,-1,-1,-1
252,1,508.93,970.06,47.13,45.78,1,-1,-1,-1
252,2,877.31,648.09,46.68,45.32,1,-1,-1,-1
252,3,636.84,661.92,55.56,53.80,1,-1,-1,-1
252,5,1312.77,806.59,47.74,46.12,1,-1,-1,-1
253,1,506.33,969.73,47.37,45.96,1,-1,-1,-1
253,2,875.49,650.70,47.17,45.74,1,-1,-1,-1
253,3,634.24,662.78,55.74,54.04,1,-1,-1,-1
253,5,1311.60,809.70,45.69,43.99,1,-1,-1,-1
254,1,503.55,969.64,47.30,46.02,1,-1,-1,-1
254,2,873.52,653.01,47.40,45.91,1,-1,-1,-1
254,3,631.36,664.40,54.61,52.81,1,-1,-1,-1
254,5,1309.72,812.87,46.80,45.23,1,-1,-1,-1
255,1,501.30,968.97,47.20,46.04,1,-1,-1,-1
255,2,869.87,655.19,48.77,47.29,1,-1,-1,-1
255,3,628.76,665.66,54.13,52.33,1,-1,-1,-1
255,5,1309.36,817.95,45.36,43.69,1,-1,-1,-1
256,1,499.26,968.75,47.09,46.04,1,-1,-1,-1
256,2,868.49,657.29,47.44,45.85,1,-1,-1,-1
256,3,626.30,666.11,53.18,51.48,1,-1,-1,-1
256,5,1307.68,821.86,46.88,45.13,1,-1,-1,-1
257,1,497.20,968.69,47.18,46.04,1,-1,-1,-1
257,2,864.46,658.07,48.76,47.28,1,-1,-1,-1
257,3,624.12,666.25,51.60,49.83,1,-1,-1,-1
257,5,1307.12,826.53,47.44,45.66,1,-1,-1,-1
258,1,493.95,968.03,47.07,46.04,1,-1,-1,-1
258,2,859.42,658.99,49.25,47.80,1,-1,-1,-1
258,3,620.44,666.95,50.99,49.21,1,-1,-1,-1
258,5,1306.99,830.87,47.68,45.86,1,-1,-1,-1
259,1,491.72,967.81,45.24,44.05,1,-1,-1,-1
259,2,854.96,659.96,49.41,47.99,1,-1,-1,-1
259,3,616.91,667.85,49.99,48.32,1,-1,-1,-1
259,5,1306.46,835.07,47.59,45.94,1,-1,-1,-1
260,1,488.94,967.08,44.63,43.29,1,-1,-1,-1
260,2,852.41,661.61,49.34,48.06,1,-1,-1,-1
260,3,613.63,666.82,50.48,48.67,1,-1,-1,-1
260,5,1306.29,838.55,47.65,45.98,1,-1,-1,-1
261,1,486.63,966.84,44.51,43.02,1,-1,-1,-1
261,2,848.57,663.52,49.33,48.08,1,-1,-1,-1
261,3,610.21,666.42,50.64,48.81,1,-1,-1,-1
261,5,1306.28,842.40,47.70,45.99,1,-1,-1,-1
262,1,483.53,966.77,44.46,42.93,1,-1,-1,-1
262,2,844.58,664.21,49.31,48.08,1,-1,-1,-1
262,3,607.45,666.25,49.94,48.21,1,-1,-1,-1
262,5,1306.34,846.40,47.73,45.99,1,-1,-1,-1
263,1,481.13,966.09,44.48,42.90,1,-1,-1,-1
263,2,842.16,665.08,48.03,46.76,1,-1,-1,-1
263,3,605.23,666.18,49.64,47.99,1,-1,-1,-1
263,5,1306.40,849.78,47.76,46.00,1,-1,-1,-1
264,1,479.65,965.20,44.52,42.90,1,-1,-1,-1
264,2,837.71,665.37,48.85,47.58,1,-1,-1,-1
264,3,602.82,664.81,50.29,48.58,1,-1,-1,-1
264,5,1307.44,854.91,45.83,44.01,1,-1,-1,-1
265,1,478.14,964.88,44.66,42.91,1,-1,-1,-1
265,2,834.84,664.79,49.13,47.88,1,-1,-1,-1
265,3,599.73,663.63,51.82,50.13,1,-1,-1,-1
265,5,1307.87,858.72,45.16,43.26,1,-1,-1,-1
266,1,476.31,964.78,44.79,42.92,1,-1,-1,-1
266,2,832.55,663.88,49.22,47.99,1,-1,-1,-1
266,3,597.40,663.84,50.34,48.75,1,-1,-1,-1
266,5,1307.84,862.00,44.70,42.99,1,-1,-1,-1
267,1,475.01,964.77,44.90,42.93,1,-1,-1,-1
267,2,831.15,662.84,49.24,48.03,1,-1,-1,-1
267,3,596.00,663.26,49.73,48.22,1,-1,-1,-1
267,5,1308.09,865.10,44.73,42.90,1,-1,-1,-1
268,1,473.25,964.78,45.01,42.94,1,-1,-1,-1
268,2,831.39,661.77,49.23,48.04,1,-1,-1,-1
268,3,594.55,661.72,50.26,48.69,1,-1,-1,-1
268,5,1308.65,868.12,44.54,42.88,1,-1,-1,-1
269,1,471.70,964.14,45.01,42.94,1,-1,-1,-1
269,2,833.86,660.03,47.96,46.72,1,-1,-1,-1
269,3,592.76,660.49,50.48,48.86,1,-1,-1,-1
269,5,1309.59,870.46,44.38,42.88,1,-1,-1,-1
270,1,470.54,963.25,45.01,42.95,1,-1,-1,-1
270,2,834.59,658.02,48.79,47.55,1,-1,-1,-1
270,3,590.86,660.70,50.59,48.94,1,-1,-1,-1
270,5,1311.52,871.87,44.53,42.89,1,-1,-1,-1
271,1,469.91,963.59,44.23,42.29,1,-1,-1,-1
271,2,836.23,656.62,49.08,47.86,1,-1,-1,-1
271,3,589.19,662.11,50.07,48.30,1,-1,-1,-1
271,5,1312.88,872.94,44.67,42.90,1,-1,-1,-1
272,1,469.38,961.74,44.67,42.72,1,-1,-1,-1
272,2,839.93,654.78,49.08,47.97,1,-1,-1,-1
272,3,587.70,663.99,48.48,46.74,1,-1,-1,-1
272,5,1313.70,873.24,46.77,44.90,1,-1,-1,-1
273,1,468.87,959.75,44.94,42.88,1,-1,-1,-1
273,2,843.30,653.44,47.86,46.70,1,-1,-1,-1
273,3,586.58,665.37,47.90,46.15,1,-1,-1,-1
273,5,1314.65,873.29,47.55,45.65,1,-1,-1,-1
274,1,468.42,959.02,45.00,42.94,1,-1,-1,-1
274,2,846.99,652.95,46.67,45.54,1,-1,-1,-1
274,3,584.62,667.21,46.93,45.28,1,-1,-1,-1
274,5,1316.31,873.21,47.85,45.93,1,-1,-1,-1
275,1,467.66,958.77,45.02,42.97,1,-1,-1,-1
275,2,849.71,652.79,46.22,45.11,1,-1,-1,-1
275,3,581.59,668.55,47.33,45.64,1,-1,-1,-1
275,5,1317.59,872.44,47.97,46.04,1,-1,-1,-1
276,1,467.04,958.70,45.12,42.98,1,-1,-1,-1
276,2,852.61,652.09,46.24,44.96,1,-1,-1,-1
276,3,578.28,669.70,46.73,45.12,1,-1,-1,-1
276,5,1318.72,871.41,48.01,46.07,1,-1,-1,-1
277,1,466.17,959.36,45.21,42.98,1,-1,-1,-1
277,2,854.39,651.85,46.17,44.92,1,-1,-1,-1
277,3,575.44,671.44,45.20,43.60,1,-1,-1,-1
277,5,1318.54,868.99,49.20,47.39,1,-1,-1,-1
278,1,463.66,959.63,47.07,44.97,1,-1,-1,-1
278,2,856.63,651.78,46.91,45.57,1,-1,-1,-1
278,3,570.77,672.06,48.05,46.42,1,-1,-1,-1
278,5,1319.18,867.39,48.19,46.58,1,-1,-1,-1
279,1,461.84,961.69,45.04,43.11,1,-1,-1,-1
279,2,859.03,652.43,46.65,45.16,1,-1,-1,-1
279,3,566.84,672.28,47.78,46.13,1,-1,-1,-1
279,5,1318.10,866.06,49.06,47.57,1,-1,-1,-1
280,1,460.87,963.19,42.88,41.03,1,-1,-1,-1
280,2,858.59,652.70,48.50,47.00,1,-1,-1,-1
280,3,561.82,672.32,48.97,47.34,1,-1,-1,-1
280,5,1318.31,866.20,48.14,46.63,1,-1,-1,-1
281,1,457.94,963.76,43.31,41.61,1,-1,-1,-1
281,2,859.72,652.80,49.15,47.68,1,-1,-1,-1
281,3,558.11,672.97,47.35,45.83,1,-1,-1,-1
281,5,1315.78,865.57,49.65,48.24,1,-1,-1,-1
282,1,455.01,964.62,41.99,40.49,1,-1,-1,-1
282,2,861.81,652.20,49.28,47.94,1,-1,-1,-1
282,3,553.88,673.19,47.29,45.91,1,-1,-1,-1
282,5,1314.23,867.27,49.46,48.18,1,-1,-1,-1
283,1,452.57,965.61,41.61,40.08,1,-1,-1,-1
283,2,862.89,651.32,49.34,48.04,1,-1,-1,-1
283,3,549.42,672.59,48.64,47.26,1,-1,-1,-1
283,5,1312.93,869.89,48.15,46.84,1,-1,-1,-1
284,1,449.15,967.31,41.31,39.93,1,-1,-1,-1
284,2,863.92,651.00,49.34,48.07,1,-1,-1,-1
284,3,545.27,673.01,47.12,45.81,1,-1,-1,-1
284,5,1310.43,872.20,47.68,46.31,1,-1,-1,-1
285,1,447.23,969.26,41.33,39.89,1,-1,-1,-1
285,2,865.60,651.54,49.32,48.07,1,-1,-1,-1
285,3,541.48,673.82,45.23,43.90,1,-1,-1,-1
285,5,1307.50,873.69,47.53,46.11,1,-1,-1,-1
286,1,444.57,971.30,41.37,39.88,1,-1,-1,-1
286,2,867.51,651.76,49.30,48.07,1,-1,-1,-1
286,3,536.84,673.42,44.57,43.20,1,-1,-1,-1
286,5,1303.17,874.88,48.68,47.36,1,-1,-1,-1
287,1,442.31,973.36,41.43,39.89,1,-1,-1,-1
287,2,869.52,651.86,49.27,48.06,1,-1,-1,-1
287,3,532.30,673.93,43.60,42.28,1,-1,-1,-1
287,5,1299.00,875.95,49.03,47.82,1,-1,-1,-1
288,1,440.30,975.43,41.29,39.90,1,-1,-1,-1
288,2,871.55,652.56,49.24,48.06,1,-1,-1,-1
288,3,528.77,674.78,43.23,41.96,1,-1,-1,-1
288,5,1295.43,877.64,47.95,46.69,1,-1,-1,-1
289,1,438.91,977.50,41.36,39.91,1,-1,-1,-1
289,2,873.59,652.83,49.22,48.05,1,-1,-1,-1
289,3,525.91,675.07,41.82,40.51,1,-1,-1,-1
289,5,1291.55,878.24,47.37,46.24,1,-1,-1,-1
290,1,437.79,980.22,41.42,39.92,1,-1,-1,-1
290,2,877.25,652.93,47.95,46.72,1,-1,-1,-1
290,3,522.38,675.16,42.56,41.35,1,-1,-1,-1
290,5,1287.45,877.09,47.28,46.07,1,-1,-1,-1
291,1,436.86,982.52,41.29,39.93,1,-1,-1,-1
291,2,879.89,652.97,47.50,46.22,1,-1,-1,-1
291,3,518.19,675.85,42.86,41.66,1,-1,-1,-1
291,5,1282.35,875.30,48.56,47.34,1,-1,-1,-1
292,1,436.84,985.32,39.42,37.95,1,-1,-1,-1
292,2,881.83,653.65,46.60,45.37,1,-1,-1,-1
292,3,514.78,677.42,42.97,41.79,1,-1,-1,-1
292,5,1279.22,873.31,49.02,47.81,1,-1,-1,-1
293,1,436.21,986.98,38.79,37.21,1,-1,-1,-1
293,2,884.77,652.57,47.04,45.72,1,-1,-1,-1
293,3,512.71,678.65,41.56,40.53,1,-1,-1,-1
293,5,1276.15,871.21,49.18,47.98,1,-1,-1,-1
294,1,435.33,989.54,38.66,36.95,1,-1,-1,-1
294,2,887.11,652.17,47.24,45.86,1,-1,-1,-1
294,3,509.46,678.42,40.98,40.06,1,-1,-1,-1
294,5,1274.43,867.77,49.22,48.05,1,-1,-1,-1
295,1,432.78,990.42,40.50,38.87,1,-1,-1,-1
295,2,888.94,652.69,46.59,45.25,1,-1,-1,-1
295,3,505.05,678.32,42.10,41.24,1,-1,-1,-1
295,5,1272.57,865.15,49.22,48.06,1,-1,-1,-1
296,1,431.21,992.02,39.24,37.62,1,-1,-1,-1
296,2,890.86,651.55,48.37,47.03,1,-1,-1,-1
296,3,501.20,677.61,42.56,41.68,1,-1,-1,-1
296,5,1271.30,862.20,49.21,48.07,1,-1,-1,-1
297,1,430.71,993.21,36.69,35.13,1,-1,-1,-1
297,2,894.44,652.44,47.77,46.38,1,-1,-1,-1
297,3,498.84,677.32,41.50,40.53,1,-1,-1,-1
297,5,1270.26,859.79,49.19,48.06,1,-1,-1,-1
298,1,427.94,993.57,37.01,35.57,1,-1,-1,-1
298,2,897.04,652.80,47.56,46.12,1,-1,-1,-1
298,3,494.46,676.52,42.43,41.44,1,-1,-1,-1
298,5,1270.33,856.27,49.75,48.71,1,-1,-1,-1
299,1,426.29,994.33,35.85,34.40,1,-1,-1,-1
299,2,900.17,651.61,49.65,48.01,1,-1,-1,-1
299,3,492.01,675.57,41.33,40.46,1,-1,-1,-1
299,5,1270.09,854.33,49.33,48.30,1,-1,-1,-1
300,1,423.13,993.87,35.27,33.98,1,-1,-1,-1
300,2,903.19,651.82,50.50,48.71,1,-1,-1,-1
300,3,489.18,674.53,41.06,40.09,1,-1,-1,-1
300,5,1271.78,851.66,49.06,48.14,1,-1,-1,-1
301,1,421.35,994.32,33.12,31.82,1,-1,-1,-1
301,2,906.30,653.86,50.03,48.33,1,-1,-1,-1
301,3,485.54,672.81,43.07,41.96,1,-1,-1,-1
301,5,1273.74,849.39,47.75,46.75,1,-1,-1,-1
302,1,417.62,995.11,32.48,31.05,1,-1,-1,-1
302,2,911.66,655.31,48.54,46.85,1,-1,-1,-1
302,3,482.67,672.18,43.09,41.99,1,-1,-1,-1
302,5,1274.23,846.59,48.58,47.56,1,-1,-1,-1
303,1,413.71,997.40,31.46,30.12,1,-1,-1,-1
303,2,915.27,655.19,49.26,47.61,1,-1,-1,-1
303,3,481.06,671.29,43.10,42.01,1,-1,-1,-1
303,5,1276.70,844.29,47.63,46.54,1,-1,-1,-1
304,1,409.56,997.50,32.01,30.50,1,-1,-1,-1
304,2,920.79,655.80,48.23,46.58,1,-1,-1,-1
304,3,479.64,670.97,43.00,42.01,1,-1,-1,-1
304,5,1279.00,842.16,47.32,46.14,1,-1,-1,-1
305,1,403.80,998.17,35.54,34.01,1,-1,-1,-1
305,2,925.18,658.68,45.01,43.52,1,-1,-1,-1
305,3,479.16,671.52,41.75,40.69,1,-1,-1,-1
305,5,1281.18,840.11,47.25,46.00,1,-1,-1,-1
306,1,398.85,999.06,36.80,35.27,1,-1,-1,-1
306,2,928.64,657.03,47.98,46.45,1,-1,-1,-1
306,3,478.07,672.42,39.38,38.18,1,-1,-1,-1
306,5,1283.97,839.41,47.27,45.96,1,-1,-1,-1
307,1,395.08,1000.01,37.28,35.78,1,-1,-1,-1
307,2,934.07,658.42,47.73,46.16,1,-1,-1,-1
307,3,474.81,673.45,40.41,39.30,1,-1,-1,-1
307,5,1284.69,837.89,48.59,47.27,1,-1,-1,-1
308,1,392.76,1000.99,36.18,34.67,1,-1,-1,-1
308,2,938.00,660.93,47.66,46.05,1,-1,-1,-1
308,3,472.02,674.47,42.16,41.01,1,-1,-1,-1
308,5,1286.64,836.72,48.97,47.76,1,-1,-1,-1
309,1,389.04,1000.66,37.05,35.56,1,-1,-1,-1
309,2,941.01,661.86,48.92,47.33,1,-1,-1,-1
309,3,471.34,676.82,41.57,40.36,1,-1,-1,-1
309,5,1288.06,835.68,49.05,47.95,1,-1,-1,-1
310,1,385.80,1000.52,37.34,35.89,1,-1,-1,-1
310,2,944.39,663.50,49.26,47.81,1,-1,-1,-1
310,3,469.87,679.71,41.38,40.10,1,-1,-1,-1
310,5,1287.57,834.03,49.11,48.02,1,-1,-1,-1
311,1,384.04,1001.09,37.42,36.01,1,-1,-1,-1
311,2,945.87,664.10,49.40,47.99,1,-1,-1,-1
311,3,466.43,681.45,42.62,41.33,1,-1,-1,-1
311,5,1287.36,833.47,49.12,48.04,1,-1,-1,-1
312,1,382.18,999.97,37.43,36.05,1,-1,-1,-1
312,2,948.94,664.95,49.43,48.05,1,-1,-1,-1
312,3,464.87,683.38,41.82,40.49,1,-1,-1,-1
312,5,1286.61,832.66,49.12,48.04,1,-1,-1,-1
313,1,381.60,999.51,37.40,36.06,1,-1,-1,-1
313,2,951.30,665.91,49.41,48.07,1,-1,-1,-1
313,3,461.81,684.76,41.35,40.15,1,-1,-1,-1
313,5,1284.70,831.08,49.69,48.70,1,-1,-1,-1
314,1,381.22,998.66,37.27,36.06,1,-1,-1,-1
314,2,955.02,666.90,48.13,46.75,1,-1,-1,-1
314,3,459.48,685.90,39.06,38.04,1,-1,-1,-1
314,5,1282.87,830.54,50.13,48.95,1,-1,-1,-1
315,1,380.17,997.67,37.25,36.05,1,-1,-1,-1
315,2,958.93,666.57,47.66,46.24,1,-1,-1,-1
315,3,456.93,686.28,38.44,37.24,1,-1,-1,-1
315,5,1280.91,832.36,49.53,48.38,1,-1,-1,-1
316,1,379.49,995.96,38.00,36.71,1,-1,-1,-1
316,2,961.94,665.76,48.80,47.39,1,-1,-1,-1
316,3,453.73,685.71,38.23,36.96,1,-1,-1,-1
316,5,1279.88,833.11,49.19,48.15,1,-1,-1,-1
317,1,378.91,995.32,38.41,36.95,1,-1,-1,-1
317,2,966.64,664.78,49.10,47.81,1,-1,-1,-1
317,3,449.34,684.80,40.09,38.89,1,-1,-1,-1
317,5,1278.22,834.75,49.00,48.07,1,-1,-1,-1
318,1,377.85,994.42,40.40,39.01,1,-1,-1,-1
318,2,971.28,665.05,47.22,46.00,1,-1,-1,-1
318,3,446.42,684.46,40.89,39.59,1,-1,-1,-1
318,5,1275.93,836.05,48.97,48.03,1,-1,-1,-1
319,1,378.08,994.08,41.25,39.77,1,-1,-1,-1
319,2,975.48,665.13,45.30,43.96,1,-1,-1,-1
319,3,442.86,683.65,41.05,39.87,1,-1,-1,-1
319,5,1273.77,837.23,48.97,48.02,1,-1,-1,-1
320,1,377.29,993.31,42.84,41.36,1,-1,-1,-1
320,2,978.90,663.79,47.97,46.59,1,-1,-1,-1
320,3,440.89,682.66,41.23,39.97,1,-1,-1,-1
320,5,1271.65,837.68,48.96,48.01,1,-1,-1,-1
321,1,377.04,993.02,43.41,41.95,1,-1,-1,-1
321,2,984.39,663.32,48.79,47.52,1,-1,-1,-1
321,3,438.56,681.62,39.41,38.03,1,-1,-1,-1
321,5,1268.91,838.52,48.97,48.01,1,-1,-1,-1
322,1,377.02,992.27,43.59,42.17,1,-1,-1,-1
322,2,990.37,664.44,45.69,44.61,1,-1,-1,-1
322,3,435.53,680.54,40.60,39.30,1,-1,-1,-1
322,5,1266.59,839.50,48.97,48.01,1,-1,-1,-1
323,1,377.08,991.98,43.61,42.23,1,-1,-1,-1
323,2,996.42,663.52,46.67,45.48,1,-1,-1,-1
323,3,433.12,680.15,41.13,39.76,1,-1,-1,-1
323,5,1265.39,839.87,47.72,46.68,1,-1,-1,-1
324,1,376.51,991.24,43.58,42.24,1,-1,-1,-1
324,2,1001.78,663.19,47.07,45.80,1,-1,-1,-1
324,3,430.97,679.35,41.37,39.94,1,-1,-1,-1
324,5,1261.34,839.33,48.57,47.52,1,-1,-1,-1
325,1,375.69,990.96,43.54,42.22,1,-1,-1,-1
325,2,1006.57,664.39,45.34,43.94,1,-1,-1,-1
325,3,427.31,678.39,42.76,41.32,1,-1,-1,-1
325,5,1258.94,838.48,48.78,47.83,1,-1,-1,-1
326,1,374.77,990.21,43.49,42.20,1,-1,-1,-1
326,2,1011.84,664.84,46.74,45.25,1,-1,-1,-1
326,3,425.29,678.04,42.10,40.53,1,-1,-1,-1
326,5,1255.77,838.15,48.91,47.95,1,-1,-1,-1
327,1,373.82,989.94,43.44,42.18,1,-1,-1,-1
327,2,1017.31,666.32,46.50,45.07,1,-1,-1,-1
327,3,423.10,678.57,41.62,40.22,1,-1,-1,-1
327,5,1252.37,836.05,49.53,48.65,1,-1,-1,-1
328,1,372.46,988.54,44.16,42.82,1,-1,-1,-1
328,2,1022.45,669.53,45.22,43.67,1,-1,-1,-1
328,3,421.09,678.79,41.36,40.09,1,-1,-1,-1
328,5,1249.49,835.91,49.15,48.26,1,-1,-1,-1
329,1,371.04,989.33,43.70,42.40,1,-1,-1,-1
329,2,1027.16,670.73,46.80,45.16,1,-1,-1,-1
329,3,419.14,678.21,41.19,40.05,1,-1,-1,-1
329,5,1247.53,835.88,48.90,48.10,1,-1,-1,-1
330,1,368.57,989.65,43.49,42.22,1,-1,-1,-1
330,2,1032.05,671.15,47.39,45.70,1,-1,-1,-1
330,3,418.08,679.32,39.32,38.04,1,-1,-1,-1
330,5,1245.20,835.21,48.86,48.04,1,-1,-1,-1
331,1,366.37,989.79,43.38,42.14,1,-1,-1,-1
331,2,1036.74,672.60,46.86,45.25,1,-1,-1,-1
331,3,416.53,681.11,37.81,36.60,1,-1,-1,-1
331,5,1242.80,834.97,47.42,46.70,1,-1,-1,-1
332,1,363.23,988.53,44.09,42.77,1,-1,-1,-1
332,2,1041.93,673.12,47.40,45.74,1,-1,-1,-1
332,3,414.71,681.76,37.26,36.09,1,-1,-1,-1
332,5,1241.24,834.23,47.02,46.19,1,-1,-1,-1
333,1,359.83,989.38,43.63,42.34,1,-1,-1,-1
333,2,1047.65,672.63,47.63,45.93,1,-1,-1,-1
333,3,414.14,681.99,37.06,35.91,1,-1,-1,-1
333,5,1239.38,833.96,46.95,46.00,1,-1,-1,-1
334,1,355.96,989.71,43.42,42.17,1,-1,-1,-1
334,2,1053.06,673.08,45.49,44.02,1,-1,-1,-1
334,3,412.00,684.08,37.00,35.86,1,-1,-1,-1
334,5,1236.45,832.55,48.24,47.27,1,-1,-1,-1
335,1,351.94,991.17,43.32,42.10,1,-1,-1,-1
335,2,1058.80,671.88,46.86,45.30,1,-1,-1,-1
335,3,410.62,684.84,36.98,35.85,1,-1,-1,-1
335,5,1235.71,832.03,47.49,46.43,1,-1,-1,-1
336,1,347.86,992.39,43.27,42.07,1,-1,-1,-1
336,2,1064.06,671.43,47.38,45.76,1,-1,-1,-1
336,3,409.93,686.44,35.51,34.53,1,-1,-1,-1
336,5,1233.59,830.52,48.42,47.44,1,-1,-1,-1
337,1,344.43,993.50,43.23,42.05,1,-1,-1,-1
337,2,1069.15,670.59,47.59,45.94,1,-1,-1,-1
337,3,409.11,687.02,34.92,34.04,1,-1,-1,-1
337,5,1232.15,829.98,47.56,46.50,1,-1,-1,-1
338,1,340.30,993.26,43.79,42.70,1,-1,-1,-1
338,2,1074.55,669.60,46.92,45.34,1,-1,-1,-1
338,3,407.84,687.21,36.14,35.23,1,-1,-1,-1
338,5,1231.00,829.13,47.28,46.14,1,-1,-1,-1
339,1,338.11,993.16,44.12,42.94,1,-1,-1,-1
339,2,1079.64,667.89,45.46,43.79,1,-1,-1,-1
339,3,407.14,688.58,35.15,34.35,1,-1,-1,-1
339,5,1230.62,828.18,47.23,46.01,1,-1,-1,-1
340,1,336.04,993.11,44.29,43.03,1,-1,-1,-1
340,2,1083.37,665.23,46.17,44.54,1,-1,-1,-1
340,3,406.31,689.08,34.74,34.02,1,-1,-1,-1
340,5,1229.20,827.84,47.26,45.96,1,-1,-1,-1
341,1,334.41,995.06,43.62,42.40,1,-1,-1,-1
341,2,1087.17,661.63,46.59,44.82,1,-1,-1,-1
341,3,404.64,687.90,36.79,35.92,1,-1,-1,-1
341,5,1228.71,827.74,47.31,45.95,1,-1,-1,-1
342,1,333.24,995.80,43.35,42.15,1,-1,-1,-1
342,2,1089.41,658.30,47.41,45.59,1,-1,-1,-1
342,3,404.40,688.76,36.84,35.96,1,-1,-1,-1
342,5,1227.91,827.73,47.37,45.95,1,-1,-1,-1
343,1,332.90,996.06,43.23,42.06,1,-1,-1,-1
343,2,1091.40,654.45,47.72,45.88,1,-1,-1,-1
343,3,405.41,689.08,36.78,35.98,1,-1,-1,-1
343,5,1226.99,827.08,47.43,45.95,1,-1,-1,-1
344,1,332.47,994.82,43.95,42.69,1,-1,-1,-1
344,2,1093.29,650.39,47.85,45.99,1,-1,-1,-1
344,3,404.52,687.20,39.40,38.62,1,-1,-1,-1
344,5,1226.68,826.19,47.48,45.96,1,-1,-1,-1
345,1,332.36,993.69,44.26,42.92,1,-1,-1,-1
345,2,1095.16,647.59,47.90,46.03,1,-1,-1,-1
345,3,404.77,686.50,40.51,39.60,1,-1,-1,-1
345,5,1226.60,825.88,47.53,45.96,1,-1,-1,-1
346,1,332.76,994.57,43.64,42.35,1,-1,-1,-1
346,2,1097.04,645.93,47.93,46.04,1,-1,-1,-1
346,3,406.28,685.57,40.81,39.98,1,-1,-1,-1
346,5,1226.61,825.78,47.58,45.97,1,-1,-1,-1
347,1,333.66,994.90,43.38,42.13,1,-1,-1,-1
347,2,1096.64,645.37,49.21,47.36,1,-1,-1,-1
347,3,407.84,684.55,42.28,41.41,1,-1,-1,-1
347,5,1226.64,826.43,47.62,45.97,1,-1,-1,-1
348,1,334.72,994.36,43.27,42.04,1,-1,-1,-1
348,2,1099.32,645.86,48.39,46.55,1,-1,-1,-1
348,3,409.09,682.88,42.84,41.95,1,-1,-1,-1
348,5,1226.68,826.69,47.66,45.97,1,-1,-1,-1
349,1,336.77,992.16,43.99,42.67,1,-1,-1,-1
349,2,1101.53,648.12,48.06,46.22,1,-1,-1,-1
349,3,410.89,681.58,43.05,42.14,1,-1,-1,-1
349,5,1225.49,826.14,47.50,45.98,1,-1,-1,-1
350,1,338.59,992.00,43.53,42.25,1,-1,-1,-1
350,2,1103.29,650.34,47.17,45.43,1,-1,-1,-1
350,3,415.14,681.08,41.89,40.90,1,-1,-1,-1
350,5,1225.02,825.94,47.55,45.98,1,-1,-1,-1
351,1,340.65,991.94,43.33,42.09,1,-1,-1,-1
351,2,1105.77,653.21,45.61,43.80,1,-1,-1,-1
351,3,418.09,680.25,41.48,40.40,1,-1,-1,-1
351,5,1224.20,825.22,47.59,45.98,1,-1,-1,-1
352,1,343.04,989.94,44.02,42.69,1,-1,-1,-1
352,2,1107.28,656.34,46.29,44.54,1,-1,-1,-1
352,3,420.57,679.29,41.17,40.20,1,-1,-1,-1
352,5,1223.91,824.29,47.63,45.98,1,-1,-1,-1
353,1,345.23,987.88,44.32,42.91,1,-1,-1,-1
353,2,1109.76,659.46,46.50,44.81,1,-1,-1,-1
353,3,424.05,678.28,41.19,40.12,1,-1,-1,-1
353,5,1222.58,822.64,48.84,47.31,1,-1,-1,-1
354,1,348.02,986.46,44.46,43.00,1,-1,-1,-1
354,2,1112.34,662.62,45.08,43.59,1,-1,-1,-1
354,3,426.72,677.92,41.05,40.08,1,-1,-1,-1
354,5,1220.46,820.72,49.30,47.80,1,-1,-1,-1
355,1,350.36,983.96,44.54,43.02,1,-1,-1,-1
355,2,1114.86,666.48,43.87,42.46,1,-1,-1,-1
355,3,429.60,677.14,41.13,40.06,1,-1,-1,-1
355,5,1218.76,818.04,49.35,47.99,1,-1,-1,-1
356,1,352.91,983.70,43.82,42.37,1,-1,-1,-1
356,2,1117.71,669.88,43.41,42.05,1,-1,-1,-1
356,3,432.60,676.87,41.21,40.05,1,-1,-1,-1
356,5,1218.10,815.08,48.13,46.74,1,-1,-1,-1
357,1,355.85,982.31,43.52,42.12,1,-1,-1,-1
357,2,1121.06,672.43,43.14,41.91,1,-1,-1,-1
357,3,434.67,676.12,42.54,41.37,1,-1,-1,-1
357,5,1215.58,811.33,48.96,47.58,1,-1,-1,-1
358,1,358.91,980.49,43.38,42.03,1,-1,-1,-1
358,2,1123.19,673.99,43.08,41.87,1,-1,-1,-1
358,3,437.37,675.21,43.02,41.86,1,-1,-1,-1
358,5,1214.04,807.35,49.24,47.89,1,-1,-1,-1
359,1,360.95,977.86,44.09,42.66,1,-1,-1,-1
359,2,1125.89,675.18,43.05,41.87,1,-1,-1,-1
359,3,440.31,674.22,43.19,42.04,1,-1,-1,-1
359,5,1213.50,803.26,49.32,48.01,1,-1,-1,-1
360,1,362.97,976.24,44.39,42.89,1,-1,-1,-1
360,2,1127.83,674.89,43.63,42.54,1,-1,-1,-1
360,3,443.34,673.86,43.24,42.09,1,-1,-1,-1
360,5,1212.41,799.79,49.24,48.05,1,-1,-1,-1
361,1,364.71,976.33,43.75,42.32,1,-1,-1,-1
361,2,1130.09,674.74,45.23,44.12,1,-1,-1,-1
361,3,446.39,673.09,43.24,42.11,1,-1,-1,-1
361,5,1211.70,795.92,49.23,48.06,1,-1,-1,-1
362,1,365.98,975.76,43.49,42.11,1,-1,-1,-1
362,2,1133.40,675.30,44.69,43.41,1,-1,-1,-1
362,3,448.80,672.82,43.22,42.11,1,-1,-1,-1
362,5,1210.82,792.55,49.21,48.06,1,-1,-1,-1
363,1,367.07,974.92,43.37,42.02,1,-1,-1,-1
363,2,1136.31,676.79,44.28,43.13,1,-1,-1,-1
363,3,450.95,672.74,43.20,42.10,1,-1,-1,-1
363,5,1209.87,789.39,49.19,48.05,1,-1,-1,-1
364,1,367.71,973.31,44.08,42.66,1,-1,-1,-1
364,2,1139.98,677.30,44.07,43.03,1,-1,-1,-1
364,3,453.00,673.39,43.18,42.09,1,-1,-1,-1
364,5,1208.24,785.65,49.17,48.05,1,-1,-1,-1
365,1,367.88,971.43,44.38,42.89,1,-1,-1,-1
365,2,1144.23,679.44,43.35,42.33,1,-1,-1,-1
365,3,455.02,674.32,43.16,42.08,1,-1,-1,-1
365,5,1207.66,782.35,49.16,48.04,1,-1,-1,-1
366,1,367.88,970.76,44.52,42.98,1,-1,-1,-1
366,2,1148.38,680.87,43.08,42.07,1,-1,-1,-1
366,3,456.37,676.00,43.15,42.07,1,-1,-1,-1
366,5,1207.49,778.56,49.14,48.04,1,-1,-1,-1
367,1,367.82,969.88,44.60,43.02,1,-1,-1,-1
367,2,1152.37,680.69,43.85,42.64,1,-1,-1,-1
367,3,456.80,677.31,43.13,42.06,1,-1,-1,-1
367,5,1207.85,774.59,49.03,48.03,1,-1,-1,-1
368,1,367.47,970.26,43.87,42.37,1,-1,-1,-1
368,2,1155.69,681.25,44.24,42.86,1,-1,-1,-1
368,3,457.55,679.12,43.12,42.05,1,-1,-1,-1
368,5,1207.60,771.22,45.87,44.73,1,-1,-1,-1
369,1,366.64,969.78,43.57,42.12,1,-1,-1,-1
369,2,1160.07,682.74,44.49,42.94,1,-1,-1,-1
369,3,457.76,680.46,43.10,42.05,1,-1,-1,-1
369,5,1207.87,767.39,46.73,45.49,1,-1,-1,-1
370,1,365.93,968.31,44.21,42.69,1,-1,-1,-1
370,2,1163.24,683.27,46.60,44.96,1,-1,-1,-1
370,3,457.39,680.29,43.86,42.70,1,-1,-1,-1
370,5,1207.30,764.10,47.08,45.76,1,-1,-1,-1
371,1,364.70,969.10,43.70,42.24,1,-1,-1,-1
371,2,1165.63,684.74,47.41,45.71,1,-1,-1,-1
371,3,457.84,680.88,44.19,42.95,1,-1,-1,-1
371,5,1207.75,761.66,47.26,45.88,1,-1,-1,-1
372,1,363.16,968.12,44.26,42.74,1,-1,-1,-1
372,2,1168.38,685.92,47.73,45.99,1,-1,-1,-1
372,3,457.93,681.08,44.35,43.03,1,-1,-1,-1
372,5,1207.26,758.87,47.36,45.92,1,-1,-1,-1
373,1,361.25,967.78,44.49,42.92,1,-1,-1,-1
373,2,1169.96,686.99,47.86,46.09,1,-1,-1,-1
373,3,456.97,681.81,43.68,42.40,1,-1,-1,-1
373,5,1208.41,756.62,47.44,45.94,1,-1,-1,-1
374,1,358.54,967.68,44.60,42.99,1,-1,-1,-1
374,2,1170.51,686.70,49.08,47.43,1,-1,-1,-1
374,3,457.79,681.40,44.27,42.82,1,-1,-1,-1
374,5,1208.84,754.56,47.50,45.95,1,-1,-1,-1
375,1,356.18,967.67,44.67,43.01,1,-1,-1,-1
375,2,1170.03,685.92,49.43,47.93,1,-1,-1,-1
375,3,458.68,680.58,44.57,42.97,1,-1,-1,-1
375,5,1210.38,753.23,43.47,41.99,1,-1,-1,-1
376,1,353.32,967.03,44.71,43.02,1,-1,-1,-1
376,2,1168.76,684.93,49.57,48.10,1,-1,-1,-1
376,3,459.60,679.60,44.76,43.03,1,-1,-1,-1
376,5,1211.69,750.87,46.00,44.59,1,-1,-1,-1
377,1,350.66,967.47,43.96,42.36,1,-1,-1,-1
377,2,1169.14,683.86,48.34,46.85,1,-1,-1,-1
377,3,461.61,679.88,42.76,41.07,1,-1,-1,-1
377,5,1212.75,747.43,46.97,45.47,1,-1,-1,-1
378,1,348.27,965.67,44.52,42.77,1,-1,-1,-1
378,2,1166.60,680.78,49.04,47.68,1,-1,-1,-1
378,3,462.28,677.97,44.09,42.33,1,-1,-1,-1
378,5,1213.79,744.90,47.37,45.81,1,-1,-1,-1
379,1,345.78,965.01,44.70,42.93,1,-1,-1,-1
379,2,1165.58,678.97,48.07,46.67,1,-1,-1,-1
379,3,463.16,676.63,44.59,42.78,1,-1,-1,-1
379,5,1214.30,743.39,44.64,43.31,1,-1,-1,-1
380,1,343.84,964.79,44.88,42.99,1,-1,-1,-1
380,2,1163.18,676.29,48.89,47.59,1,-1,-1,-1
380,3,464.76,676.12,44.78,42.95,1,-1,-1,-1
380,5,1215.06,742.29,46.49,45.05,1,-1,-1,-1
381,1,342.47,964.07,45.01,43.01,1,-1,-1,-1
381,2,1159.97,673.98,49.21,47.93,1,-1,-1,-1
381,3,466.37,675.94,44.09,42.36,1,-1,-1,-1
381,5,1215.96,741.93,47.17,45.67,1,-1,-1,-1
382,1,341.31,963.16,45.11,43.01,1,-1,-1,-1
382,2,1157.40,671.15,49.31,48.05,1,-1,-1,-1
382,3,468.85,674.55,44.66,42.79,1,-1,-1,-1
382,5,1216.94,741.89,47.46,45.90,1,-1,-1,-1
383,1,340.24,962.18,45.20,43.01,1,-1,-1,-1
383,2,1153.79,668.78,49.32,48.09,1,-1,-1,-1
383,3,471.39,673.39,44.83,42.95,1,-1,-1,-1
383,5,1216.69,741.30,48.76,47.31,1,-1,-1,-1
384,1,338.97,960.51,47.06,45.00,1,-1,-1,-1
384,2,1150.82,665.94,49.88,48.76,1,-1,-1,-1
384,3,472.70,674.28,44.13,42.35,1,-1,-1,-1
384,5,1216.85,743.08,46.12,44.58,1,-1,-1,-1
385,1,339.46,959.26,45.90,43.79,1,-1,-1,-1
385,2,1147.41,664.25,49.45,48.35,1,-1,-1,-1
385,3,475.70,673.32,44.69,42.78,1,-1,-1,-1
385,5,1216.22,744.58,48.40,46.85,1,-1,-1,-1
386,1,339.70,958.14,45.47,43.29,1,-1,-1,-1
386,2,1144.53,662.33,49.17,48.18,1,-1,-1,-1
386,3,478.17,674.28,44.09,42.28,1,-1,-1,-1
386,5,1215.36,747.07,49.18,47.66,1,-1,-1,-1
387,1,339.81,957.10,45.35,43.11,1,-1,-1,-1
387,2,1142.10,661.00,47.86,46.79,1,-1,-1,-1
387,3,480.38,674.67,43.81,42.09,1,-1,-1,-1
387,5,1215.03,749.39,49.45,47.96,1,-1,-1,-1
388,1,338.30,955.41,47.15,45.02,1,-1,-1,-1
388,2,1138.93,659.89,46.62,45.59,1,-1,-1,-1
388,3,481.83,674.83,43.67,42.02,1,-1,-1,-1
388,5,1214.26,752.93,49.51,48.07,1,-1,-1,-1
389,1,338.70,953.50,45.94,43.78,1,-1,-1,-1
389,2,1135.70,658.19,46.36,45.14,1,-1,-1,-1
389,3,484.98,674.89,43.58,41.99,1,-1,-1,-1
389,5,1213.32,756.92,49.50,48.10,1,-1,-1,-1
390,1,339.55,951.48,45.50,43.28,1,-1,-1,-1
390,2,1131.94,656.28,46.18,44.98,1,-1,-1,-1
390,3,487.44,674.92,43.52,41.99,1,-1,-1,-1
390,5,1212.31,760.40,49.47,48.11,1,-1,-1,-1
391,1,339.58,950.10,45.29,43.10,1,-1,-1,-1
391,2,1128.89,654.95,46.88,45.60,1,-1,-1,-1
391,3,488.97,674.94,43.46,41.98,1,-1,-1,-1
391,5,1210.63,764.34,49.43,48.10,1,-1,-1,-1
392,1,339.63,948.97,45.19,43.03,1,-1,-1,-1
392,2,1125.57,655.83,44.39,43.19,1,-1,-1,-1
392,3,490.15,674.95,43.42,41.98,1,-1,-1,-1
392,5,1209.06,767.12,49.29,48.09,1,-1,-1,-1
393,1,339.95,947.26,45.25,43.00,1,-1,-1,-1
393,2,1123.72,655.57,45.50,44.30,1,-1,-1,-1
393,3,491.20,674.29,43.38,41.99,1,-1,-1,-1
393,5,1207.86,770.77,49.17,48.08,1,-1,-1,-1
394,1,340.07,946.67,45.31,42.99,1,-1,-1,-1
394,2,1121.71,656.16,44.73,43.38,1,-1,-1,-1
394,3,491.81,673.39,44.12,42.65,1,-1,-1,-1
394,5,1206.71,774.74,47.90,46.75,1,-1,-1,-1
395,1,339.45,945.83,45.37,42.99,1,-1,-1,-1
395,2,1119.70,658.45,41.80,40.36,1,-1,-1,-1
395,3,492.91,671.74,44.52,42.90,1,-1,-1,-1
395,5,1205.02,777.51,48.63,47.58,1,-1,-1,-1
396,1,339.21,944.90,45.43,42.99,1,-1,-1,-1
396,2,1116.67,658.68,41.40,39.93,1,-1,-1,-1
396,3,494.26,671.12,44.65,42.99,1,-1,-1,-1
396,5,1203.79,781.11,48.84,47.88,1,-1,-1,-1
397,1,338.56,945.25,44.60,42.33,1,-1,-1,-1
397,2,1113.88,658.09,43.49,41.82,1,-1,-1,-1
397,3,495.36,670.90,44.72,43.02,1,-1,-1,-1
397,5,1202.35,785.04,48.96,47.99,1,-1,-1,-1
398,1,338.37,944.77,44.22,42.08,1,-1,-1,-1
398,2,1110.98,657.89,45.51,43.82,1,-1,-1,-1
398,3,496.66,670.83,44.85,43.03,1,-1,-1,-1
398,5,1202.78,789.09,47.76,46.71,1,-1,-1,-1
399,1,338.34,943.96,44.02,41.99,1,-1,-1,-1
399,2,1108.66,658.48,46.24,44.59,1,-1,-1,-1
399,3,497.79,670.16,46.14,44.35,1,-1,-1,-1
399,5,1204.39,793.19,47.16,46.22,1,-1,-1,-1
400,1,338.38,943.02,43.89,41.96,1,-1,-1,-1
400,2,1106.84,660.03,47.26,45.55,1,-1,-1,-1
400,3,499.80,669.92,45.32,43.54,1,-1,-1,-1
400,5,1205.70,796.62,46.88,46.04,1,-1,-1,-1
401,1,338.81,942.04,43.70,41.95,1,-1,-1,-1
401,2,1104.03,662.59,44.87,43.30,1,-1,-1,-1
401,3,500.20,669.85,46.28,44.54,1,-1,-1,-1
401,5,1206.80,799.79,46.93,45.98,1,-1,-1,-1
402,1,337.99,940.39,43.63,41.96,1,-1,-1,-1
402,2,1101.74,664.93,43.89,42.41,1,-1,-1,-1
402,3,501.64,669.83,46.59,44.91,1,-1,-1,-1
402,5,1208.62,802.86,46.82,45.96,1,-1,-1,-1
403,1,337.70,938.47,43.57,41.96,1,-1,-1,-1
403,2,1100.04,665.78,43.42,42.08,1,-1,-1,-1
403,3,505.08,670.49,45.41,43.73,1,-1,-1,-1
403,5,1212.18,805.90,45.00,43.96,1,-1,-1,-1
404,1,336.96,936.47,43.51,41.96,1,-1,-1,-1
404,2,1098.39,665.42,44.14,42.64,1,-1,-1,-1
404,3,507.65,671.42,44.96,43.27,1,-1,-1,-1
404,5,1214.82,808.92,44.42,43.21,1,-1,-1,-1
405,1,336.05,933.77,43.46,41.97,1,-1,-1,-1
405,2,1094.31,665.93,44.21,42.85,1,-1,-1,-1
405,3,509.21,671.11,44.81,43.09,1,-1,-1,-1
405,5,1217.06,811.93,44.32,42.95,1,-1,-1,-1
406,1,336.30,931.48,43.61,41.97,1,-1,-1,-1
406,2,1091.76,666.77,44.46,42.93,1,-1,-1,-1
406,3,510.38,671.00,44.77,43.03,1,-1,-1,-1
406,5,1219.81,815.61,44.39,42.87,1,-1,-1,-1
407,1,335.42,927.36,44.33,42.64,1,-1,-1,-1
407,2,1088.55,667.07,46.58,44.94,1,-1,-1,-1
407,3,511.14,672.29,43.99,42.34,1,-1,-1,-1
407,5,1222.75,819.53,44.51,42.85,1,-1,-1,-1
408,1,334.71,924.55,44.72,42.89,1,-1,-1,-1
408,2,1086.41,667.82,45.48,43.75,1,-1,-1,-1
408,3,511.65,672.11,44.44,42.75,1,-1,-1,-1
408,5,1225.10,823.54,44.65,42.86,1,-1,-1,-1
409,1,334.80,922.23,44.83,42.98,1,-1,-1,-1
409,2,1082.78,668.09,48.25,46.58,1,-1,-1,-1
409,3,512.17,672.71,43.85,42.24,1,-1,-1,-1
409,5,1227.88,827.58,44.77,42.87,1,-1,-1,-1
410,1,334.58,920.76,44.10,42.35,1,-1,-1,-1
410,2,1079.51,667.54,48.02,46.33,1,-1,-1,-1
410,3,512.33,673.60,43.60,42.05,1,-1,-1,-1
410,5,1230.83,831.62,44.89,42.88,1,-1,-1,-1
411,1,334.53,918.96,43.78,42.11,1,-1,-1,-1
411,2,1076.11,666.65,47.16,45.56,1,-1,-1,-1
411,3,512.35,674.59,43.48,41.98,1,-1,-1,-1
411,5,1232.84,834.34,46.98,44.89,1,-1,-1,-1
412,1,334.55,916.37,43.62,42.03,1,-1,-1,-1
412,2,1072.88,666.95,45.61,43.93,1,-1,-1,-1
412,3,512.33,674.95,43.41,41.96,1,-1,-1,-1
412,5,1235.50,837.23,47.74,45.63,1,-1,-1,-1
413,1,335.55,914.14,42.26,40.67,1,-1,-1,-1
413,2,1067.85,668.39,44.21,42.63,1,-1,-1,-1
413,3,511.63,675.74,43.36,41.96,1,-1,-1,-1
413,5,1237.46,840.17,49.30,47.23,1,-1,-1,-1
414,1,336.02,912.06,41.58,40.16,1,-1,-1,-1
414,2,1063.40,667.58,45.74,44.17,1,-1,-1,-1
414,3,511.35,675.36,43.32,41.96,1,-1,-1,-1
414,5,1241.15,842.49,49.72,47.83,1,-1,-1,-1
415,1,337.80,910.02,39.48,37.97,1,-1,-1,-1
415,2,1058.59,667.27,46.26,44.73,1,-1,-1,-1
415,3,510.56,675.21,43.29,41.96,1,-1,-1,-1
415,5,1244.51,844.57,49.77,48.05,1,-1,-1,-1
416,1,336.83,907.33,40.62,39.21,1,-1,-1,-1
416,2,1054.26,667.81,46.43,44.94,1,-1,-1,-1
416,3,510.52,673.16,44.04,42.63,1,-1,-1,-1
416,5,1247.36,846.56,49.78,48.12,1,-1,-1,-1
417,1,337.20,905.08,40.94,39.65,1,-1,-1,-1
417,2,1050.70,668.66,45.30,43.70,1,-1,-1,-1
417,3,510.21,673.04,43.58,42.22,1,-1,-1,-1
417,5,1249.69,848.51,49.74,48.14,1,-1,-1,-1
418,1,337.37,901.67,41.00,39.82,1,-1,-1,-1
418,2,1045.83,668.98,46.91,45.22,1,-1,-1,-1
418,3,510.08,671.67,43.39,42.07,1,-1,-1,-1
418,5,1252.48,850.46,49.68,48.14,1,-1,-1,-1
419,1,336.81,899.14,40.96,39.90,1,-1,-1,-1
419,2,1040.83,669.09,47.51,45.78,1,-1,-1,-1
419,3,510.30,669.17,44.07,42.67,1,-1,-1,-1
419,5,1255.44,851.76,49.61,48.13,1,-1,-1,-1
420,1,336.53,896.95,41.08,39.93,1,-1,-1,-1
420,2,1036.74,669.78,45.82,44.02,1,-1,-1,-1
420,3,511.41,668.91,43.59,42.24,1,-1,-1,-1
420,5,1257.15,852.80,49.55,48.11,1,-1,-1,-1
421,1,336.40,894.23,41.18,39.95,1,-1,-1,-1
421,2,1031.43,671.36,44.34,42.66,1,-1,-1,-1
421,3,511.82,667.50,43.39,42.07,1,-1,-1,-1
421,5,1258.38,853.76,49.50,48.10,1,-1,-1,-1
422,1,335.67,891.31,41.26,39.96,1,-1,-1,-1
422,2,1026.85,670.60,44.64,42.83,1,-1,-1,-1
422,3,511.59,665.00,44.07,42.68,1,-1,-1,-1
422,5,1260.09,855.35,49.45,48.09,1,-1,-1,-1
423,1,335.38,888.97,41.34,39.96,1,-1,-1,-1
423,2,1022.05,671.63,43.95,42.24,1,-1,-1,-1
423,3,511.86,664.74,43.59,42.24,1,-1,-1,-1
423,5,1262.35,856.53,49.31,48.08,1,-1,-1,-1
424,1,334.69,886.20,41.21,39.97,1,-1,-1,-1
424,2,1017.10,671.34,43.65,42.02,1,-1,-1,-1
424,3,512.23,664.01,44.16,42.74,1,-1,-1,-1
424,5,1263.83,858.21,49.18,48.07,1,-1,-1,-1
425,1,335.13,883.26,41.09,39.97,1,-1,-1,-1
425,2,1011.81,668.55,44.11,42.61,1,-1,-1,-1
425,3,513.03,665.74,42.38,40.95,1,-1,-1,-1
425,5,1264.33,858.77,49.07,48.06,1,-1,-1,-1
426,1,335.34,880.92,40.99,39.97,1,-1,-1,-1
426,2,1007.02,667.51,43.61,42.17,1,-1,-1,-1
426,3,513.30,667.11,41.72,40.26,1,-1,-1,-1
426,5,1265.71,860.22,47.81,46.73,1,-1,-1,-1
427,1,335.45,878.82,40.90,39.98,1,-1,-1,-1
427,2,1002.46,665.79,43.31,42.01,1,-1,-1,-1
427,3,512.40,667.63,42.80,41.35,1,-1,-1,-1
427,5,1265.53,860.02,48.55,47.56,1,-1,-1,-1
428,1,336.84,876.79,40.81,39.98,1,-1,-1,-1
428,2,998.48,662.49,44.09,42.62,1,-1,-1,-1
428,3,512.07,668.48,43.18,41.76,1,-1,-1,-1
428,5,1265.45,859.24,48.77,47.86,1,-1,-1,-1
429,1,338.92,876.12,39.01,38.00,1,-1,-1,-1
429,2,993.14,659.96,44.48,42.85,1,-1,-1,-1
429,3,511.57,667.49,44.07,42.57,1,-1,-1,-1
429,5,1265.00,858.88,48.89,47.98,1,-1,-1,-1
430,1,341.01,874.65,38.43,37.25,1,-1,-1,-1
430,2,988.03,657.71,45.87,44.26,1,-1,-1,-1
430,3,511.36,667.78,44.44,42.88,1,-1,-1,-1
430,5,1264.49,856.71,49.52,48.68,1,-1,-1,-1
431,1,342.37,874.19,38.33,36.98,1,-1,-1,-1
431,2,982.99,655.58,46.36,44.79,1,-1,-1,-1
431,3,510.89,666.58,44.69,42.99,1,-1,-1,-1
431,5,1264.47,855.86,49.99,48.94,1,-1,-1,-1
432,1,344.14,873.43,38.40,36.89,1,-1,-1,-1
432,2,977.97,654.15,46.51,44.99,1,-1,-1,-1
432,3,510.01,665.47,44.86,43.03,1,-1,-1,-1
432,5,1263.52,854.19,49.98,49.03,1,-1,-1,-1
433,1,345.17,872.55,40.31,38.88,1,-1,-1,-1
433,2,972.96,652.99,46.53,45.06,1,-1,-1,-1
433,3,508.40,664.40,46.16,44.36,1,-1,-1,-1
433,5,1262.68,852.22,50.21,49.06,1,-1,-1,-1
434,1,346.23,872.26,40.93,39.61,1,-1,-1,-1
434,2,968.62,653.25,46.51,45.08,1,-1,-1,-1
434,3,506.85,664.00,43.32,41.60,1,-1,-1,-1
434,5,1261.63,850.14,50.39,49.07,1,-1,-1,-1
435,1,347.30,872.22,41.09,39.89,1,-1,-1,-1
435,2,964.43,654.05,46.66,45.08,1,-1,-1,-1
435,3,505.01,663.87,41.31,39.82,1,-1,-1,-1
435,5,1259.84,847.37,50.55,49.07,1,-1,-1,-1
436,1,349.02,872.27,41.09,40.00,1,-1,-1,-1
436,2,959.81,655.71,44.56,43.10,1,-1,-1,-1
436,3,502.63,662.49,42.70,41.21,1,-1,-1,-1
436,5,1257.79,844.35,50.69,49.06,1,-1,-1,-1
437,1,350.24,872.99,41.21,40.03,1,-1,-1,-1
437,2,953.85,655.04,46.59,45.02,1,-1,-1,-1
437,3,499.14,660.03,45.20,43.68,1,-1,-1,-1
437,5,1255.66,841.91,50.81,49.05,1,-1,-1,-1
438,1,351.30,873.31,41.30,40.04,1,-1,-1,-1
438,2,950.10,655.47,45.42,43.75,1,-1,-1,-1
438,3,496.86,659.76,44.87,43.32,1,-1,-1,-1
438,5,1252.62,839.03,52.68,51.03,1,-1,-1,-1
439,1,351.65,873.47,41.37,40.04,1,-1,-1,-1
439,2,944.95,655.66,46.21,44.58,1,-1,-1,-1
439,3,495.35,659.69,44.76,43.16,1,-1,-1,-1
439,5,1251.10,836.68,51.57,49.81,1,-1,-1,-1
440,1,351.72,874.22,41.43,40.04,1,-1,-1,-1
440,2,939.90,655.09,46.47,44.88,1,-1,-1,-1
440,3,493.80,661.01,42.79,41.12,1,-1,-1,-1
440,5,1248.33,835.15,50.89,49.32,1,-1,-1,-1
441,1,351.04,874.53,41.49,40.04,1,-1,-1,-1
441,2,935.55,653.57,46.53,44.99,1,-1,-1,-1
441,3,491.97,661.55,43.30,41.68,1,-1,-1,-1
441,5,1246.22,833.30,50.83,49.13,1,-1,-1,-1
442,1,350.74,875.33,41.53,40.03,1,-1,-1,-1
442,2,931.46,652.35,46.52,45.03,1,-1,-1,-1
442,3,491.97,663.07,40.23,38.58,1,-1,-1,-1
442,5,1242.60,831.99,50.59,49.06,1,-1,-1,-1
443,1,349.92,876.31,41.58,40.03,1,-1,-1,-1
443,2,927.07,650.59,47.25,45.70,1,-1,-1,-1
443,3,490.33,665.04,41.15,39.43,1,-1,-1,-1
443,5,1240.29,832.87,49.83,48.37,1,-1,-1,-1
444,1,348.92,876.69,41.62,40.03,1,-1,-1,-1
444,2,922.94,649.95,47.55,45.95,1,-1,-1,-1
444,3,486.47,666.40,45.44,43.72,1,-1,-1,-1
444,5,1238.15,832.60,49.52,48.11,1,-1,-1,-1
445,1,347.86,876.85,41.65,40.02,1,-1,-1,-1
445,2,918.63,650.39,46.91,45.38,1,-1,-1,-1
445,3,485.72,671.36,43.14,41.46,1,-1,-1,-1
445,5,1235.43,831.87,49.38,48.01,1,-1,-1,-1
446,1,346.21,877.57,41.50,40.02,1,-1,-1,-1
446,2,914.82,650.59,47.41,45.82,1,-1,-1,-1
446,3,484.58,674.72,41.39,39.83,1,-1,-1,-1
446,5,1233.53,831.63,49.22,47.98,1,-1,-1,-1
447,1,344.87,878.51,41.54,40.02,1,-1,-1,-1
447,2,911.94,652.00,46.84,45.33,1,-1,-1,-1
447,3,483.27,676.61,41.31,39.90,1,-1,-1,-1
447,5,1231.21,830.92,49.19,47.97,1,-1,-1,-1
448,1,343.04,878.86,41.59,40.02,1,-1,-1,-1
448,2,908.40,653.22,46.59,45.13,1,-1,-1,-1
448,3,482.11,677.93,41.40,39.93,1,-1,-1,-1
448,5,1229.39,830.02,47.91,46.64,1,-1,-1,-1
449,1,341.02,878.99,41.63,40.01,1,-1,-1,-1
449,2,906.20,654.35,47.24,45.72,1,-1,-1,-1
449,3,480.09,678.37,42.74,41.27,1,-1,-1,-1
449,5,1227.42,828.38,47.47,46.14,1,-1,-1,-1
450,1,338.94,879.04,41.66,40.01,1,-1,-1,-1
450,2,903.25,654.78,46.74,45.28,1,-1,-1,-1
450,3,478.07,679.82,43.21,41.77,1,-1,-1,-1
450,5,1224.07,827.81,47.35,45.97,1,-1,-1,-1
451,1,336.28,879.05,41.50,40.01,1,-1,-1,-1
451,2,900.91,655.60,45.35,43.78,1,-1,-1,-1
451,3,476.46,680.33,41.91,40.65,1,-1,-1,-1
451,5,1219.91,826.30,48.62,47.24,1,-1,-1,-1
452,1,333.94,878.39,41.55,40.01,1,-1,-1,-1
452,2,897.56,655.91,46.10,44.55,1,-1,-1,-1
452,3,475.28,681.13,41.34,40.21,1,-1,-1,-1
452,5,1216.46,825.11,49.08,47.72,1,-1,-1,-1
453,1,330.53,878.14,41.40,40.01,1,-1,-1,-1
453,2,895.71,656.68,45.17,43.52,1,-1,-1,-1
453,3,474.17,682.06,41.26,40.05,1,-1,-1,-1
453,5,1213.17,822.72,50.10,48.56,1,-1,-1,-1
454,1,328.59,879.36,39.42,38.03,1,-1,-1,-1
454,2,892.55,656.30,46.08,44.46,1,-1,-1,-1
454,3,473.12,681.70,41.28,39.99,1,-1,-1,-1
454,5,1209.16,821.20,50.28,48.88,1,-1,-1,-1
455,1,326.96,881.86,37.90,36.59,1,-1,-1,-1
455,2,890.45,656.15,47.16,45.47,1,-1,-1,-1
455,3,470.88,681.53,41.13,39.97,1,-1,-1,-1
455,5,1205.32,819.34,50.55,49.00,1,-1,-1,-1
456,1,325.51,882.25,37.54,36.24,1,-1,-1,-1
456,2,888.46,656.75,47.58,45.85,1,-1,-1,-1
456,3,470.33,682.10,39.27,37.98,1,-1,-1,-1
456,5,1201.28,818.03,50.73,49.04,1,-1,-1,-1
457,1,322.88,887.69,30.57,29.62,1,-1,-1,-1
457,2,886.81,657.63,45.82,44.02,1,-1,-1,-1
457,3,467.91,682.27,40.46,39.25,1,-1,-1,-1
457,5,1196.53,816.26,50.87,49.05,1,-1,-1,-1
458,1,321.28,888.68,29.46,28.55,1,-1,-1,-1
458,2,887.80,659.97,42.23,40.63,1,-1,-1,-1
458,3,464.73,682.32,42.26,41.03,1,-1,-1,-1
458,5,1191.29,813.00,52.74,51.03,1,-1,-1,-1
459,2,882.40,657.40,45.93,44.17,1,-1,-1,-1
459,3,463.90,682.97,39.69,38.45,1,-1,-1,-1
459,5,1185.77,809.87,51.62,49.82,1,-1,-1,-1
460,2,878.58,655.88,47.19,45.37,1,-1,-1,-1
460,3,461.72,683.86,40.59,39.44,1,-1,-1,-1
460,5,1181.77,807.40,51.23,49.33,1,-1,-1,-1
461,2,874.30,654.63,48.95,47.14,1,-1,-1,-1
461,3,460.55,685.49,39.11,37.82,1,-1,-1,-1
461,5,1177.05,805.21,51.14,49.14,1,-1,-1,-1
462,2,871.51,653.50,47.56,45.88,1,-1,-1,-1
462,3,458.49,686.08,40.62,39.21,1,-1,-1,-1
462,5,1172.08,803.13,51.16,49.06,1,-1,-1,-1
463,2,870.21,652.41,47.74,46.02,1,-1,-1,-1
463,3,456.86,688.24,38.39,37.09,1,-1,-1,-1
463,5,1165.07,799.77,54.45,52.34,1,-1,-1,-1
464,2,865.57,650.69,49.08,47.38,1,-1,-1,-1
464,3,455.66,689.04,37.51,36.27,1,-1,-1,-1
464,5,1160.93,798.56,54.36,52.26,1,-1,-1,-1
465,2,863.05,650.71,45.41,43.98,1,-1,-1,-1
465,3,453.28,690.65,37.19,35.98,1,-1,-1,-1
465,5,1156.33,798.18,54.11,52.21,1,-1,-1,-1
466,2,860.23,649.40,48.04,46.67,1,-1,-1,-1
466,3,450.71,690.53,39.92,38.57,1,-1,-1,-1
466,5,1151.41,798.11,54.08,52.18,1,-1,-1,-1
467,2,857.61,649.59,48.97,47.61,1,-1,-1,-1
467,3,449.54,692.43,38.19,36.91,1,-1,-1,-1
467,5,1147.72,798.80,54.07,52.15,1,-1,-1,-1
468,2,855.42,650.34,49.30,47.97,1,-1,-1,-1
468,3,447.87,693.13,37.48,36.25,1,-1,-1,-1
468,5,1143.50,799.78,52.12,50.16,1,-1,-1,-1
469,2,853.76,650.00,49.97,48.75,1,-1,-1,-1
469,3,445.59,692.68,37.99,36.68,1,-1,-1,-1
469,5,1139.21,800.90,51.13,49.39,1,-1,-1,-1
470,2,852.87,650.53,51.58,50.34,1,-1,-1,-1
470,3,443.46,693.81,38.23,36.84,1,-1,-1,-1
470,5,1136.12,803.34,50.08,48.43,1,-1,-1,-1
471,2,851.89,651.39,51.04,49.64,1,-1,-1,-1
471,3,442.05,694.21,38.36,36.91,1,-1,-1,-1
471,5,1134.13,804.96,48.38,46.75,1,-1,-1,-1
472,2,849.70,652.40,52.04,50.66,1,-1,-1,-1
472,3,440.25,694.33,38.44,36.94,1,-1,-1,-1
472,5,1131.87,806.26,45.79,44.10,1,-1,-1,-1
473,2,848.22,654.73,51.25,49.73,1,-1,-1,-1
473,3,438.69,696.33,37.72,36.29,1,-1,-1,-1
473,5,1128.30,807.43,42.51,41.09,1,-1,-1,-1
474,2,846.50,657.62,50.13,48.69,1,-1,-1,-1
474,3,437.53,697.06,37.43,36.05,1,-1,-1,-1
474,5,1125.84,807.86,42.73,41.43,1,-1,-1,-1
475,2,844.93,660.03,48.41,46.96,1,-1,-1,-1
475,3,436.50,696.63,37.31,35.97,1,-1,-1,-1
475,5,1122.69,808.00,42.84,41.57,1,-1,-1,-1
476,2,844.07,662.92,45.82,44.29,1,-1,-1,-1
476,3,436.47,696.44,38.03,36.61,1,-1,-1,-1
476,5,1120.70,809.39,37.47,36.27,1,-1,-1,-1
477,2,841.18,664.64,46.15,44.66,1,-1,-1,-1
477,3,437.21,698.32,34.25,32.90,1,-1,-1,-1
477,5,1119.54,809.20,41.19,39.98,1,-1,-1,-1
478,2,837.15,665.89,47.03,45.47,1,-1,-1,-1
478,3,435.49,699.71,34.96,33.52,1,-1,-1,-1
478,5,1118.47,809.81,42.24,41.12,1,-1,-1,-1
479,2,833.73,666.99,47.39,45.78,1,-1,-1,-1
479,3,434.25,700.51,34.61,33.19,1,-1,-1,-1
479,5,1115.73,810.09,41.91,40.80,1,-1,-1,-1
480,2,830.18,668.68,45.61,43.91,1,-1,-1,-1
480,3,431.92,702.65,37.01,35.34,1,-1,-1,-1
481,2,825.63,669.27,46.20,44.55,1,-1,-1,-1
481,3,430.56,703.61,36.96,35.30,1,-1,-1,-1
481,5,1115.48,812.65,41.21,40.02,1,-1,-1,-1
482,2,822.01,669.45,45.21,43.46,1,-1,-1,-1
482,5,1111.64,812.36,42.48,41.28,1,-1,-1,-1
483,2,817.46,669.47,46.11,44.40,1,-1,-1,-1
483,5,1110.13,813.58,38.73,37.75,1,-1,-1,-1
484,2,813.25,668.79,46.40,44.75,1,-1,-1,-1
484,5,1108.61,813.34,41.54,40.50,1,-1,-1,-1
485,2,809.85,670.48,44.44,42.91,1,-1,-1,-1
485,3,419.26,704.30,37.53,35.93,1,-1,-1,-1
485,5,1107.32,812.61,43.36,42.08,1,-1,-1,-1
486,2,806.62,668.40,44.55,42.88,1,-1,-1,-1
486,3,415.16,702.94,38.35,36.67,1,-1,-1,-1
486,5,1105.95,815.56,42.06,40.75,1,-1,-1,-1
487,2,802.52,666.95,46.64,44.87,1,-1,-1,-1
487,3,409.90,702.49,40.46,38.89,1,-1,-1,-1
487,5,1102.93,816.71,43.44,42.22,1,-1,-1,-1
488,2,798.85,666.42,46.66,44.96,1,-1,-1,-1
488,3,406.10,702.31,41.14,39.72,1,-1,-1,-1
488,5,1100.81,817.34,43.53,42.30,1,-1,-1,-1
489,2,797.63,667.51,44.58,43.02,1,-1,-1,-1
489,3,403.45,702.23,41.30,40.03,1,-1,-1,-1
489,5,1097.61,821.08,46.56,45.18,1,-1,-1,-1
490,2,792.98,667.25,47.82,46.30,1,-1,-1,-1
490,3,402.74,703.48,39.60,38.19,1,-1,-1,-1
490,5,1095.30,823.32,47.31,45.84,1,-1,-1,-1
491,2,788.42,667.16,48.98,47.47,1,-1,-1,-1
491,3,401.23,703.95,39.01,37.45,1,-1,-1,-1
491,5,1093.17,826.74,47.61,46.08,1,-1,-1,-1
492,2,787.13,669.06,44.16,42.73,1,-1,-1,-1
492,3,399.21,704.12,38.56,37.17,1,-1,-1,-1
492,5,1092.07,830.62,45.83,44.20,1,-1,-1,-1
493,2,783.74,670.49,44.43,42.85,1,-1,-1,-1
493,3,397.54,705.49,37.73,36.40,1,-1,-1,-1
493,5,1089.06,833.38,45.20,43.46,1,-1,-1,-1
494,2,782.70,673.65,41.67,40.23,1,-1,-1,-1
494,3,397.43,706.66,35.92,34.78,1,-1,-1,-1
494,5,1087.73,837.67,42.88,41.18,1,-1,-1,-1
495,2,779.71,674.43,41.20,39.77,1,-1,-1,-1
495,3,395.45,707.21,35.66,34.53,1,-1,-1,-1
495,5,1085.91,839.20,46.21,44.38,1,-1,-1,-1
496,5,1085.27,840.39,47.39,45.50,1,-1,-1,-1
497,5,1082.20,840.78,49.10,47.23,1,-1,-1,-1
498,5,1080.46,840.87,49.70,47.89,1,-1,-1,-1
499,5,1078.58,840.84,49.86,48.13,1,-1,-1,-1
500,5,1079.27,842.72,42.69,41.03,1,-1,-1,-1
